191,-290,-521,191.349579,-289.998596,-521.93689
-191,-290,-521,-191.349579,-289.998596,-521.93689
1173,80,-1838,1173.11707,80.0065842,-1838.99304
264,-237,103,264.992981,-236.987076,103.118195
-264,-237,103,-264.992859,-236.987076,103.119247
1480,140,-1531,1479.00488,140.016907,-1531.09851
580,-320,-4733,579.533997,-319.973724,-4733.88477
-209,-241,159,-209.692963,-240.940689,159.720963
183,-229,232,183.90799,-228.929443,232.418976
324,-231,-445,324.879669,-230.882294,-445.475586
1493,120,-1573,1492.68469,120.120316,-1573.94897
183,-229,232,183.631912,-228.878311,232.77504
-183,-229,232,-183.637024,-228.878296,232.770844
233,-243,114,233.60025,-242.865128,114.799805
-278,-297,-10,-278.536835,-296.840332,-9.15631294
278,-297,-10,278.538818,-296.840332,-9.15757847
-360,-225,-60,-360.47934,-224.833939,-60.8776245
1173,80,-1838,1172.29517,80.2146072,-1838.70935
-183,-229,232,-183.909027,-228.783844,232.416718
1493,-380,-1518,1493.70032,-379.778595,-1517.28625
-280,-304,-85,-280.820068,-303.77005,-85.5722275
1178,-1212,-1725,1178.9646,-1211.75122,-1724.73633
-111,-312,-1957,-111.981888,-311.747406,-1957.18945
1330,160,-1640,1329.24719,160.255264,-1639.3418
897,-1132,-3143,896.955872,-1131.74231,-3142.00098
1320,-1152,-2782,1320.55176,-1151.70862,-2782.83398
-148,-225,328,-148.985733,-224.706192,328.168182
148,-225,328,148.983795,-224.706177,328.179291
-1459,100,-1963,-1459.71497,100.294655,-1963.6991
-127,-276,-660,-127.9879,-275.70285,-660.15509
127,-276,-660,127.986755,-275.70285,-660.162109
-310,-231,-175,-310.92511,-230.702026,-174.620316
-242,-1472,-1841,-242.181183,-1471.69763,-1841.9834
-127,-276,-660,-127.987862,-275.679871,-660.155273
127,-276,-660,127.984772,-275.67981,-660.173828
965,-300,-1623,964.518555,-299.652527,-1622.12354
0,-298,80,0.153990805,-297.652344,80.9880676
-242,-1472,-1841,-242.93013,-1471.62305,-1841.36707
1185,-380,-1793,1184.03516,-379.621552,-1793.2627
265,-286,-259,265.430115,-285.62149,-259.902771
141,-1205,-2983,140.373657,-1204.60315,-2982.22046
0,-298,80,0.153990805,-297.598877,80.9880295
205,-275,110,205.567017,-274.594727,110.823662
-205,-275,110,-205.566956,-274.594727,110.823708
111,-292,-1449,111.980789,-291.587708,-1448.80493
897,-1132,-3143,896.759766,-1131.5835,-3142.0293
-208,-230,187,-208.764557,-229.576553,187.644547
208,-230,187,208.759399,-229.576553,187.65062
82,-1205,-3029,81.3748703,-1204.56018,-3028.21948
-1021,-994,-3263,-1020.04852,-993.549744,-3262.69238
1185,-380,-1793,1184.297,-379.53064,-1793.71118
1185,-380,-1793,1184.28284,-379.521667,-1793.6969
-1021,-994,-3423,-1020.00287,-993.502869,-3423.0752
205,-275,110,205.693283,-274.501465,110.720665
-205,-275,110,-205.693283,-274.501465,110.720665
1020,-1132,-3020,1019.02905,-1131.49133,-3019.76074
1275,-380,-1883,1274.72974,-379.482513,-1883.96277
164,-229,277,164.790924,-228.480316,277.611908
-164,-229,277,-164.790924,-228.480316,277.611908
1220,-320,-4765,1219.00098,-319.472809,-4765.04297
1220,-320,-4605,1219.00098,-319.472809,-4605.04297
-1220,-320,-4605,-1219.00098,-319.472809,-4605.04297
-1220,-320,-4765,-1219.00098,-319.472809,-4765.04297
-528,-1092,-2681,-527.34668,-1091.47083,-2680.24292
-254,-296,-130,-254.736221,-295.446564,-130.676727
440,-300,-1783,440.031006,-299.44046,-1783.99951
-528,-1092,-2681,-527.34668,-1091.43982,-2680.24292
305,-227,-259,305.57309,-226.437424,-259.819489
-264,-237,103,-264.48288,-236.436996,103.875687
897,-1212,-1622,896.754883,-1211.43555,-1622.96948
-1021,-994,-3263,-1020.00287,-993.423645,-3262.92432
240,-280,80,240.775681,-279.421295,80.6310806
1261,-293,-1938,1260.11572,-292.417847,-1937.53308
280,-304,-85,280.822205,-303.408142,-85.569191
-320,-300,-40,-320.820099,-299.407379,-40.5722084
104,-314,-4543,104.977707,-313.38913,-4543.20996
139,-1204,-3539,139.644699,-1203.38867,-3538.2356
265,-286,-259,265.745605,-285.382416,-259.666382
1240,-300,-2003,1239.17847,-299.374786,-2003.57007
1320,-1152,-2782,1320.88538,-1151.37476,-2782.46484
1320,-1152,-2782,1320.88538,-1151.37476,-2782.46484
1280,-300,-2061,1279.16968,-299.373932,-2061.55713
-281,-220,-310,-281.961456,-219.371613,-309.725067
1400,-1152,-2622,1400.8833,-1151.37146,-2622.46875
-104,-314,-4543,-104.346359,-313.369934,-4543.93799
-281,-220,-310,-281.947418,-219.358765,-310.319977
580,-320,-5342,579.955078,-319.353668,-5341.00146
740,-320,-5342,739.955078,-319.353668,-5341.00146
-740,-320,-5342,-740.042969,-319.353668,-5341.00098
-580,-320,-5342,-580.042969,-319.353668,-5341.00098
-80,-320,-5462,-80.0425262,-319.350128,-5461.00098
80,-320,-5462,79.9558182,-319.350128,-5461.00098
246,-1472,-1574,246.409653,-1471.3429,-1574.91223
1020,-1172,-1912,1019.0293,-1171.34058,-1912.24023
191,-1204,-3583,191.644669,-1203.33923,-3582.2356
880,-1152,-1982,879.444397,-1151.33374,-1981.16858
254,-296,-130,254.735291,-295.329315,-130.677719
246,-1472,-1574,246.924377,-1471.32288,-1573.61853
104,-314,-4543,104.947632,-313.321655,-4543.31934
254,-296,-130,254.993027,-295.320343,-129.882126
1040,-1192,-1902,1039.0293,-1191.31714,-1902.24023
-380,100,-1623,-380.042267,100.691475,-1622.00098
800,-1152,-2622,799.21167,-1151.3053,-2622.61523
111,-312,-1957,111.980713,-311.304077,-1957.19531
1460,-291,-2032,1460.84412,-290.30368,-2032.53613
0,-298,80,-0.154009461,-297.301086,80.9880295
0,-298,80,-0.154009461,-297.301086,80.9880295
110,-1204,-3370,110.556122,-1203.29639,-3369.16895
266,-1212,-1783,266.999084,-1211.29211,-1783.04199
-1021,-994,-3423,-1020.0437,-993.273499,-3423.29224
-324,-231,-445,-324.57605,-230.269943,-445.817413
-104,-314,-4543,-104.961327,-313.260071,-4543.27539
-371,-320,-4627,-370.556946,-319.259949,-4627.89648
304,-265,-80,304.822479,-264.25354,-80.5687943
-1021,-994,-3423,-1020.12762,-993.25116,-3423.48877
-151,-320,-4519,-150.551056,-319.244751,-4519.89355
-340,-1472,-1823,-340.195343,-1471.24377,-1823.98059
-254,-296,-130,-254.993027,-295.231781,-129.882126
254,-296,-130,254.970627,-295.223358,-130.24057
970,-1132,-3125,969.755859,-1131.22314,-3124.03027
-200,-320,-4360,-200.461212,-319.220703,-4359.11279
-254,-296,-130,-254.972549,-295.219299,-130.232605
1230,80,-1895,1229.302,80.7845459,-1895.71606
-340,-1472,-1583,-340.190308,-1471.21533,-1582.01831
1230,80,-1895,1229.29651,80.7971191,-1895.71069
-111,-292,-1449,-111.982124,-291.197113,-1448.81177
970,-1132,-3125,969.754883,-1131.19519,-3124.03052
-120,-300,-550,-120.151772,-299.195007,-550.988403
120,-300,-550,120.138931,-299.194977,-550.990295
104,-314,-4543,104.195976,-313.190033,-4543.98047
261,-292,-178,261.999084,-291.185791,-177.95723
1179,-1172,-1912,1179.97437,-1171.18176,-1912.22449
1141,-1132,-3172,1141.69629,-1131.1814,-3172.71753
-151,-320,-4519,-150.590057,-319.178986,-4519.91211
1275,-380,-1883,1274.29382,-379.174103,-1883.70801
-900,-320,-4765,-900.042969,-319.169495,-4765.99902
-1060,-320,-4765,-1060.04297,-319.169495,-4765.99902
-900,-320,-4765,-900.042969,-319.169495,-4765.99902
1060,-320,-4765,1059.95593,-319.169495,-4765.99902
1060,-320,-4765,1059.95593,-319.169495,-4765.99902
900,-320,-4765,899.955872,-319.169495,-4765.99902
-740,-320,-4765,-740.042969,-319.169495,-4765.99902
-740,-320,-4765,-740.042969,-319.169495,-4765.99902
-900,-320,-4765,-900.042969,-319.169495,-4765.99902
900,-320,-4765,899.955872,-319.169495,-4765.99902
740,-320,-4765,739.955872,-319.169495,-4765.99902
900,-320,-4765,899.955872,-319.169495,-4765.99902
1220,-320,-4765,1219.95593,-319.169495,-4765.99902
1060,-320,-4765,1059.95593,-319.169495,-4765.99902
1220,-320,-4765,1219.95593,-319.169495,-4765.99902
-1060,-320,-4765,-1060.04297,-319.169495,-4765.99902
-1060,-320,-4765,-1060.04297,-319.169495,-4765.99902
-1220,-320,-4765,-1220.04297,-319.169495,-4765.99902
371,-320,-4627,370.536774,-319.167023,-4627.88623
371,-320,-4627,370.536774,-319.162231,-4627.88623
897,-1132,-3143,896.955872,-1131.16211,-3142.00098
-619,-1092,-2602,-618.347534,-1091.16187,-2601.24219
-212,-1472,-1915,-212.390869,-1471.16113,-1915.92041
-216,-1110,-2899,-216.960403,-1109.15869,-2898.72168
-371,-320,-4627,-370.541473,-319.154114,-4627.88867
-1021,-994,-3423,-1021.04297,-993.152283,-3423.99902
-1021,-994,-3423,-1021.04297,-993.151245,-3423.99902
-542,-1092,-2880,-542.830078,-1091.14746,-2880.55762
-1000,-995,-3423,-1000.04297,-994.1474,-3423.99902
-1000,-995,-3423,-1000.04297,-994.1474,-3423.99902
-420,-995,-3423,-420.042267,-994.1474,-3423.99902
1178,-1132,-3040,1178.97461,-1131.14709,-3040.22388
-371,-320,-4627,-370.551056,-319.146942,-4627.89355
540,-1092,-3303,539.955872,-1091.14685,-3303.99902
460,-1092,-3303,459.955841,-1091.14685,-3303.99902
1050,-1132,-3264,1050.69641,-1131.13672,-3264.71753
183,-238,204,183.829193,-237.132599,204.558945
-183,-238,204,-183.826431,-237.132599,204.563034
880,-1152,-2782,879.34668,-1151.13257,-2782.75708
-528,-1092,-2681,-527.34668,-1091.12476,-2680.24292
917,-1132,-3301,917.024109,-1131.12219,-3301.99927
600,-1032,-2502,599.955872,-1031.11792,-2502.99902
800,-1032,-2502,799.955872,-1031.11792,-2502.99902
600,-1032,-2502,599.955872,-1031.11792,-2502.99902
249,-285,-310,249.940277,-284.113403,-310.340363
917,-1132,-3301,917.254883,-1131.11218,-3301.9668
917,-1132,-3301,917.034485,-1131.11023,-3301.99927
183,-238,204,183.789825,-237.10968,204.613327
-183,-238,204,-183.789825,-237.10968,204.613327
-1623,447,-1683,-1623.99902,447.891693,-1682.95605
312,-1212,-1783,311.955841,-1211.10071,-1783.99902
266,-1212,-1783,265.955841,-1211.10071,-1783.99902
385,-1212,-1783,384.955841,-1211.10034,-1783.99902
385,-1212,-1783,384.955841,-1211.10034,-1783.99902
312,-1212,-1783,311.955841,-1211.10034,-1783.99902
-236,-232,145,-236.735199,-231.100006,145.677795
385,-1212,-1623,384.648773,-1211.09937,-1622.06372
385,-1212,-1623,384.648773,-1211.09937,-1622.06372
266,-1212,-1783,265.955841,-1211.09827,-1783.99902
-723,-1092,-2723,-723.659485,-1091.09778,-2723.75171
371,-320,-4627,370.536774,-319.096893,-4627.88623
-160,-260,-570,-160.986755,-259.095764,-570.162109
620,-300,-1783,620.025574,-299.090881,-1783.99951
620,-300,-1783,620.025574,-299.090881,-1783.99951
-840,-1092,-2675,-840.40271,-1091.0874,-2675.91528
-723,-1092,-2723,-723.659485,-1091.08569,-2723.75171
-249,-285,-310,-249.946304,-284.077942,-310.323242
-249,-285,-310,-249.956406,-284.07785,-309.707977
1002,-1212,-1672,1001.28271,-1211.07422,-1672.69678
540,-1092,-3303,539.841187,-1091.07141,-3303.9873
540,-1112,-3283,539.853821,-1111.07104,-3283.98926
266,-300,-1783,265.955841,-299.070679,-1783.99902
440,-300,-1783,439.955841,-299.070343,-1783.99902
266,-300,-1783,265.955841,-299.070343,-1783.99902
970,-1132,-3125,969.288025,-1131.07031,-3124.29785
-240,-280,80,-240.783722,-279.070038,80.6211014
965,-300,-1783,964.955872,-299.069977,-1783.99902
620,-300,-1783,619.955872,-299.069977,-1783.99902
965,-300,-1783,964.955872,-299.069977,-1783.99902
-104,-314,-4336,-104.987854,-313.068512,-4335.84473
-632,-1092,-2802,-632.661987,-1091.06519,-2802.74951
-120,-300,-550,-120.997055,-299.064941,-550.07666
460,-1092,-3303,459.955841,-1091.06372,-3303.99902
460,-1092,-3303,459.955841,-1091.06372,-3303.99902
380,-1092,-3303,379.955841,-1091.06372,-3303.99902
1400,-1152,-2622,1400.77686,-1151.05994,-2622.62964
1440,-300,-2061,1440.99902,-299.058685,-2061.04297
1440,-300,-2061,1440.99902,-299.058685,-2061.04297
1440,-300,-2118,1440.99902,-299.058685,-2118.04297
120,-300,-550,120.99688,-299.057983,-550.078918
-620,100,-1783,-620.042969,100.942665,-1783.99902
-802,100,-1783,-802.042969,100.942665,-1783.99902
-802,100,-1783,-802.042969,100.942665,-1783.99902
-80,-320,-2083,-80.9838638,-319.056793,-2083.17871
-802,100,-1783,-802.042969,100.943359,-1783.99902
-104,-314,-4336,-104.145348,-313.056305,-4335.01074
200,-320,-4360,200.145798,-319.055939,-4359.01074
80,-320,-2083,80.980835,-319.055878,-2083.19482
897,-1212,-1622,896.955872,-1211.05408,-1622.99902
-632,-1092,-2802,-632.658325,-1091.0531,-2802.75269
897,-1212,-1622,896.955872,-1211.05029,-1622.99902
-619,-1092,-2602,-618.143799,-1091.04858,-2601.4834
278,-297,-10,278.723419,-296.04834,-9.30959129
-802,100,-1783,-802.042969,100.951813,-1783.99902
-925,100,-1783,-925.042969,100.951813,-1783.99902
970,-1212,-1640,969.759766,-1211.047,-1640.9707
320,-300,-40,320.822144,-299.045502,-40.5692253
266,-1212,-1623,266.999084,-1211.04541,-1623.04199
-1440,100,-2284,-1440.99902,100.954666,-2284.04297
-1440,100,-2133,-1440.99902,100.954666,-2133.04297
-1440,100,-2133,-1440.99902,100.954666,-2133.04297
-1440,100,-2133,-1440.99902,100.954666,-2133.04297
-1440,100,-2133,-1440.99902,100.954666,-2133.04297
-1440,100,-1983,-1440.99902,100.954666,-1983.04297
-1440,100,-2963,-1440.99902,100.954666,-2963.04297
-1440,100,-2284,-1440.99902,100.954666,-2284.04297
-1440,100,-2284,-1440.99902,100.954666,-2284.04297
-620,100,-1783,-620.038086,100.955788,-1783.99927
1178,-1132,-3040,1178.95862,-1131.0437,-3040.28418
1141,-1212,-1592,1141.95776,-1211.03931,-1591.71289
-1280,100,-2133,-1279.00867,100.961754,-2133.1311
162,-320,-4520,161.558914,-319.037537,-4520.89746
1160,-1192,-1902,1160.97644,-1191.03723,-1902.21558
1002,-1212,-1672,1001.28455,-1211.03687,-1672.69861
970,-1212,-1640,969.285339,-1211.03687,-1640.69946
-740,-320,-5182,-740.999023,-319.036133,-5182.04297
-740,-320,-5182,-740.999023,-319.036133,-5182.04297
-740,-320,-5022,-740.999023,-319.036133,-5022.04297
740,-320,-5022,740.999023,-319.036133,-5022.04297
740,-320,-5182,740.999023,-319.036133,-5182.04297
740,-320,-5022,740.999023,-319.036133,-5022.04297
-740,-320,-5022,-740.999023,-319.036133,-5022.04297
-740,-320,-4765,-740.999023,-319.036133,-4765.04297
-740,-320,-5022,-740.999023,-319.036133,-5022.04297
740,-320,-4765,740.999023,-319.036133,-4765.04297
740,-320,-4765,740.999023,-319.036133,-4765.04297
740,-320,-5022,740.999023,-319.036133,-5022.04297
740,-320,-5182,740.999023,-319.036133,-5182.04297
740,-320,-5182,740.999023,-319.036133,-5182.04297
740,-320,-5342,740.999023,-319.036133,-5342.04297
-740,-320,-5342,-740.999023,-319.036133,-5342.04297
-740,-320,-5182,-740.999023,-319.036133,-5182.04297
-740,-320,-5342,-740.999023,-319.036133,-5342.04297
212,-1472,-1491,212.369675,-1471.0321,-1490.07092
-270,-286,-445,-270.507629,-285.028473,-445.861572
270,-286,-445,270.493561,-285.028473,-445.86969
-723,-1092,-2723,-723.388977,-1091.02783,-2723.92114
460,-1092,-3303,459.955841,-1091.02747,-3303.99902
80,-300,-790,80.9887619,-299.025726,-790.149414
-80,-300,-790,-80.9878616,-299.025726,-790.155212
820,-1212,-1462,820.038086,-1211.02405,-1461.00073
-683,-1092,-2494,-682.156494,-1091.0238,-2493.46289
380,-1092,-3143,379.955841,-1091.02332,-3142.00098
249,-285,-310,249.958511,-284.016418,-309.714966
-80,-320,-2443,-80.999054,-319.014191,-2443.04297
-80,-320,-2083,-80.999054,-319.014191,-2083.04297
-80,-320,-2443,-80.999054,-319.014191,-2443.04297
-80,-320,-2782,-80.999054,-319.014191,-2782.04297
-80,-320,-2443,-80.999054,-319.014191,-2443.04297
-80,-320,-2782,-80.999054,-319.014191,-2782.04297
-80,-320,-3983,-80.999054,-319.014191,-3983.04297
-80,-320,-3983,-80.999054,-319.014191,-3983.04297
-80,-320,-3662,-80.999054,-319.014191,-3662.04297
-80,-320,-5302,-80.999054,-319.014191,-5302.04297
-80,-320,-5302,-80.999054,-319.014191,-5302.04297
-80,-320,-5142,-80.999054,-319.014191,-5142.04297
-80,-320,-3983,-80.999054,-319.014191,-3983.04297
-80,-320,-3983,-80.999054,-319.014191,-3983.04297
-80,-320,-4143,-80.999054,-319.014191,-4143.04297
-80,-320,-4240,-80.999054,-319.014191,-4240.04297
-80,-320,-4240,-80.999054,-319.014191,-4240.04297
-80,-320,-4143,-80.999054,-319.014191,-4143.04297
-80,-320,-5142,-80.999054,-319.014191,-5142.04297
-80,-320,-5142,-80.999054,-319.014191,-5142.04297
-80,-320,-4872,-80.999054,-319.014191,-4872.04297
-80,-320,-4872,-80.999054,-319.014191,-4872.04297
-80,-320,-4872,-80.999054,-319.014191,-4872.04297
-80,-320,-4600,-80.999054,-319.014191,-4600.04297
-80,-320,-5462,-80.999054,-319.014191,-5462.04297
-80,-320,-5302,-80.999054,-319.014191,-5302.04297
-80,-320,-5462,-80.999054,-319.014191,-5462.04297
-80,-300,-1126,-80.999054,-299.01355,-1126.04297
-80,-300,-790,-80.999054,-299.01355,-790.042969
-80,-300,-790,-80.999054,-299.01355,-790.042969
-80,-300,-1323,-80.999054,-299.01355,-1323.04297
-80,-300,-1323,-80.999054,-299.01355,-1323.04297
-80,-300,-1126,-80.999054,-299.01355,-1126.04297
80,-320,-2083,80.9999161,-319.013336,-2083.0127
80,-320,-2083,80.9999161,-319.013336,-2083.0127
80,-320,-2443,80.9999161,-319.013336,-2443.0127
80,-320,-2443,80.9999161,-319.013336,-2443.0127
80,-320,-2443,80.9999161,-319.013336,-2443.0127
80,-320,-2782,80.9999161,-319.013336,-2782.0127
80,-320,-3662,80.9999161,-319.013336,-3662.0127
80,-320,-3983,80.9999161,-319.013336,-3983.0127
80,-320,-3662,80.9999161,-319.013336,-3662.0127
80,-320,-5142,80.9999161,-319.013336,-5142.0127
80,-320,-5302,80.9999161,-319.013336,-5302.0127
80,-320,-5142,80.9999161,-319.013336,-5142.0127
80,-320,-3983,80.9999161,-319.013336,-3983.0127
80,-320,-4143,80.9999161,-319.013336,-4143.0127
80,-320,-4143,80.9999161,-319.013336,-4143.0127
80,-320,-4143,80.9999161,-319.013336,-4143.0127
80,-320,-4143,80.9999161,-319.013336,-4143.0127
80,-320,-4240,80.9999161,-319.013336,-4240.0127
80,-320,-4600,80.9999161,-319.013336,-4600.0127
80,-320,-4600,80.9999161,-319.013336,-4600.0127
80,-320,-4872,80.9999161,-319.013336,-4872.0127
80,-320,-5142,80.9999161,-319.013336,-5142.0127
80,-320,-5142,80.9999161,-319.013336,-5142.0127
80,-320,-4872,80.9999161,-319.013336,-4872.0127
80,-320,-5302,80.9999161,-319.013336,-5302.0127
80,-320,-5302,80.9999161,-319.013336,-5302.0127
80,-320,-5462,80.9999161,-319.013336,-5462.0127
80,-300,-1126,80.9999161,-299.012695,-1126.0127
80,-300,-1126,80.9999161,-299.012695,-1126.0127
80,-300,-790,80.9999161,-299.012695,-790.012695
80,-300,-1126,80.9999161,-299.012695,-1126.0127
80,-300,-1323,80.9999161,-299.012695,-1323.0127
80,-300,-1126,80.9999161,-299.012695,-1126.0127
1050,-1132,-3264,1050.25879,-1131.01099,-3264.96582
104,-314,-4336,104.984833,-313.008911,-4335.82666
1159,-1152,-3037,1159.97827,-1151.00708,-3037.20703
820,-1212,-1622,820.338867,-1211.00647,-1622.9408
820,-1212,-1622,820.338867,-1211.00647,-1622.9408
1141,-1132,-3172,1141.9646,-1131.00537,-3172.26367
970,-1212,-1640,969.759277,-1211.00244,-1640.97058
80,-320,-4240,80.988739,-318.996765,-4239.85059
-249,-285,-310,-249.978683,-283.996246,-310.205353
380,-1092,-3143,379.955841,-1090.99512,-3142.00098
460,-1092,-3143,459.955841,-1090.99512,-3142.00098
540,-1092,-3143,539.955872,-1090.99512,-3142.00098
460,-1092,-3143,459.955841,-1090.99512,-3142.00098
-380,100,-1783,-380.195374,101.005539,-1783.98071
-580,-320,-5022,-579.000977,-318.992371,-5022.04297
-580,-320,-5182,-579.000977,-318.992371,-5182.04297
-580,-320,-5022,-579.000977,-318.992371,-5022.04297
580,-320,-5182,579.000977,-318.992371,-5182.04297
580,-320,-5182,579.000977,-318.992371,-5182.04297
580,-320,-5022,579.000977,-318.992371,-5022.04297
-580,-320,-4733,-579.000977,-318.992371,-4733.04297
-580,-320,-4733,-579.000977,-318.992371,-4733.04297
-580,-320,-5022,-579.000977,-318.992371,-5022.04297
580,-320,-5022,579.000977,-318.992371,-5022.04297
580,-320,-4733,579.000977,-318.992371,-4733.04297
580,-320,-5022,579.000977,-318.992371,-5022.04297
580,-320,-5342,579.000977,-318.992371,-5342.04297
580,-320,-5182,579.000977,-318.992371,-5182.04297
580,-320,-5342,579.000977,-318.992371,-5342.04297
-580,-320,-5182,-579.000977,-318.992371,-5182.04297
-580,-320,-5182,-579.000977,-318.992371,-5182.04297
-580,-320,-5342,-579.000977,-318.992371,-5342.04297
-249,-285,-310,-249.986771,-283.988037,-309.837891
312,-1212,-1623,311.955841,-1210.98743,-1622.00098
385,-1212,-1623,384.955841,-1210.98743,-1622.00098
312,-1212,-1623,311.955841,-1210.98743,-1622.00098
266,-1212,-1623,265.955841,-1210.98596,-1622.00098
312,-1212,-1623,311.955841,-1210.98596,-1622.00098
-925,100,-1783,-924.299805,101.01651,-1783.71387
-945,100,-1803,-944.301758,101.01651,-1803.71582
-925,100,-1783,-924.300842,101.02372,-1783.71497
-261,-292,-178,-261.48642,-290.975128,-177.126282
-380,100,-1623,-380.190308,101.030388,-1622.01831
1280,-300,-2118,1279.00098,-298.968475,-2118.04297
1280,-300,-2061,1279.00098,-298.968475,-2061.04297
1280,-300,-2061,1279.00098,-298.968475,-2061.04297
266,-1212,-1623,265.955841,-1210.96667,-1622.00098
0,-1472,-2003,0.377072275,-1470.96313,-2003.92615
0,-1472,-2003,-0.377072275,-1470.96277,-2003.92615
212,-1472,-1915,212.369781,-1470.96265,-1915.92896
0,-1472,-2003,-0.377072275,-1470.96167,-2003.92615
800,-1032,-2262,799.955872,-1030.96033,-2261.00098
600,-1032,-2262,599.955872,-1030.96033,-2261.00098
600,-1032,-2262,599.955872,-1030.96033,-2261.00098
266,-300,-1623,265.955841,-298.957153,-1622.00098
440,-300,-1623,439.955841,-298.957153,-1622.00098
266,-300,-1623,265.955841,-298.957153,-1622.00098
620,-300,-1623,619.955872,-298.957153,-1622.00098
965,-300,-1623,964.955872,-298.957153,-1622.00098
965,-300,-1623,964.955872,-298.957153,-1622.00098
-620,100,-1623,-620.042969,101.043831,-1622.00098
-620,100,-1623,-620.042969,101.043831,-1622.00098
-1280,100,-2284,-1279.00098,101.044785,-2284.04297
-1280,100,-2284,-1279.00098,101.044785,-2284.04297
-1280,100,-2133,-1279.00098,101.044785,-2133.04297
-1280,100,-2963,-1279.00098,101.044785,-2963.04297
-1280,100,-2963,-1279.00098,101.044785,-2963.04297
-1280,100,-2284,-1279.00098,101.044785,-2284.04297
1141,-1212,-1592,1141.9646,-1210.95337,-1591.73633
200,-320,-4360,200.452759,-318.951843,-4359.1084
80,-300,-1323,80.9810791,-298.948975,-1322.8064
-80,-300,-1323,-80.9821243,-298.948914,-1322.81177
1280,-300,-2061,1279.05347,-298.944794,-2061.32251
540,-1092,-3143,539.853821,-1090.9447,-3142.01074
540,-1092,-3143,539.853821,-1090.9447,-3142.01074
1050,-1212,-1501,1050.26172,-1210.94458,-1500.03491
-1440,100,-2963,-1440.98438,101.055519,-2962.82397
-925,100,-1623,-925.042969,101.056091,-1622.00098
-802,100,-1623,-802.042969,101.056091,-1622.00098
-802,100,-1623,-802.042969,101.056091,-1622.00098
-802,100,-1623,-802.042969,101.056091,-1622.00098
-620,100,-1623,-620.042969,101.056091,-1622.00098
-802,100,-1623,-802.042969,101.056091,-1622.00098
1400,-1152,-2142,1400.78528,-1150.94373,-2141.38086
-1460,105,-3043,-1460.98145,106.057281,-3042.80835
1050,-1212,-1501,1050.26282,-1210.94189,-1500.03516
120,-300,-550,120.495186,-298.93866,-550.868774
-80,-320,-4600,-80.9768295,-318.935455,-4600.21387
620,-300,-1623,619.955872,-298.934296,-1622.00098
-104,-314,-4336,-104.186241,-312.932678,-4335.01758
-1021,-994,-3263,-1021.04297,-992.929749,-3262.00098
-1280,100,-1983,-1279.2843,101.071571,-1983.69836
-212,-1472,-1915,-212.930084,-1470.92786,-1915.36719
-242,-1472,-1841,-242.93013,-1470.92749,-1841.36707
246,-1472,-1832,246.920044,-1470.92676,-1832.3916
160,-260,-570,160.472458,-258.926178,-570.881348
-1000,-995,-3263,-1000.04297,-993.925903,-3262.00098
-420,-995,-3263,-420.042267,-993.925903,-3262.00098
1129,-293,-1804,1128.74451,-291.925232,-1804.9668
200,-320,-4360,200.44696,-318.92276,-4359.10547
212,-1472,-1491,212.92009,-1470.91809,-1490.6084
-435,-1092,-2761,-434.938538,-1090.91748,-2760.00195
-420,-995,-3263,-420.042267,-993.917419,-3262.00098
-1021,-994,-3263,-1021.04297,-992.917358,-3262.00098
820,-1212,-1462,819.648438,-1210.91516,-1461.06384
540,-1092,-3143,539.955872,-1090.91431,-3142.00098
965,-300,-1623,964.754883,-298.913574,-1622.03052
-290,-236,62,-290.930359,-234.910858,62.366642
-242,-1472,-1564,-242.200668,-1470.90723,-1563.02039
820,-1132,-3143,819.955872,-1130.90637,-3142.00098
800,-1152,-2142,799.21167,-1150.89905,-2141.38477
236,-232,145,236.97467,-230.895523,145.223587
-236,-232,145,-236.97467,-230.895523,145.223587
-261,-292,-178,-261.769592,-290.891479,-177.361481
-435,-1092,-2761,-434.353821,-1090.88367,-2760.23682
104,-314,-4336,104.158211,-312.88327,-4335.0127
-324,-231,-445,-324.885712,-229.882599,-445.464233
-104,-314,-4336,-104.983887,-312.875549,-4335.82129
100,-1472,-1643,100.413361,-1470.86951,-1643.91052
-242,-1472,-1564,-242.93013,-1470.86938,-1563.63281
-242,-1472,-1564,-242.926147,-1470.86768,-1563.62305
1002,-1132,-3092,1001.02515,-1130.86707,-3091.77734
249,-285,-310,249.987885,-283.862823,-309.844879
-120,-300,-550,-120.495613,-298.862366,-550.86853
-840,-1092,-2675,-840.389221,-1090.86096,-2675.92114
-1060,-320,-4605,-1060.04297,-318.858765,-4604.00098
-1060,-320,-4605,-1060.04297,-318.858765,-4604.00098
-900,-320,-4605,-900.042969,-318.858765,-4604.00098
900,-320,-4605,899.955872,-318.858765,-4604.00098
1060,-320,-4605,1059.95593,-318.858765,-4604.00098
900,-320,-4605,899.955872,-318.858765,-4604.00098
-900,-320,-4605,-900.042969,-318.858765,-4604.00098
-679,-320,-4605,-679.042969,-318.858765,-4604.00098
-900,-320,-4605,-900.042969,-318.858765,-4604.00098
679,-320,-4605,678.955872,-318.858765,-4604.00098
679,-320,-4605,678.955872,-318.858765,-4604.00098
900,-320,-4605,899.955872,-318.858765,-4604.00098
1060,-320,-4605,1059.95593,-318.858765,-4604.00098
1060,-320,-4605,1059.95593,-318.858765,-4604.00098
1220,-320,-4605,1219.95593,-318.858765,-4604.00098
-1220,-320,-4605,-1220.04297,-318.858765,-4604.00098
-1060,-320,-4605,-1060.04297,-318.858765,-4604.00098
-1220,-320,-4605,-1220.04297,-318.858765,-4604.00098
1040,-1152,-3022,1039.02136,-1150.8573,-3022.20557
-440,-320,-4482,-440.473297,-318.857056,-4481.11914
-265,-286,-259,-265.432037,-284.855377,-259.901855
-1280,100,-2963,-1279.01831,101.147034,-2962.80957
-440,-320,-4482,-440.461212,-318.847504,-4481.11279
1428,160,-1738,1428.65833,161.154022,-1738.75269
-319,-237,22,-319.732574,-235.845703,22.680685
319,-237,22,319.741394,-235.845657,22.6710625
-1260,105,-3042,-1259.01758,106.155563,-3041.81348
-542,-1092,-2880,-542.65918,-1090.84412,-2880.75195
-679,-320,-4605,-679.464905,-318.841797,-4604.11475
-679,-320,-4605,-679.464905,-318.841797,-4604.11475
679,-320,-4605,679.44751,-318.841797,-4604.10596
-440,-320,-4482,-440.459381,-318.840057,-4481.11182
440,-320,-4482,440.459381,-318.840057,-4481.11182
440,-320,-4482,440.459381,-318.840057,-4481.11182
917,-1212,-1463,917.040833,-1210.83984,-1462.00085
-212,-1472,-1491,-212.388855,-1470.8363,-1490.07874
0,-1472,-1403,0.378021836,-1470.83606,-1402.07422
1440,-300,-2061,1440.78833,-298.835968,-2061.61523
0,-1472,-1403,0.378021836,-1470.8324,-1402.07422
-212,-1472,-1491,-212.388855,-1470.83118,-1490.07874
-265,-286,-259,-265.745605,-284.831146,-259.666382
-261,-292,-178,-261.998993,-290.830444,-177.955139
290,-236,62,290.933289,-234.829956,62.3591232
1020,-1132,-3020,1019.02515,-1130.8252,-3020.22266
-263,-286,-360,-263.432037,-284.823761,-359.098145
385,-1212,-1783,385.341431,-1210.82214,-1783.93982
120,-300,-550,120.977699,-298.82016,-550.209961
-683,-1092,-2494,-682.143799,-1090.81909,-2493.4834
-319,-237,22,-319.60434,-235.813263,22.7967262
236,-232,145,236.734314,-230.811859,145.678802
820,-1212,-1622,819.955872,-1210.79443,-1622.99902
-435,-1092,-2761,-434.353546,-1090.79285,-2760.23706
-263,-286,-360,-263.720581,-284.79187,-359.306641
-632,-1092,-2802,-632.65918,-1090.78882,-2802.75195
-120,-300,-550,-120.97686,-298.780121,-550.213867
1020,-1212,-1745,1019.02905,-1210.77197,-1745.23926
246,-1472,-1832,246.410736,-1470.77026,-1831.08826
0,-1472,-2003,0.377072275,-1470.76294,-2003.92615
360,-225,-60,360.647675,-223.759384,-60.7619133
1400,-1152,-2142,1400.8833,-1150.75549,-2141.53125
1320,-1152,-1982,1320.88538,-1150.75537,-1981.53516
1400,-1152,-2142,1400.8833,-1150.75208,-2141.53125
-340,-1472,-1823,-339.835236,-1470.74841,-1823.98633
270,-286,-445,270.99292,-284.747772,-445.118774
-270,-286,-445,-270.993835,-284.747742,-445.110748
263,-286,-360,263.718903,-284.740051,-359.304901
249,-285,-310,249.979706,-283.724915,-310.200317
1550,-380,-1573,1550.6969,-378.723083,-1572.28284
310,-231,-175,310.927185,-229.7229,-174.625397
1550,-380,-1573,1550.6969,-378.716705,-1572.28284
-1440,100,-1983,-1440.71582,101.293724,-1983.69824
286,-252,30,286.712616,-250.703278,30.7015533
-286,-252,30,-286.715179,-250.703247,30.6989384
-560,-1392,-1703,-560.998962,-1390.69922,-1703.04297
-560,-1392,-1523,-560.998962,-1390.69922,-1523.04297
-560,-1392,-1703,-560.998962,-1390.69922,-1703.04297
-560,-1392,-1883,-560.998962,-1390.69922,-1883.04297
-560,-1392,-1703,-560.998962,-1390.69922,-1703.04297
-500,-1472,-1833,-500.998962,-1470.69812,-1833.04297
-500,-1472,-1833,-500.998962,-1470.69812,-1833.04297
-500,-1472,-1573,-500.998962,-1470.69812,-1573.04297
270,-286,-445,270.964569,-284.697876,-445.263763
-270,-286,-445,-270.964569,-284.697876,-445.263763
880,-1152,-1982,879.10498,-1150.69458,-1981.55408
-380,100,-1783,-380.042267,101.3078,-1783.99902
-380,100,-1783,-380.042267,101.3078,-1783.99902
800,-1152,-2142,799.094299,-1150.69141,-2141.57617
353,-224,-43,353.933228,-222.687637,-42.6407471
880,-1152,-1982,879.10498,-1150.68579,-1981.55408
100,-1472,-1763,100.999901,-1470.68481,-1763.0127
100,-1472,-1763,100.999901,-1470.68481,-1763.0127
100,-1472,-1643,100.999901,-1470.68481,-1643.0127
261,-292,-178,261.759583,-290.684326,-177.349594
917,-1212,-1463,917.259644,-1210.68042,-1462.0343
-1440,100,-1983,-1440.71497,101.327698,-1983.6991
342,-235,-20,342.853485,-233.66098,-19.4788837
-360,-228,-400,-360.796814,-226.656265,-400.604187
0,-1472,-1403,-0.391104341,-1470.63684,-1402.07971
261,-292,-178,261.475525,-290.6362,-177.1203
-340,-1472,-1583,-339.835236,-1470.62903,-1582.01367
263,-286,-360,263.416992,-284.616974,-359.091095
-212,-1472,-1491,-212.926147,-1470.61597,-1490.62305
1141,-1132,-3172,1141.95874,-1130.60779,-3172.28369
-945,440,-1773,-944.008606,441.399597,-1773.13086
-420,-995,-3423,-420.711975,-993.595154,-3423.7019
440,-320,-4482,440.46225,-318.586304,-4481.11328
440,-300,-1623,439.955841,-298.584686,-1622.00098
440,-300,-1623,439.955841,-298.584686,-1622.00098
-925,100,-1623,-924.301758,101.419037,-1622.28418
-945,100,-1603,-944.301758,101.419037,-1602.28418
-925,100,-1623,-924.301758,101.419037,-1622.28418
917,-1212,-1463,917.041016,-1210.57544,-1462.00085
-1260,100,-1963,-1259.28284,101.427849,-1963.6969
820,-1132,-3303,820.032776,-1130.5708,-3303.99927
-269,-1112,-3082,-269.958405,-1110.56104,-3081.71484
322,-256,-5,322.55838,-254.555664,-4.17041492
-322,-256,-5,-322.559937,-254.555664,-4.17146492
1320,-1152,-1982,1320.55725,-1150.55396,-1981.16968
188,-219,208,188.63147,-217.529053,208.775391
-188,-219,208,-188.625412,-217.529053,208.780289
-460,-1392,-1883,-459.955841,-1390.52637,-1883.99902
1493,120,-1573,1492.0498,121.476273,-1573.31152
212,-1472,-1915,212.920044,-1470.52185,-1915.3916
1578,-320,-1546,1578.70728,-318.513489,-1545.29309
1440,-300,-2061,1440.81384,-298.503265,-2061.58105
1563,320,-1701,1563.76294,321.497009,-1701.64636
1480,-300,-2003,1480.81372,-298.5,-2003.58105
1050,-1212,-1501,1050.69812,-1210.49719,-1500.28406
1050,-1212,-1501,1050.69812,-1210.49402,-1500.28406
1141,-1212,-1592,1141.69727,-1210.49402,-1591.2832
-233,-243,114,-233.604218,-241.487534,114.796806
160,-260,-570,160.987839,-258.480377,-570.155273
-460,-1392,-1883,-460.042267,-1390.47888,-1883.9989
-560,-1392,-1883,-560.042969,-1390.47888,-1883.9989
-160,-260,-570,-160.200516,-258.477295,-570.979675
160,-260,-570,160.200516,-258.477295,-570.979675
1521,-320,-1490,1521.69751,-318.473633,-1489.28345
1578,-320,-1546,1578.69702,-318.47287,-1545.28296
-281,-220,-310,-281.901855,-218.459122,-310.432007
188,-219,208,188.995972,-217.457626,208.089523
100,-1472,-1643,100.549545,-1470.45361,-1643.83545
1050,-1132,-3264,1050.69678,-1130.4491,-3264.71729
-460,-1392,-1523,-459.939514,-1390.43347,-1522.00183
-281,-220,-310,-281.858551,-218.416351,-309.487274
1179,-1172,-1912,1179.63281,-1170.4071,-1911.22571
-560,-1392,-1523,-560.042969,-1390.40259,-1522.00098
-460,-1392,-1523,-460.042267,-1390.40259,-1522.00098
1050,-1132,-3264,1050.25781,-1130.40015,-3264.96606
-1283,320,-1946,-1283.34961,321.60257,-1946.93689
-288,-243,-490,-288.985748,-241.393448,-490.168121
288,-244,-490,288.983856,-242.393417,-490.178955
1002,-1212,-1672,1001.02515,-1210.38367,-1672.22266
100,-1472,-1763,100.555267,-1470.37842,-1762.16833
1002,-1132,-3092,1001.28534,-1130.37195,-3091.30054
290,-236,62,290.692902,-234.359329,62.7210197
-290,-236,62,-290.691986,-234.359329,62.7218971
1002,-1212,-1672,1001.03009,-1210.35828,-1672.24341
-1170,320,-1986,-1170.33911,321.65448,-1986.94067
1002,-1132,-3092,1001.28271,-1130.33838,-3091.30322
1230,80,-1895,1229.00964,81.6771851,-1894.86157
-254,108,-1815,-254.201096,109.686119,-1815.97949
100,-1472,-1763,100.413361,-1470.297,-1762.08948
-303,-226,-257,-303.531128,-224.286026,-257.84729
-340,-1472,-1823,-339.937561,-1470.27319,-1823.99805
324,-231,-445,324.562988,-229.270096,-445.826447
-500,-1472,-1833,-499.939545,-1470.26953,-1833.99817
-340,-1472,-1583,-339.937561,-1470.24866,-1582.00195
-500,-1472,-1573,-499.939545,-1470.245,-1572.00183
288,-236,-130,288.995972,-234.243896,-129.910339
1002,-1132,-3092,1001.02905,-1130.16248,-3091.76074
-420,-995,-3263,-420.836548,-993.155518,-3262.45215
-360,-225,-60,-360.647675,-223.152054,-60.7619133
-288,-236,-130,-288.99588,-234.149521,-129.909332
283,-222,-310,283.959045,-220.090424,-309.716766
1331,320,-1522,1330.00098,321.911682,-1521.95605
-1170,320,-1986,-1169.71582,321.995209,-1986.95874
310,-231,-175,310.533844,-228.963684,-174.154419
-310,-231,-175,-310.533844,-228.963684,-174.154419
-254,108,-1591,-254.190308,110.053787,-1590.01831
-288,-243,-490,-288.562988,-240.927536,-490.826447
-288,-236,-130,-288.83725,-233.892899,-130.546799
305,-227,-360,305.587555,-224.888138,-359.190826
800,-924,-2143,799.071838,-921.872803,-2142.62793
1225,-80,-2003,1224.11572,-77.8613052,-2002.53308
349,-255,-49,349.649017,-252.858429,-49.7607689
-349,-255,-49,-349.663635,-252.858429,-49.7480469
-342,-235,-20,-342.853485,-232.846695,-19.4788837
-1226,443,-1315,-1225.84668,445.164154,-1314.01184
342,-235,-20,342.863678,-232.835159,-19.4959564
-342,-235,-20,-342.866547,-232.835159,-19.5009041
1606,160,-1603,1605.92358,162.172241,-1603.99707
288,-236,-130,288.831268,-233.798447,-130.555862
-304,-265,-80,-304.822479,-262.785156,-80.5687943
-188,-219,208,-188.99588,-216.77124,208.090591
-212,448,-1491,-212.749329,450.29834,-1490.33789
-160,-260,-570,-160.472458,-257.694275,-570.881348
360,-228,-400,360.790833,-225.656296,-400.61203
360,-225,-60,360.477478,-222.641144,-60.878643
-151,-320,-4519,-151.218658,-317.630005,-4519.97559
-1045,435,-1343,-1044.30176,437.372162,-1342.28418
1466,160,-1461,1465.00195,162.404175,-1461.06152
1331,320,-1522,1330.36658,322.406525,-1521.2262
242,-222,120,242.997986,-219.577484,120.063385
-1285,436,-1243,-1284.97656,438.42276,-1242.00037
-320,-232,-81,-320.853363,-229.573669,-81.5212555
-242,-222,120,-242.997971,-219.564545,120.06366
283,-222,-310,283.887817,-219.546799,-309.539825
-1170,320,-1986,-1169.63086,322.455536,-1986.92932
-304,-265,-80,-304.766541,-262.537933,-80.642189
304,-265,-80,304.770844,-262.537842,-80.6370239
-1039,320,-1946,-1038.71582,322.482208,-1946.95874
319,-237,22,319.601135,-234.491318,22.7991467
360,-230,-220,360.678314,-227.477249,-219.265228
-1285,436,-1243,-1284.9845,438.618073,-1242.00012
264,-237,103,264.488464,-234.368942,103.872574
305,-227,-360,305.501404,-224.354523,-359.134796
-305,-227,-360,-305.501404,-224.354523,-359.134796
283,-222,-310,283.940674,-219.350128,-310.339294
-297,-1015,-3567,-297.750671,-1012.3324,-3566.33936
1261,-293,-1938,1260.00098,-290.3172,-1938.04333
-1107,537,-1440,-1106.15466,539.693542,-1439.46582
190,-800,-2782,190.624512,-797.215027,-2781.21899
760,-924,-2526,759.073792,-921.212158,-2526.37695
800,-924,-2622,799.073792,-921.210938,-2622.37695
-285,-1015,-3113,-285.754395,-1012.20337,-3113.65625
-1039,320,-1946,-1038.30188,322.851562,-1946.71594
-945,440,-1553,-944.008606,442.89856,-1552.86914
-190,-1015,-3223,-190.999039,-1012.10083,-3223.04297
-128,-211,351,-128.967514,-208.061813,351.252777
128,-211,351,128.963989,-208.054047,351.2659
-285,-1015,-3113,-285.042267,-1012.04523,-3113.99902
-380,-1015,-3113,-380.042267,-1012.04523,-3113.99902
-212,448,-1915,-212.749359,450.95755,-1915.66199
-945,440,-1443,-944.000977,442.965332,-1443.04297
-945,440,-1553,-944.000977,442.965332,-1553.04297
-1623,447,-1683,-1623.99902,449.973846,-1683.04297
190,-800,-3662,190.557968,-796.991089,-3662.82959
-305,-227,-360,-305.587555,-223.978821,-359.190826
-1039,320,-1946,-1038.2832,323.033997,-1946.69727
283,-222,-310,283.88678,-218.96521,-310.462189
760,-924,-2238,759.073792,-920.964294,-2237.62305
-945,440,-1553,-944.000977,443.037781,-1553.04358
288,-244,-490,288.556946,-240.927536,-490.830505
-190,-1015,-3223,-190.999069,-1011.80865,-3223.04297
-190,-1015,-3443,-190.999069,-1011.80865,-3443.04297
1563,320,-1701,1562.95593,323.305023,-1701.99902
-1175,520,-1343,-1174.21118,523.377075,-1342.38538
1460,-291,-2032,1460.78052,-287.608002,-2032.62488
-242,-222,120,-242.416397,-218.591339,120.90918
242,-222,120,242.418991,-218.591263,120.90799
-190,-1015,-3443,-190.764984,-1011.5116,-3442.35596
-128,-211,351,-128.656601,-207.481781,351.754211
170,-180,-590,170.560974,-176.468643,-590.82782
293,-222,37,293.371643,-218.394516,37.9283714
-293,-222,37,-293.376617,-218.394455,37.9263687
269,-222,80,269.999115,-218.38739,79.9579391
-1565,444,-1343,-1565.80945,447.655426,-1342.41284
-964,320,-1766,-963.000977,323.682434,-1766.04297
-964,320,-1871,-963.000977,323.682434,-1871.04297
-1045,435,-1343,-1044.89197,438.685303,-1342.00586
215,-219,163,215.534088,-215.24675,163.845428
-215,-219,163,-215.534088,-215.24675,163.845428
-360,-230,-220,-360.675903,-226.181122,-219.263016
-216,-119,164,-216.636505,-115.119659,164.771271
-167,-220,255,-167.7827,-216.105942,255.622391
140,-202,-660,140.952423,-198.08017,-660.304688
-140,-202,-660,-140.947311,-198.079788,-660.320312
1020,-1172,-1912,1019.33984,-1168.07312,-1911.2489
-297,-1015,-3567,-297.759583,-1011.02631,-3566.34961
400,-918,-3332,400.999023,-914.008362,-3331.95605
-147,-215,299,-147.735245,-210.951889,299.677795
-964,320,-1871,-963.293945,324.0755,-1871.70813
-140,-202,-660,-140.930115,-197.924088,-660.367188
-293,-222,37,-293.999023,-217.918793,36.9558182
-1285,436,-1243,-1284.33984,440.173309,-1242.2489
320,-232,-81,320.84848,-227.807693,-81.5292206
95,-918,-3682,94.9558182,-913.805237,-3682.99902
-269,-222,80,-269.999023,-217.763947,79.9558182
760,-924,-2526,759.955872,-919.727112,-2526.99902
293,-222,37,293.999115,-217.650406,36.9579391
-167,-220,255,-167.997986,-215.635712,255.063232
1179,-1172,-2853,1179.62915,-1167.61353,-2853.7771
-930,440,-1663,-929.008606,444.45578,-1663.13086
-1025,445,-1963,-1024.3009,449.483093,-1963.71497
-380,-220,-2782,-380.710083,-215.510254,-2781.2959
-1572,320,-1337,-1572.65894,324.512024,-1336.2478
-170,-180,-590,-170.560959,-175.468552,-590.82782
-285,-1015,-3113,-285.042267,-1010.44238,-3113.99902
-353,-224,-43,-353.930786,-219.314651,-42.6344376
-1572,320,-1337,-1572.90491,324.68927,-1336.57446
760,-924,-2238,759.955872,-919.301819,-2237.00098
-269,-222,80,-269.502502,-217.283295,80.8645706
269,-222,80,269.495514,-217.283249,80.8685989
-930,440,-1663,-929.002869,444.726318,-1662.92432
-353,-224,-43,-353.93924,-219.248978,-42.6567383
353,-224,-43,353.936859,-219.24884,-42.6502953
-190,-1015,-3223,-190.765182,-1010.14417,-3223.6438
-285,-1015,-3113,-285.75943,-1010.13861,-3113.65039
-190,-1015,-3223,-190.765182,-1010.13623,-3223.6438
-1545,440,-1923,-1545.70422,444.863831,-1923.70984
170,-180,-590,170.938385,-175.135513,-590.345581
-170,-180,-590,-170.943329,-175.135361,-590.331848
-360,-110,-220,-360.801239,-105.013657,-220.598343
-1450,113,-1974,-1450.82068,118.19529,-1974.57117
-286,-1247,-1799,-286.848511,-1241.7959,-1799.52917
-542,-993,-2881,-542.833252,-987.770813,-2881.55273
-147,-215,299,-147.990952,-209.660446,298.865784
-212,40,-1915,-212.679657,45.3585205,-1915.73352
-840,-1092,-2675,-839.135254,-1086.62354,-2675.5022
-945,440,-1883,-944.288452,445.37735,-1883.70264
-1545,440,-1923,-1545.41113,445.399597,-1923.9115
-215,-219,163,-215.987045,-213.572021,163.160431
168,-121,254,168.999146,-115.528534,254.041321
400,-918,-3332,400.981079,-912.462646,-3331.8064
128,-211,351,128.653244,-205.402679,351.757141
-1565,444,-1343,-1565.5863,449.649475,-1342.18994
360,-110,-220,360.808044,-104.25518,-220.589111
360,-108,-400,360.805054,-102.183899,-399.406799
-212,40,-1491,-212.67926,45.8339424,-1490.26611
-945,440,-1443,-944.287109,445.930115,-1442.29883
1241,165,-2016,1240.04883,170.98436,-2016.30859
140,-202,-660,140.928299,-196.009171,-660.371826
-945,440,-1773,-944.000977,446.198334,-1773.0437
-214,-1040,-1917,-214.92421,-1033.51709,-1917.38184
-945,440,-1773,-944.000977,446.488342,-1773.04297
-945,440,-1883,-944.000977,446.488342,-1883.04297
-945,440,-1883,-944.000977,446.488342,-1883.04297
95,-918,-2762,95.038559,-911.50415,-2761.00098
-1445,447,-1963,-1445.37695,453.61972,-1963.92603
-930,440,-1663,-929.008606,446.801178,-1662.86914
-1635,447,-1583,-1635.95581,453.919708,-1583.2937
-803,-973,-2707,-803.377258,-966.03064,-2707.92603
-1623,447,-1683,-1623.99316,453.973633,-1683.11646
1065,169,-1843,1064.77148,175.986633,-1843.97351
134,-124,354,134.71817,-116.412987,354.695862
215,-219,163,215.988159,-211.370667,163.153427
-286,-1247,-1607,-286.845337,-1239.2854,-1606.46582
-1623,447,-1683,-1623.995,454.791534,-1683.09949
-1646,320,-1491,-1646.9054,327.864716,-1490.57544
-212,-1247,-1915,-212.845337,-1238.90796,-1915.53406
-1635,447,-1583,-1635.9646,455.353119,-1583.26355
1065,169,-1843,1064.00488,177.677521,-1843.09827
-646,-973,-2526,-645.140869,-964.138489,-2525.48828
-1450,113,-1974,-1450.60156,121.87748,-1974.79858
-1545,440,-1923,-1545.71655,449.16925,-1923.69751
-683,-1092,-2494,-682.36554,-1082.62256,-2494.77295
-272,-109,82,-272.628448,-99.5746002,82.7778473
160,-100,-610,160.663696,-90.5508347,-610.747986
-360,-108,-400,-360.808014,-98.4782181,-399.410858
-1025,445,-1963,-1024.84668,454.545197,-1963.98816
190,-800,-2782,190.754425,-790.043945,-2781.34375
380,-800,-3002,380.755127,-790.034363,-3001.34448
360,-110,-220,360.790436,-99.6301956,-219.387466
-212,-1247,-1491,-212.845306,-1236.45129,-1490.46582
-46,-105,477,-46.7168388,-94.3549271,477.697235
1065,-108,-1578,1064.62622,-97.1951218,-1577.07251
-326,-104,-2,-326.998993,-93.1033173,-1.95513225
1065,-80,-1843,1065.46277,-68.5102615,-1843.88647
-1553,200,-1354,-1553.7168,211.913986,-1353.30273
-671,-873,-2478,-670.207153,-861.012878,-2477.39062
-1445,447,-1963,-1445.04297,459.035553,-1963.99902
-1283,447,-1963,-1283.04297,459.039337,-1963.99902
-1445,447,-1963,-1445.04297,459.039337,-1963.99902
152,-122,301,152.718765,-109.810745,301.695251
-1553,200,-1354,-1553.71655,212.259384,-1353.30249
-120,-110,400,-120.942337,-97.6199188,400.334656
120,-110,400,120.945633,-97.6187744,400.325226
1065,-80,-1843,1064.53223,-67.6003723,-1843.88379
-1283,447,-1963,-1283.34961,459.604156,-1963.93689
-134,-124,354,-134.719086,-111.291664,354.694916
-160,-100,-610,-160.67775,-86.7695465,-610.735291
120,-110,400,120.952606,-96.6617279,400.304169
-1000,-694,-3343,-999.000977,-680.225769,-3343.04297
-1000,-694,-3343,-999.000977,-680.225769,-3343.04297
0,-1015,-2006,-0.391007841,-1000.93799,-2006.92029
-152,-122,301,-152.783951,-107.795647,301.620819
-1635,447,-1583,-1635.995,461.720734,-1583.09912
-288,-132,-310,-288.923065,-117.22213,-310.384613
152,-122,301,152.98085,-107.160469,300.805237
-360,-110,-220,-360.790436,-94.5232162,-219.387466
-303,-996,-1703,-303.930176,-980.317261,-1702.63293
212,207,-1915,212.709122,222.828461,-1915.70496
-303,-996,-1703,-303.930237,-980.141235,-1702.63306
1456,400,-2003,1456.18555,415.991638,-2003.98254
216,-119,164,216.965012,-102.53054,164.262207
46,-105,477,46.719101,-87.3460312,477.694885
-300,-104,40,-300.995911,-86.3082886,40.0902596
-152,-122,301,-152.997925,-103.707993,300.935638
1225,-80,-2003,1224.22302,-61.6033058,-2003.62952
-80,-200,-1303,-80.972847,-181.360474,-1302.76855
-244,-114,123,-244.973633,-95.2556381,123.228119
-120,-110,400,-120.745308,-90.4180374,400.666718
-104,-184,-4543,-104.362938,-164.269257,-4543.93164
300,-104,40,300.479523,-83.7842178,40.8775291
80,-200,-1303,80.9708939,-179.605667,-1302.7605
-854,-873,-2691,-854.467773,-852.550049,-2691.88379
288,-132,-310,288.908051,-111.112885,-310.418854
288,-132,-310,288.908722,-110.814865,-309.582611
326,-104,-2,326.999023,-82.7084808,-1.95607042
1230,207,-1839,1230.0437,228.32309,-1839.99902
247,-114,124,247.976746,-92.1806107,124.214325
360,-100,-44,360.936584,-77.713768,-43.649559
-120,-110,400,-120.955765,-87.6365585,400.294098
-360,-100,-44,-360.939331,-77.4901047,-43.6569901
-286,-1247,-1799,-286.749451,-1224.02991,-1799.66199
360,-100,-44,360.90741,-76.9573364,-43.5797539
-300,-104,40,-300.481812,-80.9556274,40.8762741
326,-104,-2,326.577209,-80.5694351,-1.18340397
-259,-1022,-1596,-259.928192,-997.558838,-1595.62793
0,-1011,-1399,-0.391012669,-986.136597,-1398.07971
-259,-1029,-1810,-259.930115,-1003.99811,-1810.36707
-303,-996,-1703,-303.930145,-970.762085,-1703.36719
-214,-1029,-1488,-214.926224,-1003.67438,-1487.62305
-326,-104,-2,-326.577026,-78.210762,-1.18327451
-244,-114,123,-244.589828,-87.8544617,123.807526
247,-114,124,247.588165,-87.4792557,124.808739
-288,-132,-310,-288.901855,-105.33625,-309.567963
272,-109,82,272.628448,-81.5612259,82.7778473
-303,-996,-1703,-303.930115,-968.397827,-1703.36719
300,-104,40,300.996002,-75.5856705,40.0892372
-286,-1247,-1607,-286.735413,-1215.26965,-1606.32239
-272,-109,82,-272.983795,-75.9121399,82.1792755
168,-121,254,168.759155,-87.0757141,254.650909
212,207,-1491,212.381714,241.783096,-1490.07581
1720,40,-1405,1720.71106,75.559288,-1404.29688
46,-105,477,46.7462082,-69.3304825,477.66568
-360,-100,-44,-360.911987,-63.155777,-43.5897827
214,-1012,-1917,214.382706,-971.592651,-1917.92383
-191,-122,208,-191.978668,-79.9475632,208.205429
216,-119,164,216.6315,-76.1036377,164.775375
214,-1012,-1917,214.928497,-967.520264,-1917.37134
-216,-119,164,-216.967514,-72.2019501,164.252808
191,-122,208,191.718109,-73.9014435,208.695923
272,-109,82,272.983795,-59.3688622,82.1792755
-191,-122,208,-191.719055,-65.6661377,208.694916
0,-1015,-2006,-0.391007841,-956.753784,-2006.92029
-168,-121,254,-168.990845,-54.4522324,254.134933
191,-122,208,191.977036,-52.0373726,208.213074
300,-993,-1703,300.928192,-922.326111,-1703.37207
160,-100,-610,160.836334,-28.9287624,-610.548218
-168,-121,254,-168.818085,-45.926899,254.575073
300,-993,-1703,300.928253,-917.831421,-1702.62805
214,-1012,-1917,214.922806,-935.786194,-1917.38525
1565,-260,-1446,1565.69629,-181.327805,-1446.71741
214,-1021,-1488,214.928345,-941.381836,-1487.6283
0,-1015,-2006,0.376989365,-932.686401,-2006.92615
1493,-380,-1518,1493.69678,-296.467651,-1518.71729
1588,163,-1274,1588.73401,247.676117,-1273.32092
1550,-380,-1573,1549.28271,-294.001404,-1572.30322
-340,-1353,-1583,-340.180481,-1265.66968,-1582.01648
-1021,-895,-3422,-1020.03516,-793.424377,-3422.2627
214,-1021,-1488,214.928833,-904.411987,-1487.62952
-1260,105,-3042,-1260.04297,224.678375,-3041.00098
-160,-100,-610,-160.879654,20.2281647,-610.475586
81,-379,-1969,81.3681564,-254.792221,-1969.92969
-300,-918,-3566,-300.845306,-785.393005,-3566.53418
1588,163,-1274,1588.71497,299.075623,-1273.3009
-528,-993,-2681,-527.340271,-852.621582,-2680.24854
-640,-1153,-1523,-640.042969,-1008.76373,-1522.00098
0,-103,500,-0.432097405,47.2670746,500.901825
0,-103,500,0.432097405,47.2670746,500.901825
214,-1021,-1488,214.928223,-869.469238,-1487.62805
-254,108,-1815,-254.92218,263.135895,-1815.38672
214,-1021,-1488,214.381714,-865.721497,-1487.07581
385,-1113,-1623,384.648773,-954.225403,-1622.06372
-1021,-895,-3262,-1020.03674,-730.406311,-3261.73145
-640,-1153,-1523,-640.467651,-984.458496,-1522.11609
1565,-260,-1446,1565.6969,-72.7250519,-1446.71716
-925,200,-1623,-925.042969,394.022461,-1622.00098
-773,200,-1623,-773.042969,394.022461,-1622.00098
-773,200,-1623,-773.042969,394.022461,-1622.00098
0,-1011,-1399,0.376989365,-808.09552,-1398.07385
-1011,-833,-2078,-1011.04297,-628.893066,-2077.00098
898,-1113,-1623,897.955872,-908.288086,-1623.99902
820,-1113,-1623,819.955872,-908.288086,-1623.99902
1521,-320,-1490,1521.70911,-114.976883,-1490.70496
-436,-993,-2761,-435.345001,-776.281067,-2760.24438
-528,-993,-2681,-527.34668,-775.595398,-2680.24292
380,-200,-1623,379.955841,18.3736324,-1622.00098
820,-1113,-1623,820.338867,-892.644104,-1623.9408
0,-1011,-1399,-0.391566306,-782.001892,-1398.07996
-112,-173,-1956,-112.972816,91.3608475,-1956.23145
-340,-1353,-1583,-339.541473,-1088.19666,-1582.11133
-724,-993,-2723,-724.65155,-724.821899,-2723.75854
-243,-1353,-1841,-243.928192,-1083.28174,-1841.37207
267,-1113,-1623,266.955841,-826.607239,-1622.00098
267,-1113,-1623,266.955841,-826.36792,-1622.00098
313,-1113,-1623,312.955841,-826.36792,-1622.00098
313,-1113,-1623,312.955841,-826.36792,-1622.00098
385,-1113,-1623,384.955841,-826.36792,-1622.00098
313,-1113,-1623,312.955841,-826.36792,-1622.00098
-620,200,-1623,-620.042969,490.605713,-1622.00098
380,-200,-1623,379.955841,91.8247833,-1622.00098
380,-200,-1623,379.955841,91.8247833,-1622.00098
267,-200,-1623,266.955841,91.8247833,-1622.00098
-773,200,-1623,-773.042969,494.74353,-1622.00098
-620,200,-1623,-620.042969,494.74353,-1622.00098
-773,200,-1623,-773.042969,494.74353,-1622.00098
380,-993,-3142,379.955841,-696.115479,-3141.00098
460,-993,-3142,459.955841,-696.115479,-3141.00098
380,-993,-3142,379.955841,-696.115479,-3141.00098
540,-993,-3142,539.955872,-696.115479,-3141.00098
540,-993,-3142,539.955872,-696.115479,-3141.00098
460,-993,-3142,459.955841,-696.115479,-3141.00098
-420,-895,-3262,-420.042267,-597.430054,-3261.00098
-420,-895,-3262,-420.042267,-597.430054,-3261.00098
-1001,-895,-3262,-1001.04297,-597.430054,-3261.00098
540,-993,-3142,539.955872,-692.628418,-3141.00098
540,-993,-3142,539.955872,-692.628418,-3141.00098
-925,200,-1623,-924.300781,521.886536,-1622.28516
-1260,220,-1963,-1260.04297,542.816772,-1963.99902
-212,448,-1915,-212.388916,793.248535,-1915.92126
-1545,80,-1363,-1545.71497,439.405701,-1362.3009
0,200,-1403,0.336492628,559.720642,-1402.05835
-1460,230,-3042,-1460.04297,593.631348,-3041.00098
-1165,201,-1963,-1164.63696,565.420959,-1963.93176
-945,220,-1603,-944.301758,590.158447,-1602.28418
214,-1021,-1488,214.928299,-638.004333,-1487.62817
-1460,230,-3042,-1460.02246,617.185486,-3041.00049
-254,108,-1591,-254.918671,514.058411,-1590.60498
-460,-1152,-1523,-460.015076,-737.409607,-1522.00012
380,-1015,-3002,380.754486,-599.674011,-3001.34375
-243,-1353,-1565,-243.918671,-918.677063,-1564.60498
112,-153,-1450,112.977776,287.19519,-1449.79041
-803,-973,-2707,-803.213867,-522.454651,-2707.97681
-633,-993,-2802,-633.658325,-529.608826,-2802.75269
-542,-993,-2881,-542.667969,-529.483826,-2881.74414
0,448,-2003,-0.391007841,921.971863,-2003.92029
898,-1113,-1623,897.955872,-634.04126,-1623.99902
-1021,-895,-3262,-1021.04297,-415.780426,-3261.00098
-1021,-895,-3262,-1021.04297,-415.780426,-3261.00098
-1001,-895,-3262,-1001.04297,-415.780426,-3261.00098
-1000,-694,-3343,-999.035339,-210.824646,-3343.26343
112,-173,-1956,112.970711,312.604095,-1956.24023
1518,256,-1203,1518.71509,745.005066,-1202.30103
-243,-1353,-1841,-243.185272,-844.609131,-1841.98267
1020,-1033,-3021,1019.00098,-504.025421,-3021.04297
-1060,200,-3202,-1059.30176,729.271851,-3201.28418
-1220,200,-3042,-1219.30176,729.271851,-3041.28418
820,-1033,-3142,819.955872,-486.480865,-3141.00098
-420,-895,-3262,-420.71347,-320.380463,-3261.29932
-1260,230,-3042,-1260.04297,809.212402,-3041.00098
-1048,-694,-3523,-1047.03516,-113.530319,-3523.2627
380,-1015,-3002,380.754486,-422.602478,-3001.34375
1179,-1033,-3040,1179.99902,-439.857544,-3040.04297
190,-1015,-2782,190.754486,-421.064087,-2781.34375
371,-220,-4627,370.536774,388.085724,-4627.88623
162,-220,-4520,161.537704,388.671051,-4520.88672
-542,-993,-2881,-542.788696,-373.219391,-2881.61475
-112,-153,-1450,-112.976906,478.044617,-1449.78638
212,-160,-1491,212.9207,487.996735,-1490.60974
1020,-1113,-1745,1019.00098,-438.231537,-1745.04297
1180,-1073,-1913,1180.99988,-393.192291,-1912.9845
206,448,-1909,206.409012,1156.05566,-1909.91248
-1660,200,-3202,-1660.71216,919.913086,-3201.2981
-1500,200,-3042,-1500.71289,919.913086,-3041.29883
-1500,200,-3042,-1500.71289,919.913086,-3041.29883
-436,-993,-2761,-435.771362,-253.242279,-2760.02661
-241,-76,-1560,-241.918457,664.262329,-1559.60449
-895,-793,-2126,-894.609375,-51.8384171,-2125.07959
-1220,200,-3042,-1219.30176,948.44165,-3041.28418
-1000,-694,-3343,-999.034912,125.662834,-3342.73828
-241,-76,-1560,-241.930115,806.569153,-1559.63281
0,448,-2003,0.411019117,1389.41211,-2003.91162
1610,-40,-1293,1610.69739,936.541565,-1292.28333
1780,-40,-1463,1780.71643,936.57666,-1462.30237
1780,-40,-1463,1780.71643,936.57666,-1462.30237
916,-1033,-3302,916.029175,-37.4182129,-3302.99951
300,207,-1703,300.92215,1225.40015,-1703.38672
212,207,-1915,212.920212,1225.40015,-1915.39136
-1048,-694,-3163,-1047.03503,325.656738,-3162.73779
300,207,-1703,300.920288,1239.36841,-1702.60876
212,207,-1491,212.922333,1239.39966,-1490.61365
898,-1113,-1623,897.756348,-73.8041992,-1623.96985
970,-1113,-1640,969.758789,-72.513916,-1640.97046
-1300,-833,-2411,-1300.995,226.659744,-2411.09937
-220,-720,-2822,-220.32373,372.375732,-2821.05396
-100,-720,-2782,-100.316597,374.956299,-2781.05151
-340,-880,-2782,-339.779419,238.492722,-2781.02466
1050,-1033,-3263,1050.26172,227.326401,-3263.96509
266,-300,-1783,266.920258,1053.01135,-1783.39124
111,-312,-1957,111.368248,1053.2179,-1957.92969
-260,-340,-2782,-259.291138,1053.40784,-2781.29468
-220,-340,-2822,-219.303223,1053.40784,-2821.28271
201,-220,-4360,201.461273,1196.57886,-4359.11279
-1460,230,-3042,-1460.96948,1790.3999,-3041.75488
300,448,-1703,300.92215,2264.81982,-1703.38672
-440,-220,-4482,-440.461212,1597.18201,-4481.11279
-201,-220,-4360,-201.459198,1599.64343,-4359.11182
1020,-1113,-1745,1019.02533,711.2005,-1745.22339
-100,-720,-2782,-100.107208,1216.22949,-2781.00586
1180,-1071,-2852,1180.43066,889.572876,-2852.90234
1020,-1073,-2852,1019.00098,900.401123,-2852.04297
1020,-1073,-2852,1019.53217,947.704407,-2852.88379
820,-1033,-3142,819.955872,1060.35474,-3141.00098
898,-1033,-3142,897.955872,1060.35474,-3141.00098
1020,-1073,-1913,1019.00098,1101.10925,-1913.04297
-220,-720,-2822,-220.31636,1460.75537,-2821.05151
916,-1033,-3302,916.261841,1168.96436,-3302.96509
-340,-340,-2782,-340.042267,2024.47156,-2781.00098
-260,-340,-2782,-260.042267,2024.47156,-2781.00098
-340,-340,-2782,-340.042267,2024.47156,-2781.00098
1020,-1033,-3021,1019.02319,1343.59534,-3020.78589
1179,-1033,-3040,1179.95862,1453.95569,-3040.28418
-112,-173,-1956,-112.393333,2362.78516,-1956.91931
-300,-918,-3566,-300.666626,1768.32703,-3566.74536
-201,-220,-4360,-201.269669,2521.76929,-4359.03711
600,-873,-2503,599.835266,2092.73608,-2503.98633
104,-184,-4336,104.218559,2840.52881,-4335.02441
1003,-1033,-3092,1002.02924,2032.30164,-3091.76001
-260,-340,-2782,-259.288452,3039.90723,-2781.29736
-241,-76,-1846,-241.928177,3329.89844,-1846.37207
-1300,-833,-2411,-1300.86365,2578.27417,-2411.50391
112,-173,-1956,112.379242,3875.38184,-1956.92529
266,-300,-1623,266.923004,3866.21533,-1622.61523
1179,-1033,-3040,1179.99902,3149.75,-3040.04297
-1720,-695,-3342,-1720.96948,3670.77686,-3341.75488
1320,-924,-2782,1320.42615,3909.21411,-2782.90454
1180,-1073,-1913,1180.99963,3774.96167,-1912.97461
880,-924,-2782,879.536316,4150.54004,-2782.88599
275,-320,-1763,275.920227,4873.48779,-1763.39136
212,448,-1491,212.922333,8772.48242,-1490.61365
-713,-793,-2283,-712.135132,8585.07129,-2282.49805
1320,-924,-2782,1320.8833,8573.07129,-2782.46875
1320,-924,-2782,1320.8833,8573.07129,-2782.46875
1400,-924,-2622,1400.8833,8599.7373,-2622.46875
-936,-833,-2725,-935.631042,8863.72949,-2725.92944
880,-924,-2782,879.099365,8977.72559,-2782.43457
800,-924,-2622,799.097961,9003.72559,-2622.43164
800,-924,-2622,799.097961,9003.72559,-2622.43164
1141,-1113,-1593,1141.96082,17514.7988,-1592.7229
1179,-1113,-1726,1179.96082,17546.7969,-1725.7229
