1263,1028,-3200,1263.99902,1028.37817,-3200.04297
1263,1028,-3320,1263.99902,1028.37817,-3320.04297
1470,323,-2598,1470.53491,323.483734,-2598.84473
59,383,-840,58.957222,383.532898,-839.000916
59,383,-840,58.957222,383.532898,-839.000916
179,383,-840,178.95723,383.532898,-839.000916
-1391,363,-2686,-1391.93616,363.577728,-2685.64844
-1391,363,-2686,-1391.93176,363.577789,-2685.63696
-481,383,-1500,-481.999023,383.582977,-1500.04297
-481,383,-1380,-481.999023,383.582977,-1380.04297
-481,383,-1500,-481.999023,383.582977,-1500.04297
1603,523,-3057,1602.95593,523.618408,-3056.00098
1723,523,-3057,1722.95593,523.618408,-3056.00098
1723,523,-3057,1722.95593,523.618408,-3056.00098
-1145,1028,-3320,-1145.99902,1028.70288,-3320.04297
-1145,1028,-3200,-1145.99902,1028.70288,-3200.04297
119,751,140,119.999908,751.718628,139.986481
119,751,140,119.999908,751.718628,139.986481
119,751,290,119.999908,751.718628,289.986481
701,243,-2646,701.69635,243.743576,-2646.71753
701,243,-2646,701.69635,243.743866,-2646.71753
-865,1228,-3320,-864.000977,1228.75549,-3320.04297
-865,1228,-3320,-864.000977,1228.75549,-3320.04297
-865,1228,-3440,-864.000977,1228.75549,-3440.04297
983,1228,-3320,982.000977,1228.75732,-3320.04297
983,1228,-3440,982.000977,1228.75732,-3440.04297
983,1228,-3320,982.000977,1228.75732,-3320.04297
-59,357,636,-59.9638062,357.787201,635.733398
161,863,493,160.935577,863.792175,492.002106
-1145,1028,-3320,-1145.99963,1028.79675,-3319.97559
-110,405,595,-110.963791,405.82901,594.733398
336,350,465,336.976654,350.855835,465.214539
402,865,348,402.367615,865.975647,348.929962
365,865,363,365.367615,865.976562,363.929932
-110,405,595,-110.914597,405.989899,595.404297
337,332,317,336.601257,333.050171,317.917053
-106,860,568,-106.963806,861.184509,567.733398
-117,860,609,-117.964043,861.184998,608.734253
-129,374,489,-129.988831,375.240082,488.850983
-92,338,440,-92.9898682,339.243683,439.858032
-106,860,568,-106.858543,861.286926,568.512695
-128,860,531,-128.86145,861.28772,531.507812
279,870,395,278.889435,871.32135,394.006134
-92,338,440,-91.5211029,339.327637,440.877869
279,870,395,279.124908,871.337952,394.007843
336,350,465,335.955841,351.341187,464.000977
-129,374,489,-128.539871,375.345551,489.887848
-1703,523,-2953,-1703.04297,524.373596,-2952.00098
-1583,523,-2953,-1583.04297,524.373596,-2952.00098
-1583,523,-2953,-1583.04297,524.373596,-2952.00098
-128,860,531,-128.861404,861.383667,531.507812
-110,405,595,-109.883278,406.407623,594.006836
263,-704,-2792,263.999115,-702.555969,-2792.04199
263,-704,-2123,263.999115,-702.555969,-2123.04199
263,-704,-2792,263.999115,-702.554688,-2792.04199
-25,-704,-2122,-25.9990444,-702.518616,-2122.04297
-25,-704,-2792,-25.9990444,-702.518616,-2792.04297
337,332,317,337.872589,333.503723,316.511597
-129,374,489,-129.908951,375.561493,488.583099
349,865,401,349.92218,866.57373,401.386749
365,865,363,365.922241,866.573914,363.386597
-129,374,489,-128.424927,375.577301,489.818085
-25,-704,-2122,-25.9990444,-702.403198,-2122.04297
455,372,463,455.886841,373.649384,462.537933
455,349,493,455.87265,350.653748,492.511658
346,853,402,345.891083,854.80304,401.005951
3,861,533,2.67295122,862.900635,532.054993
-170,860,520,-170.261856,861.949524,520.965088
-128,860,531,-128.26181,861.950867,531.965088
-218,357,675,-218.912033,358.979034,674.589905
337,332,317,337.955627,334.069244,316.705444
280,851,410,280.099426,853.273987,409.004974
1763,175,-2528,1763.9989,177.298355,-2528.04297
1763,175,-2528,1763.9989,177.298355,-2528.04297
1763,175,-2336,1763.9989,177.298355,-2336.04297
3,861,533,2.73994637,863.392456,532.034424
349,865,401,349.920074,867.454834,400.608276
365,865,439,365.920044,867.456421,438.608276
-217,461,613,-217.726349,463.511017,612.312683
455,372,463,455.995148,374.588989,462.901611
3,861,533,2.64599037,863.846069,532.064758
-217,461,613,-217.879761,463.941254,612.524597
-117,860,609,-117.934677,863.045105,608.644531
3,861,533,2.86725283,864.257141,532.00885
119,856,373,119.341415,859.480347,372.060089
1568,323,-2566,1567.95593,326.748993,-2566.99902
1568,323,-2566,1567.95593,326.748993,-2566.99902
1763,323,-2566,1762.95593,326.748993,-2566.99902
1378,323,-2732,1378.9458,326.980347,-2732.32422
349,865,401,349.999084,868.993347,400.957245
1470,323,-2598,1470.32239,327.094147,-2598.94653
1470,323,-2598,1470.30762,327.208771,-2598.95142
1408,323,-2638,1408.5509,327.227905,-2638.83447
349,865,401,349.97467,869.454773,401.223602
1451,323,-2827,1451.34998,327.811829,-2826.06348
-96,758,546,-96.254509,762.816467,546.967041
1378,323,-2732,1378.90381,327.826141,-2731.57227
1406,323,-2790,1406.90198,327.827332,-2789.56836
439,322,498,439.988831,326.907532,497.850983
1406,323,-2790,1406.63379,327.963043,-2789.22656
-179,639,499,-179.26181,643.975586,499.965118
-170,860,520,-169.422913,864.986084,520.81665
-217,860,554,-216.422913,864.992188,554.81665
1406,323,-2790,1406.8833,328.00531,-2789.53125
-128,639,512,-128.250748,644.05658,512.968018
-179,639,499,-179.244034,644.05719,499.969757
415,552,329,415.384857,557.286377,329.922974
368,552,349,368.384857,557.292603,349.922943
-179,639,499,-178.955826,644.328247,499.999023
348,552,396,348.91748,557.387878,395.602234
368,552,443,368.920288,557.388611,442.608765
-80,361,554,-80.8585587,366.53186,554.512695
1451,323,-2827,1451.63306,328.710968,-2826.22607
-217,639,498,-217.042282,644.723389,498.999084
-179,639,499,-179.042267,644.724792,499.999084
-59,357,636,-58.5959435,362.944092,635.085266
1535,323,-2857,1535.31372,328.959564,-2856.05054
-59,357,636,-59.0975723,363.208008,635.004822
-117,860,609,-117.510307,866.213867,608.140015
-154,860,631,-154.513779,866.215393,630.14209
348,552,396,348.955505,558.220764,395.705048
415,552,463,415.390076,558.238342,462.079224
368,552,443,368.389923,558.240662,442.079163
439,322,498,439.925171,328.491669,497.620453
157,861,463,157.459717,867.501892,463.888062
1470,323,-2598,1470.53467,329.631683,-2598.84497
1451,323,-2827,1451.58691,329.644745,-2826.19043
-23,853,486,-22.6110649,860.003723,486.921265
-101,639,557,-101.858559,646.068237,557.512695
-128,639,512,-128.861465,646.07196,512.507812
-101,639,557,-101.858551,646.235596,557.512695
415,552,463,415.292053,559.97998,462.04361
1568,323,-2566,1568.31116,331.352936,-2566.9502
-121,849,527,-120.604767,857.825012,527.918579
-23,853,486,-23.0608692,862.149841,486.998138
-158,461,630,-158.663162,470.230743,629.251526
-86,461,534,-86.9642944,470.377899,533.735168
-102,461,596,-102.965309,470.380737,595.738892
1451,323,-2827,1451.31958,332.527161,-2826.05249
402,865,348,401.799713,874.555847,348.979736
455,865,359,454.799622,874.561646,359.979706
415,552,329,415.116852,562.258423,329.993134
-23,853,486,-23.0416489,863.783752,486.999115
-170,860,520,-170.042587,870.877747,520.999084
-217,461,467,-217.500519,471.954285,467.865723
368,552,349,368.955475,563.356934,348.704956
-44,351,610,-44.5373688,362.55838,610.843323
-170,860,520,-170.170502,871.630554,520.985352
-129,374,489,-129.807983,385.755341,489.589172
243,-569,-2503,243.999115,-557.056458,-2503.04199
243,-569,-2280,243.999115,-557.056458,-2280.04199
243,-569,-2280,243.999115,-557.056458,-2280.04199
243,-569,-2410,243.999115,-557.056458,-2410.04199
243,-569,-2503,243.999115,-557.055542,-2503.04199
243,-569,-2633,243.999115,-557.055542,-2633.04199
415,552,463,414.615509,564.018616,462.076874
463,552,443,462.615326,564.03009,442.076965
243,-569,-2122,243.999115,-556.903809,-2122.04199
243,-569,-2197,243.999115,-556.903809,-2197.04199
-170,860,520,-170.157242,872.557007,520.987549
-154,860,631,-154.429993,875.092468,630.097168
455,552,325,455.335388,567.095764,325.942078
402,865,348,402.107788,882.135254,348.994171
353,791,349,353.088959,809.726746,349.996033
-115,639,608,-115.96389,658.214233,607.733704
-101,639,557,-101.964211,658.217834,556.734863
-101,639,557,-101.964211,659.859924,556.734863
415,552,329,414.785614,575.719238,329.976746
402,865,454,401.615326,889.229492,453.076965
402,865,454,401.615448,889.311951,453.076904
455,865,432,454.615387,889.342346,431.076935
455,552,325,455.08786,581.029907,325.996124
415,552,329,415.08786,581.047852,329.996124
-158,461,630,-157.71904,493.911652,629.040283
-217,461,613,-216.720078,493.967102,612.039978
243,-569,-2122,243.999115,-536.021606,-2122.04199
-154,860,631,-153.751251,893.770142,630.031433
-217,860,615,-216.752213,893.815796,614.031189
332,761,371,332.385498,796.302429,371.922699
415,552,463,414.889252,591.494751,462.006165
280,851,410,279.956543,890.702209,409.000946
243,-569,-2792,243.999115,-518.895569,-2791.95801
337,816,424,337.389893,867.673523,423.079163
-1626,843,-1490,-1625.95898,902.199585,-1490.99915
-1706,843,-1491,-1705.95605,902.265503,-1491.99902
-149,774,635,-148.71904,840.792358,634.040283
102,835,533,101.432846,904.710083,532.176392
1591,1498,-1801,1590.95593,1581.3855,-1801.99902
2406,1498,-1801,2405.95605,1581.3855,-1801.99902
1591,1498,-1801,1590.95593,1581.3855,-1801.99902
402,865,454,402.372681,957.425049,453.072052
365,865,439,365.377747,957.499878,438.074097
-1201,251,-2466,-1201.95093,346.525543,-2465.69067
-1533,623,-1883,-1533.99902,722.70575,-1883.04297
-1533,623,-1863,-1533.99902,722.70575,-1863.04297
-1533,623,-1883,-1533.99902,722.70575,-1883.04297
-1533,623,-1863,-1533.99902,722.70575,-1863.04297
-1533,623,-1843,-1533.99902,722.70575,-1843.04297
-1533,623,-1863,-1533.99902,722.70575,-1863.04297
243,-569,-2792,243.999146,-468.655853,-2791.95874
-217,860,615,-216.727081,961.435303,614.037964
78,-439,-2123,77.9558182,-337.359741,-2122.00098
161,-439,-2123,160.955826,-337.359741,-2122.00098
915,343,-2193,915.698486,445.284424,-2193.71558
-148,736,-3438,-148.871521,848.27887,-3437.50977
-601,963,-1776,-601.717163,1098.01648,-1776.6969
243,-569,-2717,243.9991,-390.523895,-2716.95776
-631,491,-2295,-630.301758,724.914062,-2294.28418
-1550,1598,-1201,-1549.00098,1962.57922,-1201.04297
-1550,1598,-1081,-1549.00098,1962.57922,-1081.04297
-1550,1598,-1201,-1549.00098,1962.57922,-1201.04297
826,523,-2281,826.696472,904.936218,-2281.71753
826,523,-2281,826.696411,917.019653,-2281.71753
-1106,251,-2498,-1106.95117,826.574768,-2497.69141
839,963,-1776,839.69751,1568.18286,-1776.71655
455,963,-2160,455.710297,1568.18286,-2160.70386
961,523,-2146,961.696777,1191.86841,-2146.71729
-731,491,-2193,-730.300781,1220.89893,-2192.28516
915,343,-2193,915.69873,2543.25562,-2192.28467
-301,1643,-2710,-300.299042,4305.71484,-2709.28687
-816,1643,-2193,-815.301758,6084.12207,-2192.28418
