1980,-1331,1883,1980.15137,-1330.93164,1883.9884
1980,-1331,1883,1980.19666,-1330.84375,1883.98047
-3210,-1296,-1378,-3210.31348,-1295.76624,-1377.05042
3718,-675,2174,3718.84253,-674.736694,2174.53857
-3210,-1296,-1378,-3210.04297,-1295.6626,-1377.00098
-3132,-1296,-1378,-3132.04297,-1295.6626,-1377.00098
1853,-1376,1885,1853.09851,-1375.64172,1885.99512
3817,-538,3711,3817.52197,-537.605957,3711.85278
2516,-701,4245,2516.16382,-700.597168,4245.98633
3764,-845,3594,3764.99121,-844.597046,3594.13062
-3132,-1296,-1378,-3131.69043,-1295.59448,-1377.04919
-522,-1683,-2984,-521.847412,-1682.58118,-2984.98828
-2733,-3,-105,-2733.91479,-2.47578192,-104.596085
-2368,-1263,-586,-2368.04297,-1262.47412,-585.000977
-2256,-1263,-586,-2256.04297,-1262.47412,-585.000977
-2368,-1263,-586,-2368.04297,-1262.47412,-585.000977
2976,-1033,2634,2975.00098,-1032.45422,2633.95605
1796,-63,155,1795.00098,-62.4500694,154.955826
1796,-63,155,1795.00098,-62.4500694,154.955826
1796,-63,-45,1795.00098,-62.4500694,-45.0425262
3677,-983,2313,3677.99902,-982.444458,2312.95605
2276,-303,155,2275.00098,-302.441864,154.955826
2276,-303,155,2275.00098,-302.441864,154.955826
2276,-303,-45,2275.00098,-302.441864,-45.0425262
3794,-833,3014,3793.00098,-832.438354,3013.95605
3794,-673,2534,3793.00098,-672.425415,2533.95605
1366,77,50,1366.5979,77.5821686,50.8015556
1366,77,60,1366.60559,77.5828934,59.2042274
3792,-673,2153,3791.00098,-672.414062,2152.95605
3350,-1376,1885,3349.67578,-1375.40186,1885.94592
539,-919,3634,538.955078,-918.398621,3634.99878
739,-919,3634,738.955872,-918.396423,3634.99902
3837,-1223,2733,3836.00098,-1222.37988,2732.95605
3837,-1223,3053,3836.00098,-1222.37988,3052.95605
1366,77,60,1366.99902,77.6251144,59.9558182
1366,77,50,1366.99902,77.6251144,49.9558182
1406,137,90,1406.99902,137.625549,89.9558182
1406,137,20,1406.99902,137.625549,19.9558182
1406,137,20,1406.99902,137.625549,19.9558182
4316,-675,581,4315.6875,-674.338562,580.05011
4517,-1203,3535,4517.77588,-1202.32458,3535.63062
4316,-675,1081,4315.6875,-674.320618,1080.05017
3557,-1075,2383,3557.96948,-1074.31799,2382.75488
4457,-860,3619,4456.84766,-859.299744,3619.98828
-2733,-3,-105,-2732.47559,-2.29707813,-104.148537
690,-919,4075,690.043701,-918.284729,4074.00098
3557,-1081,2423,3557.9314,-1080.27502,2422.63623
-3223,-1317,-1498,-3223.95117,-1316.27234,-1498.30847
3897,-983,1613,3897.21411,-982.271851,1612.02319
489,-919,4075,489.029633,-918.268494,4074.00049
4457,-860,3619,4456.95605,-859.261292,3619.99902
-3118,-1317,-1498,-3117.05347,-1316.25867,-1498.32251
-3232,-1292,-1619,-3232.98926,-1291.24805,-1619.14551
-4006,-1303,-242,-4005.69531,-1302.20764,-241.047562
2041,-1343,2975,2041.69629,-1342.20129,2975.71753
1801,-1343,3215,1801.70435,-1342.20117,3215.70972
-2733,-3,-105,-2733.0127,-2.19857669,-104.000084
4837,-1203,3215,4837.50195,-1202.19739,3215.86475
5080,-1318,-276,5080.90723,-1317.19275,-276.419922
-3109,-1302,-1560,-3108.00098,-1301.19128,-1560.04297
3350,-1376,1885,3349.8916,-1375.17896,1884.00598
-1431,-522,-1967,-1431.80884,-521.177246,-1967.58789
-644,-33,-1065,-643.000977,-32.1729584,-1065.04297
4837,-1203,2695,4837.51172,-1202.17017,2694.14087
3508,-498,888,3508.38867,-497.154083,888.921326
1366,77,50,1366.83044,77.9008179,50.5570068
1366,77,60,1366.8324,77.9024658,59.4458237
3385,-1310,1881,3384.49609,-1309.09314,1880.13635
-3109,-1292,-1619,-3108.01245,-1291.04346,-1619.15723
-2733,37,-45,-2733.74219,37.9629059,-44.3299179
4837,-1203,2695,4837.99902,-1202.03015,2694.95605
4837,-1203,3215,4837.99902,-1202.03015,3214.95605
2756,-503,155,2755.95801,-502.022705,155.999115
2756,-503,-45,2755.95654,-502.019073,-45.999054
-3223,-1317,-1498,-3223.97266,-1315.98474,-1497.76782
2516,-701,4245,2515.35449,-699.962036,4245.76367
3677,-983,2313,3677.92529,-981.953857,2313.37866
1798,-903,3975,1797.51904,-901.94458,3975.87671
3223,-1331,1886,3222.80786,-1329.92041,1886.98132
-3118,-1317,-1498,-3117.03027,-1315.87891,-1497.75586
2276,-303,155,2275.61377,-301.869446,155.922394
2276,-303,-45,2275.60913,-301.868408,-45.9204445
3897,-983,1613,3896.01562,-981.865173,1612.82397
3837,-983,1913,3836.01758,-981.85968,1912.81335
3597,-1035,2423,3597.9502,-1033.83789,2422.68848
3677,-983,2313,3677.94141,-981.823669,2312.66284
3718,-675,2174,3717.00098,-673.820923,2173.95605
3257,-1306,3107,3257.23926,-1304.81213,3106.02905
3257,-1306,3107,3257.23926,-1304.81213,3106.02905
3477,-1723,-2386,3477.99902,-1721.80383,-2386.04297
4848,-1159,3238,4848.99902,-1157.79089,3237.95605
4848,-1159,3238,4848.99902,-1157.78967,3237.95605
4848,-1159,2694,4848.99902,-1157.78967,2693.95605
3477,-1723,-2386,3477.99902,-1721.74316,-2386.04297
3477,-1723,-1626,3477.99902,-1721.74316,-1626.04297
1853,-1376,1885,1853.31689,-1374.72693,1884.05164
-4034,-1332,-270,-4033.69531,-1330.70996,-269.047577
3677,-983,2313,3677.99878,-981.708496,2312.95508
3677,-983,2573,3677.99878,-981.708496,2572.95508
1966,-1134,-1456,1966.22266,-1132.69177,-1456.97485
-522,-1683,-2984,-521.958984,-1681.68884,-2984.99902
-4034,-1332,-270,-4033.05371,-1330.67566,-269.676697
-1431,-522,-2045,-1431.80908,-520.66925,-2044.41235
5080,-1288,-306,5080.73291,-1286.66919,-306.680115
1798,-903,3975,1797.28442,-901.65741,3975.69849
3159,-818,3871,3158.0498,-816.656616,3870.68848
2982,-574,4202,2982.22754,-572.627014,4202.97363
-644,-18,-1035,-643.041016,-16.6178856,-1034.71655
1406,137,20,1406.70239,138.41188,20.7117577
1406,137,90,1406.70715,138.411987,89.2929459
3538,-468,888,3538.65137,-466.586517,888.758423
3792,-673,2153,3792.99609,-671.496948,2152.91187
3677,-983,2033,3677.99902,-981.474487,2032.95593
3677,-983,2193,3677.99902,-981.474487,2192.95605
3477,-1723,-1626,3477.57251,-1721.39734,-1625.18018
2516,-701,4245,2515.63184,-699.380066,4245.92969
3817,-538,3711,3816.98975,-536.352966,3711.99976
3837,-983,2033,3836.00098,-981.352112,2032.95593
3837,-983,2193,3836.00098,-981.352112,2192.95605
3508,-498,888,3508.84448,-496.337402,887.464478
-644,-18,-1035,-643.587646,-16.2892361,-1035.91101
3168,-773,3744,3168.98145,-771.273987,3743.80835
5080,-1318,-276,5079.46582,-1316.23999,-276.845245
4181,-671,625,4181.99219,-669.17511,625.123474
3764,-845,3594,3764.99121,-843.159363,3594.13086
-3233,-1302,-1560,-3233.99902,-1300.14563,-1560.04297
3168,-773,3744,3168.99121,-771.11084,3743.86792
3552,-449,1684,3551.02026,-447.096375,1683.7998
-1758,-597,-466,-1757.26855,-595.082397,-465.318115
1376,97,70,1376.99902,98.9386292,69.9558182
1376,97,40,1376.99902,98.9386292,39.9558182
1376,97,40,1376.99902,98.9386292,39.9558182
1798,-903,3975,1797.95593,-901.03363,3975.99902
1980,-1331,1883,1980.10645,-1328.99292,1882.00574
3223,-1331,1886,3222.89209,-1328.98584,1886.99414
3764,-845,3594,3763.95605,-842.979736,3594.99902
-1521,-1483,-1746,-1520.00098,-1480.96521,-1746.04297
-1521,-1483,-2266,-1520.00098,-1480.96521,-2266.04297
-1521,-1483,-1746,-1520.00098,-1480.96521,-1746.04297
3477,-1482,-1626,3477.99902,-1479.96423,-1626.04297
3477,-1482,-2385,3477.99902,-1479.96423,-2385.04297
3477,-1483,-2266,3476.00098,-1480.96118,-2266.04297
3477,-1483,-1746,3476.00098,-1480.96118,-1746.04297
3477,-1483,-2266,3476.00098,-1480.96118,-2266.04297
3257,-1306,3107,3256.57056,-1303.93713,3107.90308
2637,-1689,-2825,2637.42578,-1686.92847,-2825.90479
1853,-1376,1885,1853.99915,-1373.87598,1885.0387
3477,-1482,-2385,3477.99976,-1479.87244,-2385.0166
3944,-848,3593,3943.92358,-845.861572,3593.99707
3223,-1331,1886,3222.78442,-1328.81128,1885.02356
3508,-498,888,3508.99902,-495.789612,887.955872
3871,-1343,3213,3871.00684,-1340.7887,3213.99976
539,-919,3634,538.847412,-916.747864,3633.01172
5080,-1318,-276,5079.95654,-1315.69446,-276.999054
3677,-1023,2573,3676.95605,-1020.659,2572.00098
3159,-818,3871,3159.02148,-815.620361,3870.00024
3223,-1331,1886,3222.82324,-1328.57043,1885.01575
1440,-1323,998,1440.78845,-1320.56067,998.615051
739,-919,3634,738.853821,-916.554016,3633.01074
3159,-818,3871,3159.99414,-815.549866,3870.89209
1721,-1143,3255,1720.06348,-1140.54114,3255.35059
-756,-1063,-1456,-755.758789,-1060.5,-1456.97046
3817,-538,3711,3817.073,-535.492065,3711.99707
2597,-1423,1613,2596.95605,-1420.4917,1612.00098
2358,-1423,1613,2357.95605,-1420.4917,1612.00098
-614,12,-1035,-613.331299,14.5981321,-1035.74353
4181,-671,1125,4181.99023,-668.393616,1125.13733
1980,-1331,1883,1980.17493,-1328.39197,1882.0155
-1521,-1723,-1626,-1521.99902,-1720.3573,-1626.04297
-1521,-1723,-1626,-1521.99902,-1720.3573,-1626.04297
-1521,-1723,-2386,-1521.99902,-1720.3573,-2386.04297
3162,-738,3863,3162.99707,-735.288147,3862.92358
4517,-1363,3215,4517.55762,-1360.18701,3215.83008
3257,-1306,3107,3256.61035,-1303.17322,3107.9209
694,-953,4141,694.623596,-950.165344,4141.78174
505,-1683,-3185,505.575592,-1680.1554,-3185.81763
2441,-1343,3215,2440.95605,-1340.09985,3215.99902
2601,-1343,3215,2600.95605,-1340.09985,3215.99902
1440,-1323,998,1440.13147,-1320.0752,998.991272
3021,-1343,2975,3020.62207,-1340.04663,2975.92578
-1366,-289,-2068,-1365.93762,-286.038696,-2068.99805
1006,-333,395,1005.95795,-329.976471,395.999115
1406,-333,395,1405.95801,-329.976471,395.999115
1006,-333,395,1005.95795,-329.976471,395.999115
1406,-333,-285,1405.95654,-329.976379,-285.999054
1006,-333,-285,1005.95654,-329.976379,-285.999054
1406,-333,-285,1405.95654,-329.976379,-285.999054
-522,-1683,-2984,-522.516602,-1679.974,-2984.8562
492,-953,4141,492.620361,-949.934692,4141.78418
1818,-1310,1889,1818.03113,-1306.91675,1889.99951
3168,-773,3744,3167.00293,-769.912842,3743.92358
3168,-773,3744,3167.02905,-769.87146,3743.76074
3677,-983,2193,3677.80347,-979.747375,2192.40479
3817,-538,3711,3817.96265,-534.740601,3711.27026
2854,-1031,2643,2854.12207,-1027.72644,2643.99243
3385,-1310,1881,3384.95508,-1306.58154,1880.0011
3672,-831,3022,3672.12207,-827.534729,3022.99243
3672,-671,2542,3672.12207,-667.485291,2542.99243
-1366,-289,-1944,-1365.00098,-285.483612,-1943.95605
-1366,-289,-1944,-1365.93762,-285.463898,-1943.00195
3670,-671,2162,3670.11597,-667.408813,2162.99316
4335,-673,628,4335.98145,-669.405029,627.808289
-1366,-289,-2068,-1365.00098,-285.362793,-2068.04297
5196,-1143,3500,5196.69727,-1139.32996,3500.7168
3552,-449,1684,3551.6311,-445.236725,1683.07056
3552,-449,1684,3551.75537,-445.174225,1683.0304
4316,-675,1081,4316.42383,-671.100952,1081.90564
4316,-675,581,4316.42383,-671.055176,581.905701
3597,-1103,2613,3597.90308,-1099.05103,2612.57056
3154,-1063,-1702,3154.81934,-1058.97888,-1701.42676
-1521,-1723,-2386,-1521.51172,-1718.95703,-2386.85913
4216,-675,1087,4215.47656,-670.938599,1087.85193
4335,-673,1128,4335.98242,-668.876221,1127.81335
2676,-1508,-1145,2676.78467,-1503.84167,-1144.38013
-522,-1483,-987,-522.501953,-1478.69983,-986.135132
1166,-1063,-2731,1166.90198,-1058.6781,-2731.43164
1818,-1310,1889,1818.48828,-1305.66907,1889.87268
4916,-793,3230,4916.99902,-788.62616,3229.95605
3557,-1343,3215,3557.01685,-1338.4364,3215.99976
2637,-1689,-2825,2636.95605,-1684.37012,-2825.99902
2637,-1689,-2825,2637.75024,-1684.354,-2825.66113
3842,-855,3033,3841.01172,-850.192322,3033.15234
525,-899,3577,524.282532,-894.164001,3577.69653
704,-899,4131,704.71344,-894.154114,4130.29932
725,-899,3577,724.282959,-894.143372,3577.69702
503,-899,4131,503.709473,-894.09967,4130.29541
4216,-675,587,4215.47168,-670.092712,587.848938
3024,-1055,2654,3023.01172,-1050.07092,2654.15234
1406,107,-10,1406.87256,111.953697,-9.51149082
1406,107,-10,1406.87256,111.953697,-9.51149082
1406,107,120,1406.86792,111.954338,119.503296
1406,107,120,1406.86792,111.954338,119.503296
3794,-673,2534,3794.99707,-667.957336,2533.92358
3794,-833,3014,3794.99609,-827.957153,3013.91187
2601,-1343,3215,2601.24414,-1337.93457,3215.96973
3837,-1023,2573,3836.95508,-1017.89496,2572.00122
3677,-1023,2573,3676.95508,-1017.89496,2572.00122
1406,-333,395,1406.99902,-327.885193,394.955841
1406,-333,-285,1406.99902,-327.885193,-285.042267
1406,-333,395,1406.99902,-327.885193,394.955841
2976,-1033,2634,2976.99707,-1027.87024,2633.92358
4517,-1363,2695,4517.98438,-1357.84863,2694.82397
2861,-1343,2975,2861.65918,-1337.82141,2975.75195
3842,-695,2553,3841.01172,-689.768921,2553.15234
1006,-333,-285,1005.00092,-327.768341,-285.042267
1006,-333,395,1005.00092,-327.768341,394.957245
1006,-333,-285,1005.00092,-327.768341,-285.042267
-62,-1063,-2416,-61.4263382,-1057.75598,-2416.81909
-1315,-454,-2006,-1315.50696,-448.74881,-2005.13806
-1315,-454,-2006,-1315.53418,-448.738495,-2006.84534
744,-898,3623,743.078735,-892.700684,3623.38892
544,-898,3623,543.078735,-892.643433,3623.38892
1612,-1313,2787,1611.12195,-1307.51465,2787.47852
4173,-697,1118,4173.69629,-691.507996,1118.71765
4173,-697,618,4173.69629,-691.486145,618.71759
3085,-1063,-2425,3085.7688,-1057.46313,-2425.6394
1166,-1063,-2731,1166.99609,-1057.34851,-2731.08765
3385,-1310,1881,3385.03589,-1304.33496,1881.99927
2441,-1343,3215,2440.28418,-1337.26355,3215.69824
2201,-1343,2975,2200.29395,-1337.26355,2975.70801
3552,-449,1684,3551.62622,-443.2258,1683.07251
3385,-1310,1881,3384.73633,-1304.2179,1881.9646
1612,-1313,2787,1611.0592,-1307.10901,2787.33887
2861,-1343,2975,2861.67847,-1337.09985,2975.73462
2601,-1343,3215,2601.66821,-1337.09521,3215.7439
4517,-1363,3215,4517.99121,-1357.03577,3215.13086
711,-671,-1335,710.221741,-664.831848,-1335.62793
1166,-1063,-2731,1166.98816,-1056.82874,-2731.15332
711,-671,-1335,710.226196,-664.819519,-1335.63342
1209,-1063,-2448,1209.98816,-1056.8158,-2448.15259
820,-671,-1468,819.22583,-664.813354,-1468.63293
3841,-671,2162,3840.90137,-664.77356,2162.99512
3917,-1183,3215,3916.00098,-1176.77051,3214.95605
3917,-1183,3455,3916.00098,-1176.77051,3454.95605
-3132,-1296,-1378,-3132.04297,-1289.75757,-1378.99902
-3210,-1296,-1378,-3210.04297,-1289.75757,-1378.99902
-3132,-1296,-1378,-3132.04297,-1289.75757,-1378.99902
3024,-1031,2643,3023.90039,-1024.70959,2643.99487
3842,-671,2542,3841.90137,-664.686829,2542.99512
4517,-1363,2695,4517.99902,-1356.66394,2694.95605
3085,-1063,-2425,3084.95605,-1056.58582,-2425.99902
3842,-831,3022,3841.90137,-824.561768,3022.99512
3837,-1223,2733,3836.15527,-1216.55811,2733.53516
685,-898,4085,685.920532,-891.492126,4084.60938
4397,-1303,3384,4397.71631,-1296.4696,3384.69775
484,-898,4085,484.920441,-891.457947,4084.60913
1818,-1310,1889,1817.95508,-1303.44873,1888.0011
-1362,-492,-2046,-1362.99902,-485.417145,-2046.04297
-1362,-492,-2046,-1362.99902,-485.414795,-2046.04297
-1362,-492,-1966,-1362.99902,-485.414795,-1966.04297
2957,-1151,3868,2957.14526,-1144.38977,3868.98926
3517,-1263,2113,3517.9458,-1256.21948,2113.32422
3147,-1283,-206,3146.00098,-1276.20789,-206.042267
3147,-1283,-46,3146.00098,-1276.20789,-46.0425262
3147,-1283,-206,3146.00098,-1276.20789,-206.042267
736,-953,3567,735.370667,-946.036011,3566.2229
2957,-1343,3841,2956.67603,-1336.03552,3841.94604
536,-953,3567,535.370361,-945.959045,3566.22314
3796,-675,2560,3796.99414,-667.925476,2559.89209
3557,-1143,3455,3557.99512,-1135.9071,3455.09814
3796,-835,3040,3796.99512,-827.86969,3039.90137
4916,-793,3230,4916.99902,-785.853088,3229.95605
4199,-677,1077,4198.51172,-669.846802,1077.87268
1818,-1310,1889,1818.23926,-1302.7384,1888.02905
1466,-1063,-2386,1466.4613,-1055.7196,-2386.88721
3841,-671,2162,3840.86719,-663.546204,2161.00903
3794,-675,2179,3794.99512,-667.417725,2178.90137
2677,-1343,3215,2676.02344,-1335.38745,3214.78491
690,-919,4075,690.116211,-911.362183,4075.99316
2978,-1035,2660,2978.99316,-1027.23914,2659.8833
3842,-831,3022,3841.86719,-823.233398,3021.00903
3557,-1343,3215,3557.98828,-1335.12085,3215.1521
3674,-857,3012,3673.72949,-849.12085,3012.96265
3837,-1223,3053,3836.0293,-1215.0824,3052.75977
3477,-1723,-2386,3477.04224,-1715.06995,-2386.99902
2095,-1134,-1426,2095.23926,-1126.05847,-1426.97095
3024,-1031,2643,3023.86719,-1023.00366,2642.00903
4916,-793,3230,4916.97266,-784.965332,3229.76782
2856,-1057,2632,2855.73633,-1048.94043,2632.9646
3163,-750,3919,3163.78906,-741.92926,3918.38574
3842,-671,2542,3841.87549,-662.897278,2541.00781
3674,-697,2532,3673.73633,-688.834473,2532.9646
3842,-671,2542,3842.98828,-662.779663,2542.1521
3841,-671,2162,3841.98828,-662.748413,2162.15234
3024,-1031,2643,3024.98706,-1022.65155,2643.15918
484,-898,4085,483.072998,-889.572083,4085.375
685,-898,4085,684.072205,-889.512024,4085.37305
3842,-831,3022,3842.98438,-822.472778,3022.17529
4517,-1363,3215,4517.17578,-1354.4646,3215.98438
544,-898,3623,544.925598,-889.42395,3622.62158
2901,-1035,2655,2900.00098,-1026.38708,2654.95605
2358,-1143,1613,2357.80273,-1134.38391,1612.01965
489,-919,4075,489.123383,-910.370361,4075.99219
744,-898,3623,744.925598,-889.361145,3622.62158
3719,-675,2555,3718.00098,-666.296326,2554.95605
2637,-1689,-2825,2637.57275,-1680.172,-2825.81958
3719,-835,3035,3718.00098,-826.027039,3034.95605
4707,-1483,-206,4707.99902,-1473.76111,-206.042267
4707,-1483,-406,4707.99902,-1473.76111,-406.042267
4707,-1483,-206,4707.99902,-1473.76111,-206.042267
4707,-1483,154,4707.99902,-1473.76111,153.955826
4707,-1483,-46,4707.99902,-1473.76111,-46.0425262
4707,-1483,154,4707.99902,-1473.76111,153.955826
1406,107,-10,1406.85193,116.286568,-9.47638416
1406,107,-10,1406.85193,116.286568,-9.47638416
1406,107,120,1406.85901,116.309067,119.488045
1406,107,120,1406.85901,116.309067,119.488045
4296,-677,1091,4296.46289,-667.661255,1091.88623
2903,-1042,2629,2902.00098,-1032.61182,2628.95605
4296,-677,591,4296.44922,-667.586914,591.893127
3719,-682,2148,3718.00098,-672.586487,2147.95605
3721,-682,2528,3720.00098,-672.576965,2527.95605
3367,-1283,-206,3367.99902,-1273.57581,-206.042267
3367,-1283,-206,3367.99902,-1273.57581,-206.042267
3367,-1283,-46,3367.99902,-1273.57581,-46.0425262
3837,-1223,2733,3836.95605,-1213.49426,2733.99902
3677,-1223,2733,3676.95605,-1213.49426,2733.99902
1566,-1063,-2731,1565.56702,-1053.37024,-2731.90137
503,-899,4131,502.127319,-889.355469,4131.48828
704,-899,4131,703.127319,-889.347839,4131.48828
2957,-1151,3868,2956.24805,-1141.34094,3868.65918
2957,-1151,3868,2956.24805,-1141.34094,3868.65918
3721,-842,3008,3720.00098,-832.251404,3007.95605
3367,-1283,-206,3366.95703,-1273.20483,-206.999069
3147,-1283,-206,3146.95703,-1273.20483,-206.999069
3367,-1283,-206,3366.95703,-1273.20483,-206.999069
3147,-1283,-46,3146.98633,-1273.16675,-45.0000954
3367,-1283,-46,3366.98633,-1273.16675,-45.0000954
3147,-1283,-46,3146.98633,-1273.16675,-45.0000954
3162,-738,3863,3161.00098,-728.159424,3862.95605
3672,-697,2151,3671.73633,-687.112366,2151.9646
3163,-750,3919,3162.04858,-740.049316,3918.69214
2041,-1343,2975,2040.95593,-1332.95178,2975.99902
2201,-1343,2975,2200.95605,-1332.95178,2975.99902
3670,-671,2162,3670.07568,-660.853027,2161.00293
3667,-1483,-406,3666.00098,-1472.7771,-406.042267
3667,-1483,-206,3666.00098,-1472.7771,-206.042267
3667,-1483,-206,3666.00098,-1472.7771,-206.042267
3667,-1483,-46,3666.00098,-1472.7771,-46.0425262
3667,-1483,154,3666.00098,-1472.7771,153.955826
3667,-1483,154,3666.00098,-1472.7771,153.955826
3168,-773,3744,3168.04395,-762.619751,3744.99902
725,-899,3577,725.867615,-888.50116,3576.50293
66,-1063,-2386,66.2351303,-1052.4679,-2386.97192
525,-899,3577,525.871948,-888.436523,3576.5105
2854,-1031,2643,2854.07568,-1020.10272,2642.00293
-629,-1063,-1426,-628.758789,-1052.07605,-1426.97046
4397,-1303,3384,4397.70605,-1291.79785,3384.70801
3672,-671,2542,3672.07617,-659.691284,2541.00293
3677,-983,2193,3676.95605,-971.689087,2192.00098
3902,-1259,2825,3901.09644,-1247.65466,2825.42822
3020,-1055,2632,3019.01074,-1043.59753,2632.14551
3672,-831,3022,3672.07568,-819.593079,3021.00293
820,-671,-1468,819.300842,-659.344116,-1467.28503
725,-671,-1558,724.299866,-659.341003,-1557.28601
3677,-1023,2033,3677.52661,-1011.27838,2033.8501
2676,-1508,-1145,2676.48047,-1496.09058,-1144.12305
4335,-673,628,4334.00098,-661.034851,627.955872
4335,-673,1128,4334.00098,-661.032043,1127.95593
1980,-1331,1883,1979.00098,-1318.95142,1883.04211
-522,-1483,-987,-521.961914,-1470.78247,-986.000732
820,-671,-1468,819.30188,-658.622559,-1467.28406
4181,-671,625,4180.03516,-658.523315,624.737183
4181,-671,1125,4180.03516,-658.414978,1124.73718
4258,-1303,3535,4258.71289,-1290.24109,3535.70117
1390,37,118,1390.52734,50.0441971,118.849617
1406,37,108,1406.53223,50.0466042,108.846596
1390,37,-8,1390.52734,50.0802994,-8.84964848
1406,37,2,1406.52246,50.0819016,1.14733684
4335,-673,1128,4335.3623,-659.734619,1128.93201
3714,-881,3751,3714.16309,-867.563171,3751.98657
4335,-673,628,4335.34961,-659.489441,628.93689
3837,-1046,2193,3836.89209,-1032.14624,2192.00586
4199,-677,577,4198.51025,-663.015686,577.871826
1466,-1063,-2386,1466.38904,-1048.81946,-2386.92114
2854,-1031,2643,2853.02905,-1016.40405,2642.76074
3016,-1343,3075,3016.18628,-1328.11694,3074.01758
3838,-855,3012,3837.01172,-839.985352,3012.15161
3670,-671,2162,3669.02905,-655.875549,2161.76074
2677,-1343,3215,2676.00098,-1327.74146,3214.95605
2677,-1343,3535,2676.00098,-1327.74146,3534.95605
4181,-671,1125,4180.28271,-655.718933,1125.69678
3672,-671,2542,3671.02905,-655.579712,2541.76074
3838,-695,2532,3837.01172,-679.561951,2532.15161
4181,-671,625,4180.28271,-655.498474,625.696655
3672,-831,3022,3671.02905,-815.441406,3021.76074
-1922,-1363,-1425,-1921.21472,-1347.27441,-1425.61914
2095,-1134,-1426,2094.02905,-1117.76599,-1426.23926
2861,-1343,2975,2861.99927,-1325.42114,2975.03711
3021,-1343,2975,3020.00049,-1323.60986,2975.02954
2195,-1134,-1626,2194.95605,-1114.52246,-1625.00098
2195,-1134,-1626,2194.95605,-1114.52246,-1625.00098
1995,-1134,-1626,1994.95593,-1114.52246,-1625.00098
3667,-1483,-406,3666.95654,-1463.32214,-406.999054
3667,-1483,-406,3666.95654,-1463.32214,-406.999054
4707,-1483,-406,4706.95654,-1463.32214,-406.999054
3667,-1483,154,3666.95801,-1463.30249,154.999115
4707,-1483,154,4706.95801,-1463.30249,154.999115
4707,-1483,154,4706.95801,-1463.30249,154.999115
3667,-1483,-46,3666.95679,-1463.29553,-46.9990654
3667,-1483,-46,3666.95679,-1463.29553,-46.9990654
4707,-1483,-46,4706.95703,-1463.29553,-46.9990654
3667,-1483,-206,3666.95801,-1463.27625,-205.000885
4707,-1483,-206,4706.95801,-1463.27625,-205.000885
4707,-1483,-206,4706.95801,-1463.27625,-205.000885
2676,-1508,-1145,2676.20142,-1488.1792,-1144.02051
-3210,-1363,-1426,-3210.04297,-1342.70422,-1426.99902
-3562,-1363,-1426,-3562.04297,-1342.70422,-1426.99902
-3562,-1363,-1426,-3562.04297,-1342.70422,-1426.99902
3557,-1343,3215,3557.23926,-1322.31909,3214.02905
2041,-1343,2975,2040.95593,-1322.25928,2975.99902
1995,-1134,-1626,1995.98425,-1113.14893,-1625.82324
2041,-1343,2975,2040.95593,-1321.89014,2975.99902
-1922,-1363,-1425,-1922.04297,-1341.82312,-1425.99902
711,-671,-1335,711.48938,-649.544128,-1335.87207
538,-671,-1435,538.496277,-649.532898,-1435.86816
1995,-1134,-1626,1995.9823,-1112.45874,-1625.81274
66,-1063,-2386,65.0468521,-1041.38037,-2386.30249
-629,-1063,-1426,-629.95575,-1040.83411,-1426.29395
1466,-1063,-2386,1466.23926,-1039.15588,-2386.97095
1209,-1063,-2448,1209.22266,-1039.08777,-2448.97485
4490,-1137,2248,4490.99512,-1112.651,2247.90137
1390,37,-8,1390.60254,61.579483,-7.20191097
1406,37,-20,1406.59766,61.579483,-19.1982479
4387,-772,2651,4387.16309,-747.374023,2650.01343
1406,37,130,1406.59314,61.6390686,129.194901
1390,37,118,1390.59485,61.6390686,117.196167
1966,-1134,-1456,1966.9823,-1108.63428,-1455.81274
3223,-1331,1886,3223.99902,-1305.11902,1885.95593
3016,-1343,3075,3016.23926,-1316.46472,3074.02905
1166,-1063,-2731,1166.58008,-1035.71362,-2731.81445
3840,-695,2173,3839.01172,-667.510193,2173.1521
725,-671,-1558,725.699158,-643.477478,-1557.28503
3016,-1343,3075,3015.95605,-1315.45825,3074.00098
2861,-1343,3075,2860.95605,-1315.45825,3074.00098
1966,-1134,-1456,1966.63281,-1106.16504,-1456.77429
2701,-1703,3358,2700.10962,-1674.41602,3357.54492
-522,-1483,-987,-521.955872,-1454.29333,-986.000977
3917,-1183,3215,3916.01758,-1153.56323,3215.18604
-1511,-1363,-906,-1510.21423,-1333.46936,-906.618469
4397,-1303,3384,4396.00098,-1273.43774,3383.95605
-1922,-1363,-1425,-1922.04297,-1333.07715,-1425.99902
4322,-697,1134,4321.38916,-666.007629,1133.20825
4322,-697,634,4321.38867,-665.98999,633.208679
-529,-1063,-1626,-529.042969,-1029.63123,-1625.00098
-529,-1063,-1626,-529.042969,-1029.63123,-1625.00098
-729,-1063,-1626,-729.042969,-1029.63123,-1625.00098
166,-1063,-2586,165.955826,-1028.828,-2585.00098
166,-1063,-2586,165.955826,-1028.828,-2585.00098
-34,-1063,-2586,-34.0425262,-1028.828,-2585.00098
4343,-697,1118,4342.38574,-662.633728,1117.21094
4343,-697,618,4342.38525,-662.616089,617.211304
538,-671,-1435,538.534241,-636.521362,-1435.84521
-3132,-1363,-1426,-3132.04297,-1328.33862,-1426.99902
4316,-675,581,4315.16797,-640.223999,581.554626
4316,-675,1081,4315.16797,-639.956177,1081.55469
3837,-1023,2573,3836.95605,-987.15271,2572.00098
1992,-1063,-2865,1991.68762,-1026.12085,-2865.94995
3837,-983,2033,3837.02856,-945.776978,2033.99951
2861,-1343,3075,2860.38477,-1305.31421,3074.21167
3836,-695,2152,3835.0166,-657.297729,2152.18066
-729,-1063,-1626,-728.015442,-1024.99414,-1625.82495
-34,-1063,-2586,-33.0148849,-1024.67664,-2585.82812
-729,-1063,-1626,-728.015442,-1023.56787,-1625.82495
-34,-1063,-2586,-33.0129509,-1023.11914,-2585.8396
4327,-823,1443,4327.69727,-782.614746,1443.7168
4397,-1303,3384,4396.00098,-1261.5481,3383.95605
4397,-1303,3535,4396.00098,-1261.5481,3534.95605
820,-671,-1468,819.029053,-628.137268,-1467.76074
-756,-1063,-1456,-755.425842,-1018.81598,-1456.81873
-62,-1063,-2416,-61.0138779,-1017.17627,-2415.83398
4327,-823,1443,4327.69629,-776.467102,1443.71765
4337,-823,1433,4337.69775,-776.467102,1433.71619
1566,-1063,-2731,1565.68762,-1015.16998,-2731.94995
3477,-1723,-1626,3476.79346,-1673.37573,-1625.02161
-1922,-1363,-1425,-1921.16968,-1311.81604,-1425.55725
4387,-772,2651,4387.21387,-714.367371,2650.02319
820,-671,-1468,819.034912,-613.167236,-1467.73816
2677,-1343,3215,2676.37891,-1284.77905,3214.21631
4216,-675,587,4215.0957,-616.125732,586.57312
4216,-675,1087,4215.08887,-616.046936,1086.58789
3792,-673,2153,3792.03979,-609.071411,2153.99902
3794,-833,3014,3794.03711,-769.045959,3014.99927
3794,-673,2534,3794.03711,-608.269348,2534.99927
2976,-1033,2634,2976.03711,-968.011597,2634.99927
1390,37,118,1390.72375,102.580368,118.689995
1390,37,-8,1390.72961,102.652802,-8.68382549
3697,-823,1293,3696.28271,-742.225647,1292.30322
3707,-823,1283,3706.28247,-742.225647,1282.30359
-756,-1063,-1456,-755.015442,-980.822021,-1455.82495
3697,-823,1293,3696.28247,-738.930725,1292.30359
3871,-1343,3213,3870.84741,-1257.69702,3213.98828
4547,-1071,-1388,4546.95605,-976.646606,-1388.99902
4227,-1071,-1388,4226.95605,-976.646606,-1388.99902
4547,-1071,-1388,4546.95605,-976.646606,-1388.99902
4227,-1071,-663,4226.95605,-975.503784,-662.000977
4547,-1071,-663,4546.95605,-975.503784,-662.000977
4227,-1071,-663,4226.95605,-975.503784,-662.000977
4187,-663,173,4186.28711,-563.008057,172.298737
4177,-663,183,4176.29883,-560.424622,182.287018
4187,-663,173,4186.29004,-560.408264,172.295761
-4107,-1123,-1813,-4106.30322,-1012.26245,-1813.71729
3917,-1183,3215,3916.99585,-1071.42261,3215.99976
1566,-1063,-2731,1565.99927,-941.530273,-2731.99976
-3910,-1123,-1615,-3909.30078,-996.981262,-1615.71484
4227,-1071,-1388,4226.95605,-927.829468,-1388.99902
4547,-1071,-1388,4546.95605,-927.829468,-1388.99902
4547,-1071,-663,4546.95605,-925.829529,-662.000977
4227,-1071,-663,4226.95605,-925.829529,-662.000977
3542,-1503,3147,3541.3186,-1263.77344,3147.73169
-1362,-492,-2046,-1361.9668,-252.299988,-2045.00061
4336,-683,645,4335.01562,-427.474121,644.823975
4336,-683,1145,4335.01562,-424.649475,1144.82397
-1362,-492,-1966,-1361.95703,-231.779907,-1966.99902
-4107,-1123,-1756,-4106.28809,-773.309753,-1756.70215
-3910,-1123,-1558,-3909.30273,-732.796936,-1558.7168
1798,-903,3975,1798.42395,-369.953613,3975.90552
-1839,57,-456,-1838.33789,623.380981,-456.74939
3719,-675,2555,3719.04346,63.1980705,2554.00098
2901,-1035,2655,2901.04224,-290.391144,2654.00098
3719,-835,3035,3719.04346,-85.5358505,3034.00098
3718,-675,2174,3718.03516,83.5974503,2173.00073
2637,-523,-2825,2637.45898,777.642944,-2825.88843
-3562,-597,-466,-3562.04199,778.158081,-465.000885
3917,-1183,3215,3916.95605,295.809143,3215.99902
-1758,-597,-466,-1757.9845,919.381042,-465.000122
3477,-523,-2386,3477.4668,1453.95569,-2386.88428
-3562,-597,-1399,-3562.99902,1518.81079,-1399.04297
-3562,-597,-466,-3562.99976,1654.23523,-465.983856
-2742,-597,-465,-2742.04199,1708.44788,-464.000885
-2742,-597,-465,-2742.04199,1788.21814,-464.000885
-2742,-597,-465,-2742.03027,1826.71704,-464.000488
-1848,57,-465,-1847.3385,3435.89526,-465.749939
