612,168,-437,611.679688,168.101486,-437.947296
246,75,1835,245.955826,75.1020584,1834.00098
-1753,66,-810,-1753.93127,66.103157,-810.364136
-1753,66,-810,-1753.9176,66.1373291,-810.397278
-1871,494,-343,-1871.93628,494.137604,-342.648773
378,83,1830,377.955841,83.1392365,1829.00098
-148,232,861,-147.000885,232.176926,861.041992
-204,119,1539,-203.568985,119.182205,1538.09766
-114,182,-510,-114.999031,182.198425,-510.043945
-56,68,-278,-55.0722618,68.2164078,-277.62677
-1003,330,1250,-1002.03003,330.249969,1249.75684
-1011,328,734,-1011.92059,328.265564,733.609497
-204,119,1539,-203.005066,119.266708,1538.89954
-1470,387,504,-1469.00098,387.349884,503.955841
-292,235,1606,-292.726166,235.365768,1606.6875
254,94,1600,254.16954,94.387146,1600.98547
327,188,922,327.644562,188.415512,922.764526
-996,313,1255,-996.936157,313.417572,1254.64844
-114,182,-510,-114.766273,182.462433,-510.642487
-165,83,1871,-165.796402,83.4721451,1871.60474
198,169,1553,197.318756,169.472595,1553.73206
-113,182,-587,-113.999001,182.47348,-587.044617
-1470,387,504,-1469.00098,387.48288,503.955841
-710,124,1383,-709.167297,124.48719,1383.55371
-400,223,1040,-400.95639,223.491638,1040.29199
-149,226,807,-148.008865,226.495789,806.867188
-559,44,-519,-559.999023,44.5211029,-519.042969
-283,201,1561,-283.71347,201.525314,1561.70068
-1023,326,740,-1022.82916,326.527557,739.014709
-559,44,-519,-559.988159,44.5318336,-519.153076
-1293,345,1149,-1292.0155,345.531891,1148.82471
-621,167,1376,-620.074097,167.532898,1376.37769
-650,167,1446,-649.078674,167.533127,1446.38867
-160,165,1603,-160.681854,165.535202,1603.73145
-1655,267,565,-1655.84924,267.535645,565.527954
-685,180,-785,-684.04071,180.544357,-784.71759
-95,142,-595,-95.7814026,142.54892,-595.624023
-345,291,1022,-344.747192,291.557007,1021.03253
-1655,267,565,-1655.91492,267.562439,565.403625
-1015,328,741,-1014.84668,328.572998,740.011841
405,104,-767,404.335419,104.582672,-767.747192
-4,207,1648,-4.72744894,207.596268,1648.68616
-204,119,1539,-203.000916,119.596405,1538.95728
-4,207,1648,-4.81728935,207.613953,1648.57617
373,80,2198,372.345551,80.6143723,2197.2439
495,54,2382,495.872681,54.6291351,2382.48828
-771,339,1003,-771.658325,339.629822,1003.75269
-31,166,-262,-31.6152115,166.636856,-262.788361
-400,223,1040,-400.97467,223.651535,1040.22363
304,100,1588,304.389801,100.654099,1588.9209
353,48,-769,352.347107,48.6661072,-769.757446
-844,345,841,-843.496643,345.671997,841.864075
-1139,345,721,-1138.50977,345.701416,721.871582
-199,26,1541,-198.29039,26.7314281,1541.70459
146,111,-762,145.000931,111.766594,-761.956909
376,35,1489,376.710327,35.7870255,1489.70386
355,60,-782,354.438385,60.8161278,-782.827393
495,54,2382,495.707153,54.8177757,2382.70703
114,67,1840,114.07547,67.8245544,1839.00293
-126,248,857,-125.007973,248.828979,857.125977
146,111,-762,145.119278,111.849968,-762.473633
-689,160,1233,-688.189697,160.866821,1232.41406
-1171,339,1279,-1171.92957,339.887024,1278.63135
219,212,872,218.026993,212.89476,872.230774
414,9,16,414.377472,9.9099741,16.9260197
-4,207,1648,-3.08069897,207.947372,1648.39355
85,161,1645,84.0268097,161.96228,1645.22998
66,124,-64,65.0029144,124.970406,-63.9237099
-134,66,-534,-133.657333,66.9782639,-534.939453
304,100,1588,304.397858,100.979782,1588.91736
-86,114,1600,-85.7436905,114.995834,1600.96655
-145,65,-305,-145.721146,65.9998703,-305.69278
456,80,2150,455.489502,81.0025711,2149.14014
373,80,2198,372.484406,81.005455,2197.14331
85,161,1645,84.0229797,162.012634,1645.21313
345,127,878,345.041321,128.017029,877.000854
-203,260,1579,-203.180237,261.018921,1579.98352
52,257,1604,51.4884491,258.019531,1603.14075
-232,170,1572,-232.472443,171.035248,1572.88135
-116,74,-317,-116.296593,75.0386353,-317.954987
-468,275,1178,-468.947296,276.053131,1178.32031
-52,137,-635,-52.9979782,138.126282,-634.936523
52,257,1604,51.6186714,258.14212,1604.92444
198,169,1553,198.599243,170.145996,1552.19946
334,138,1512,334.599243,139.158432,1511.19946
-88,241,1596,-88.9948959,242.169159,1596.10059
52,257,1604,52.9176636,258.170044,1603.60266
334,138,1512,333.248901,139.176727,1512.66016
566,83,1822,566.904846,84.1873245,1821.57434
566,83,1822,566.904846,84.1873245,1821.57434
-283,78,-638,-282.060944,79.1902466,-637.65625
373,83,1530,373.293549,84.1932144,1530.95593
-1139,345,721,-1139.64453,346.203094,721.764526
455,117,15,455.381714,118.203888,15.9242735
496,114,29,495.287445,115.207977,29.7016163
373,83,1530,373.218903,84.216423,1530.97559
-710,124,1383,-709.47168,125.240593,1383.849
-853,344,864,-852.059204,345.241547,864.338928
-844,345,841,-844.644531,346.243713,841.764526
248,189,883,247.009003,190.270172,883.13385
-72,88,1974,-72.7251511,89.274231,1974.68848
-670,123,1319,-669.301758,124.275688,1319.71582
137,102,-50,137.264969,103.28553,-49.0357437
-994,314,1246,-994.633972,315.287048,1246.77332
-235,275,864,-235.89682,276.291321,864.442383
-98,80,2621,-98.9009399,81.2941589,2620.56616
-994,314,1246,-994.651367,315.295837,1246.75867
352,172,866,352.811035,173.29924,866.584961
-221,80,-823,-220.047165,81.3211746,-822.696533
-95,142,-595,-94.9558182,143.337738,-595.999023
345,127,878,345.146118,128.341965,877.010742
-1024,343,733,-1024.92114,344.344727,732.610779
-462,229,1001,-462.89682,230.357559,1001.44238
-368,81,-254,-367.956543,82.3578949,-253.000946
-1293,345,1149,-1292.23547,346.369019,1148.35547
-204,119,1539,-204.930115,120.377853,1538.63281
-368,81,-254,-367.956543,82.3820724,-253.000946
338,54,1514,338.292572,55.3822594,1514.95618
-160,91,1585,-159.587082,92.4071732,1585.91077
-160,91,1585,-159.587082,92.411087,1585.91077
-67,192,1586,-67.2227097,193.417542,1585.02515
-618,200,1369,-617.095215,201.46907,1368.57422
-844,345,841,-843.76001,346.478851,840.029236
-1556,331,274,-1556.68555,332.481628,273.271973
91,102,-37,91.2723007,103.513451,-36.0377884
373,80,2198,372.345551,81.5223083,2197.2439
308,174,907,308.663696,175.532959,907.747986
-235,275,864,-234.318298,276.536774,864.731628
607,67,-118,606.740356,68.5604553,-117.034302
-92,203,-194,-92.1543808,204.563492,-193.011993
234,167,1583,233.012909,168.569229,1582.83984
-221,80,-823,-220.001846,81.5854187,-823.060669
175,52,7,174.096817,53.5997314,7.42925549
345,127,878,345.880798,128.601685,877.52655
541,40,2323,541.632935,41.6021004,2323.77417
422,119,1596,422.599243,120.605118,1595.19946
-253,83,-983,-252.04747,84.6119843,-983.304443
-33,111,2486,-33.8774147,112.613403,2485.52051
-1099,89,-1169,-1098.02319,90.6149292,-1169.21411
-345,291,1022,-344.589111,292.626221,1022.91168
175,52,7,174.668701,53.6351089,7.94352579
26,238,1583,26.800869,239.65506,1582.40125
139,80,2798,139.990875,81.6554871,2798.13477
-72,88,1974,-72.3505707,89.6622696,1974.93652
-1351,338,976,-1350.15015,339.672607,976.526978
-354,293,1551,-354.94339,294.685608,1551.33167
-520,285,1346,-519.891907,286.695801,1345.00586
78,58,3158,78.9917831,59.7112427,3158.12769
-234,195,1604,-234.461807,196.723343,1604.88696
390,127,960,390.880829,128.736008,959.526611
-1171,339,1279,-1170.47168,340.759125,1279.849
-431,86,-1146,-430.33432,87.7835083,-1146.74622
-1099,89,-1169,-1098.02136,90.7882156,-1169.20557
495,54,2382,495.708099,55.8383446,2382.70605
114,101,-25,113.150299,102.841393,-25.5272617
124,121,-107,123.150391,122.851746,-107.527412
680,123,-507,680.89801,124.854385,-507.43988
-349,77,-573,-348.104187,78.8740616,-572.555603
-1293,345,1149,-1293.97058,346.887146,1149.24072
-92,203,-194,-92.5463028,204.888412,-193.162415
-281,175,803,-280.538727,176.891418,802.112793
648,128,-509,648.041992,129.896042,-509.999115
385,30,-765,384.957245,31.9126034,-765.999084
-431,86,-1146,-430.318756,87.9170303,-1146.73206
-598,181,-908,-597.784241,182.980331,-907.02356
-853,344,864,-853.644592,345.993561,864.764526
-98,80,2621,-98.9979782,81.994751,2621.06348
461,52,2440,461.963715,54.0008316,2440.26685
-206,208,818,-205.779572,210.053772,817.024597
-689,160,1233,-688.08844,162.054626,1232.58887
386,116,97,386.987854,118.120605,96.8446198
655,105,-357,654.294983,107.120667,-357.709167
254,94,1600,253.494476,96.124527,1600.86279
-206,208,818,-205.403503,210.141586,817.197388
139,88,2658,139.999115,90.1740036,2657.95801
-9,61,-234,-9.85441399,63.2053032,-234.519592
-203,260,1579,-203.880692,262.20752,1578.52637
-231,96,1567,-231.061401,98.2170792,1566.00195
146,111,-762,146.9991,113.222832,-762.042358
-253,83,-983,-252.021881,85.2345352,-983.208008
276,96,2231,275.590057,98.235939,2230.08789
139,88,2658,139.999115,90.2474518,2657.95801
-368,81,-254,-368.460327,83.2601395,-253.112259
-283,78,-638,-282.288116,80.2812881,-637.297729
102,113,2265,101.003044,115.32402,2264.92212
266,75,2050,265.847382,77.3260498,2050.98828
-853,344,864,-853.915405,346.327026,863.597473
293,121,2611,293.342316,123.350975,2611.93945
-771,339,1003,-771.931335,341.364868,1002.63586
378,83,1830,377.702942,85.3897018,1829.04517
378,83,1830,377.702942,85.3897018,1829.04517
628,70,1970,628.93634,72.4310837,1969.64893
324,102,300,324.789978,104.458702,300.613129
-1011,328,734,-1011.67773,330.464508,734.735291
456,80,2150,455.018036,82.4650345,2150.18896
-1298,338,1115,-1298.19043,340.469086,1115.98169
-1171,339,1279,-1170.82324,341.48114,1278.01575
79,67,1736,79.9777069,69.5024414,1736.20984
79,67,1736,79.9807129,69.5093994,1736.19531
-545,87,-343,-545.467896,89.5100861,-342.116241
636,101,2186,636.844116,103.519753,2186.53613
-1450,338,984,-1450.99304,340.530945,984.116882
461,52,2440,461.866486,54.5346222,2440.49902
-206,208,818,-205.600403,210.535995,817.083313
-1081,89,-1168,-1081.6582,91.5708771,-1167.24719
202,89,-740,202.322784,91.6034698,-740.946472
-140,94,1746,-140.97258,96.6087418,1745.76758
-1311,400,635,-1310.0885,402.610077,634.588745
324,102,300,324.178528,104.615349,300.983917
-1081,89,-1168,-1081.6582,91.6399002,-1167.24719
26,238,1583,26.9807262,240.654999,1582.80469
-1024,343,733,-1023.77557,345.669952,732.025513
655,105,-357,655.517578,107.679337,-356.144379
-853,344,864,-852.04364,346.680206,863.707825
-1666,358,483,-1666.99719,360.694153,483.074402
-393,138,399,-393.951477,140.700089,398.692291
-853,344,864,-852.900391,346.703522,863.005005
-771,339,1003,-770.900696,341.706696,1002.00494
449,35,2437,449.873718,37.7146492,2437.48633
-1333,302,-1335,-1332.82324,304.716278,-1335.98425
-116,74,-317,-115.395897,76.7331696,-316.203094
-237,81,-903,-236.021896,83.7357025,-903.208069
-393,138,399,-393.914032,140.748505,398.59436
-1139,345,721,-1138.02051,347.760803,720.798523
328,148,-779,328.969727,150.840225,-779.244141
-1015,328,741,-1015.92078,330.84137,740.609924
-1015,328,741,-1015.90106,330.851715,740.566406
-256,69,-263,-255.410843,71.8608246,-262.191986
-1450,338,984,-1450.3114,340.904968,983.049744
114,67,1840,114.946274,69.9171753,1839.67664
79,67,1736,79.933754,69.920639,1735.64209
-1848,51,-768,-1848.98425,53.9270554,-767.823242
386,116,97,386.993042,118.927895,96.8822403
-256,69,-263,-255.410965,71.9326172,-262.191895
-51,192,1629,-51.981884,194.963867,1629.18945
-651,200,1295,-650.094543,202.975983,1294.57556
1316,274,721,1316.81873,277.011688,721.574097
182,38,0,181.182587,41.0224419,0.576048791
678,88,2111,678.958984,91.0601883,2110.71655
-121,36,-496,-121.258408,39.0741196,-496.966034
1436,274,45,1436.83435,277.092377,44.4487686
276,96,2231,275.860596,99.0953445,2230.00977
1606,274,304,1606.83728,277.112122,303.453247
98,71,548,98.99897,74.1130753,548.045349
-844,345,841,-843.189758,348.130493,841.58606
-1293,345,1149,-1292.11572,348.143585,1149.4668
-337,137,273,-337.914154,140.154709,272.594635
456,80,2150,455.003876,83.1931458,2150.08789
516,38,-14,516.960938,41.1944618,-13.7232351
-80,67,2799,-80.9990692,70.220108,2798.95703
-520,285,1346,-520.08728,288.264984,1345.00391
114,168,2219,113.196617,171.28331,2218.40454
620,165,-451,619.235474,168.296036,-450.355408
248,189,883,247.002914,192.331894,882.923767
-80,67,2799,-80.9990692,70.3425217,2798.95703
-1293,345,1149,-1293.95886,348.351013,1149.28381
-771,339,1003,-770.44574,342.368958,1003.83234
79,67,1736,79.9477615,70.3885727,1735.68103
123,90,138,122.56237,93.3932266,137.100845
-1159,324,1276,-1159.58984,327.396759,1276.8075
404,104,-782,404.991974,107.419586,-782.126404
-140,94,1746,-140.953537,97.4255753,1745.69873
-614,247,1358,-613.088501,250.426804,1357.58875
-365,137,336,-365.914032,140.429077,335.59436
-235,39,1571,-234.437134,42.4321671,1571.82654
-216,248,1619,-215.11824,251.450729,1618.52832
-1011,328,734,-1011.62305,331.456787,734.781982
607,67,-118,607.535156,70.4600983,-118.844749
-80,67,2799,-80.9990692,70.4791183,2798.95703
-350,143,554,-350.960907,146.479935,554.276855
-1171,339,1279,-1171.50684,342.483398,1279.86194
159,98,2463,158.001907,101.500023,2462.93848
-1024,343,733,-1024.63867,346.522156,733.769348
-31,166,-262,-30.3689308,169.528198,-261.224274
-283,78,-638,-282.353607,81.5457382,-637.237
489,42,-1,489.153137,45.5526695,-0.0117950747
477,133,2434,477.86261,136.556396,2434.50586
-51,192,1629,-51.997982,195.558167,1629.06348
250,178,-771,249.000885,181.566971,-770.957947
293,41,-739,292.453796,44.5764198,-739.837646
638,89,-495,638.868958,92.5787354,-494.505127
157,47,-39,156.122314,50.5980148,-38.5207634
79,67,1736,79.9777069,70.6193237,1736.20984
-9,61,-234,-9.59448242,64.6392899,-233.195892
-1003,330,1250,-1003.59375,333.641846,1250.80444
404,104,-782,404.999115,107.643463,-782.041992
248,338,-768,247.000961,341.658417,-767.956177
565,219,-59,564.708984,222.690002,-58.0432854
541,34,-53,541.72644,37.7054253,-52.3127708
368,119,2583,368.706116,122.721977,2583.70801
-140,94,1746,-140.998032,97.7221527,1746.06262
-762,200,1459,-762.613281,203.733704,1459.78979
-274,250,855,-273.852997,253.760193,854.010864
566,83,1822,566.956299,86.7687988,1821.70764
-1450,338,984,-1449.21436,341.779633,984.618652
-1851,50,-572,-1851.99902,53.7834244,-572.042969
-56,68,-278,-56.3383713,71.7907028,-277.05899
-1450,338,984,-1449.18494,341.835236,983.420654
565,219,-59,565.963562,222.837631,-58.7326965
566,83,1822,566.956299,86.8378143,1821.70764
475,78,-783,474.001923,81.8429489,-783.06189
-1450,338,984,-1450.28247,341.874237,984.959229
217,179,-769,217.952423,182.879395,-769.304688
481,116,4,481.046356,119.886292,4.99892378
-1290,178,-145,-1289.31262,181.891769,-145.726288
620,165,-451,619.277344,168.919464,-450.308807
-3,93,361,-2.73616982,96.9302826,361.964569
-168,81,403,-167.001892,84.9657516,402.938538
638,89,-495,638.85498,92.9701538,-494.481354
477,133,2434,477.854431,136.972763,2434.51953
203,103,111,203.061462,106.981689,110.001892
353,48,-769,353.131775,51.9946976,-769.991272
-1751,66,-816,-1751.92053,70.019722,-816.390625
53,227,-82,53.4218216,231.022705,-81.0933228
-520,289,1548,-520.042969,293.031311,1548.99902
-1139,345,721,-1139.93616,349.055023,720.648438
-1,144,-668,-1.77841532,148.099915,-667.372253
53,227,-82,53.9064941,231.151367,-81.5777817
124,121,-107,124.325073,125.179039,-106.054314
815,60,-2041,814.165405,64.2044067,-2040.44922
-1139,345,721,-1139.04297,349.260284,720.000977
-391,140,-506,-390.15448,144.275757,-506.533936
266,75,2050,265.853821,79.2945938,2050.98926
203,103,111,202.007004,107.29863,111.118103
203,103,111,202.007004,107.29863,111.118103
-318,251,1101,-318.749359,255.305573,1101.66211
-520,206,1396,-519.736328,210.329208,1395.0354
-614,247,1358,-613.736328,251.333054,1357.0354
-338,459,864,-338.943268,463.34613,863.667969
449,35,2437,449.873718,39.3462524,2437.48633
-686,247,1536,-686.638855,251.378036,1536.76929
-1003,330,1250,-1003.91467,334.382446,1249.59583
52,257,1604,51.8745193,261.400238,1604.99207
353,48,-769,352.367645,52.4710007,-769.774658
-1003,330,1250,-1002.85352,334.484467,1249.01086
-3,258,-600,-3.75621033,262.508606,-599.345703
515,72,-2439,515.929749,76.5157623,-2438.63184
-1464,180,-120,-1464.97937,184.532028,-119.797928
-60,166,-175,-59.9561653,170.579315,-175.999039
648,128,-509,647.899475,132.581818,-508.005066
815,60,-2041,814.08844,64.59832,-2041.41113
892,309,-606,891.737183,313.613159,-605.035156
160,97,2653,160.295105,101.616051,2653.95532
144,118,2206,143.512375,122.617142,2205.12695
93,69,681,93.9998932,73.6331863,680.985413
93,69,681,93.9998932,73.6331863,680.985413
590,68,-84,589.709595,72.6524277,-83.0430984
-116,74,-317,-116.978081,78.6586533,-316.791779
-1351,338,976,-1351.30847,342.698883,975.048767
137,102,-50,136.100708,106.701225,-49.5626526
515,72,-2439,515.586304,76.7137909,-2439.81006
80,83,2028,79.8745193,87.7544174,2028.99207
-1159,324,1276,-1159.64502,328.75766,1276.76416
999,255,-760,998.30188,259.766296,-760.715942
-201,99,1576,-200.682465,103.831108,1575.05176
-579,140,-517,-579.991211,144.87413,-516.867737
-1171,339,1279,-1170.03003,343.914307,1278.75684
-1293,345,1149,-1293.26184,349.94458,1148.03491
385,30,-765,385.370605,34.9508553,-765.928772
38,200,1655,37.0985413,204.975555,1654.56714
665,280,-418,665.390015,285.005859,-418.920807
386,459,1200,386.990875,464.019745,1199.86523
-1455,300,190,-1455.74658,305.030914,189.334717
1316,274,721,1316.61328,279.081299,721.789856
-618,200,1369,-617.169739,205.120819,1368.44263
444,135,2491,444.812103,140.121033,2491.5835
-204,67,-302,-203.386948,72.1231689,-301.209961
58,215,-97,57.0446281,220.174606,-97.2953949
198,169,1553,198.768753,174.175537,1552.36047
-771,339,1003,-770.04364,344.191345,1002.70782
328,148,-779,327.012024,153.218704,-778.845398
444,135,2491,444.786743,140.233551,2491.61719
-350,74,343,-350.975647,79.2400208,342.78067
91,134,1828,90.9558182,139.285156,1827.00098
-579,140,-517,-579.951172,145.296005,-517.308655
193,293,800,193.278992,298.308319,799.039734
930,253,-1351,929.048584,258.327393,-1351.30786
815,127,-2041,814.16925,132.332779,-2040.44336
248,338,-768,248.952438,343.338074,-768.304688
137,102,-50,136.287903,107.346626,-50.7020798
-1155,291,122,-1154.00098,296.382965,122.043076
441,260,19,441.99295,265.412903,18.8815155
-350,143,554,-350.803864,148.423782,554.594727
-99,181,1601,-98.9617386,186.459244,1600.00073
-651,200,1295,-650.063171,205.465378,1294.65027
1038,337,-1698,1038.29297,342.473053,-1698.95605
353,111,912,352.891357,116.52536,911.00592
815,127,-2041,814.166565,132.618454,-2040.44739
144,118,2206,143.195175,123.627525,2205.40649
636,101,2186,636.920532,106.719902,2186.39062
405,104,-767,405.999054,109.729973,-767.043274
627,158,-423,627.837524,163.747208,-423.546387
-24,261,-215,-24.2036457,266.754578,-215.979034
353,111,912,353.599426,116.791542,911.199585
317,40,-755,316.476349,45.7967339,-755.851929
554,220,-68,553.332031,225.799683,-67.2558136
-1371,331,344,-1370.40149,336.804138,344.801086
365,127,1550,365.604584,132.808014,1550.79651
856,326,-1450,856.319336,331.81955,-1449.05237
1400,337,-884,1400.80981,342.833038,-883.41333
-1891,494,-668,-1891.99109,499.845947,-668.132751
157,47,-39,156.122437,52.8875389,-38.5205421
-232,170,1572,-232.218506,175.9095,1572.97583
1333,56,232,1333.74731,61.9426651,231.335541
328,148,-779,327.069122,153.947845,-779.365295
1030,315,-567,1029.73633,320.953735,-566.0354
484,37,2379,484.86261,42.9824715,2379.50562
376,127,1433,376.980835,133.006088,1432.80518
755,277,-1637,755.99115,283.007172,-1637.13257
-1003,330,1250,-1002.47223,336.036957,1250.84937
-1848,51,-768,-1848.99902,57.0559692,-767.955872
1157,326,-622,1157.41211,332.143097,-621.088867
636,101,2186,636.920532,107.152992,2186.39062
-545,87,-343,-545.99408,93.1585159,-342.891357
627,10,-159,627.942322,16.1609325,-158.665298
680,10,-308,680.942078,16.165535,-307.664612
80,83,2028,79.840538,89.170929,2028.98718
124,121,-107,123.012024,127.179649,-106.845398
444,135,2491,444.85144,141.198288,2491.52441
481,116,4,480.129456,122.207535,4.49208832
80,83,2028,79.5263977,89.2201233,2028.88074
993,274,561,993.087585,280.239532,561.996155
6,80,-546,5.62164164,86.2453766,-546.925659
1046,274,673,1045.07385,280.28363,673.377075
-1163,324,1286,-1163.95874,330.285767,1285.71582
915,274,352,914.075745,280.2995,352.381714
-252,82,221,-252.603256,88.3527222,220.202454
-92,203,-194,-92.2964249,209.390579,-194.955048
53,227,-82,52.01511,233.398438,-82.173172
-1851,50,-572,-1851.92065,56.4045486,-572.39032
1331,70,193,1331.44299,76.4363403,193.896515
166,111,2283,165.000931,117.436928,2282.95703
635,288,-404,635.389648,294.49231,-403.079041
-389,459,1280,-389.631317,465.500732,1280.77551
-337,137,273,-337.951355,143.570984,272.691925
-1155,291,122,-1154.00098,297.571838,121.955818
6,80,-546,5.02692032,86.5878448,-546.230469
550,171,-24,550.780457,177.612076,-24.6252022
107,227,1605,106.446373,233.634338,1604.16724
-1298,338,1115,-1297.15015,344.645905,1115.52698
126,209,2309,126.061211,215.648148,2308.00195
-391,140,-506,-390.224609,146.652115,-505.36853
-92,203,-194,-92.6352005,209.665878,-193.227661
-28,53,-528,-28.3195076,59.6683197,-528.947571
-1081,89,-1168,-1081.93127,95.6732407,-1168.36414
-844,345,841,-844.964661,351.690247,840.736511
-1920,494,-469,-1920.98914,500.696198,-469.14682
-762,200,1459,-762.613281,206.707184,1459.78979
476,70,-770,476.039307,76.7149734,-770.999207
949,137,-53,949.844116,143.781784,-52.4638443
-1351,338,976,-1350.18481,344.826508,975.420837
-1298,338,1115,-1297.1897,344.826965,1114.41406
1018,338,-758,1018.8089,344.831726,-758.587891
-1891,494,-668,-1891.99817,500.852203,-667.939514
1147,274,162,1146.19946,280.854431,162.599243
118,117,1600,118.618195,123.860252,1600.78601
-67,192,1586,-66.2879715,198.88855,1585.29785
-1556,331,274,-1556.70093,337.888733,273.286774
-571,98,-1116,-571.243164,104.917267,-1116.96997
-520,289,1548,-520.098267,295.924377,1548.99512
-1290,178,-145,-1289.01453,184.927673,-145.169434
126,209,2309,125.273125,215.937225,2309.68677
755,277,-1637,754.687622,283.968323,-1637.94995
-1136,328,730,-1136.04297,334.974609,729.000977
-1144,328,730,-1144.04297,334.974609,729.000977
325,119,1522,325.599915,126.040169,1521.19995
781,127,-2091,780.167786,134.053635,-2090.44556
550,171,-24,550.568359,178.058151,-24.8227539
-359,127,1295,-359.879639,134.118912,1295.47559
-1909,494,-937,-1909.99817,501.130463,-936.939514
689,69,-2411,688.404663,76.1310959,-2411.80347
706,59,-2075,706.206116,66.213829,-2074.02148
949,137,-53,949.844116,144.237518,-52.4638443
927,338,-1353,926.06311,345.24826,-1353.34961
-1665,387,567,-1665.99707,394.258728,567.074829
332,145,-762,332.644714,152.279602,-762.764404
-56,68,-278,-56.5469131,75.2944412,-277.162811
-1756,66,-821,-1756.6449,73.3570633,-820.235779
484,37,2379,484.742401,44.3711891,2379.66992
441,260,19,440.08728,267.372223,19.4085789
-1154,283,-35,-1153.29199,290.375732,-35.7061996
-98,161,-210,-97.2221756,168.379501,-209.371521
386,116,97,386.993042,123.407516,96.8822403
-1090,89,-1175,-1089.44727,96.4393005,-1174.16675
-1099,89,-1169,-1098.44458,96.440155,-1168.16846
-1368,291,98,-1368.995,298.444885,98.0991287
338,70,-2009,338.130951,77.4855804,-2009.99133
554,220,-68,554.65332,227.509293,-68.7570572
-1761,66,-811,-1760.90076,73.5226135,-811.995056
-1090,89,-1175,-1090.6582,96.5459213,-1174.24719
-92,203,-194,-92.6155624,210.572357,-193.211914
1331,70,193,1331.99402,77.5773773,192.891266
793,127,193,793.850037,134.582901,193.526672
489,42,-1,489.420074,49.5918999,-0.0925103799
-1090,89,-1175,-1089.47168,96.6034393,-1174.151
-980,494,-260,-979.923157,501.609344,-259.00296
-1159,324,1276,-1159.92932,331.641388,1275.63086
-1163,324,1286,-1163.93127,331.641724,1285.63574
248,338,-768,248.995956,345.642792,-768.089783
-201,99,1576,-201.986771,106.650681,1575.83789
307,163,2315,306.000946,170.664505,2315.04321
456,163,2083,455.853821,170.705948,2083.98926
-359,127,1295,-359.82663,134.71257,1294.43726
511,131,2377,511.801544,138.738953,2377.5979
1347,70,185,1347.4425,77.7919846,185.896759
-3,258,-600,-3.96076345,265.81427,-599.722656
1566,274,527,1566.9823,281.855042,527.187073
-116,74,-317,-116.567863,81.8580017,-316.17688
1606,274,304,1606.98523,281.859955,304.170868
-1556,331,274,-1556.53223,338.88208,273.153412
625,89,-473,625.859802,96.9016113,-472.48938
635,288,-404,634.557617,295.976349,-404.89682
892,309,-606,891.071838,316.986511,-605.627869
1397,338,-1076,1397.99902,345.99173,-1076.04297
-1368,291,98,-1368.85889,299.008728,97.4878387
869,338,-1200,868.06311,346.087708,-1200.34961
-41,76,533,-40.9006882,84.0913239,532.004944
-337,137,273,-337.58313,145.093582,272.187622
-24,261,-215,-24.2034664,269.111084,-215.97908
230,168,-720,230.319275,176.13887,-720.947632
-1909,494,-937,-1909.99695,502.176514,-936.922852
202,89,-740,201.90033,97.1916885,-740.994995
594,115,2260,594.815247,123.211739,2260.5791
-1240,300,257,-1239.15649,308.230225,257.537079
1038,337,-1698,1037.8678,345.232819,-1698.99121
-1144,328,730,-1143.88281,336.233337,729.006897
203,103,111,202.688324,111.26358,110.049812
-1753,66,-810,-1752.88281,74.2702789,-810.993103
-1761,66,-811,-1760.88281,74.2711639,-811.993103
1566,274,527,1566.60938,282.304657,527.792786
165,95,2371,164.000931,103.305244,2371.04297
394,70,-2257,394.524963,78.3317947,-2256.14893
-152,150,543,-151.001846,158.395782,542.93927
-1909,494,-937,-1909.99609,502.397064,-936.911743
408,71,-2085,407.797607,79.4571152,-2084.02075
-208,249,865,-208.976624,257.479828,865.214844
-80,165,-523,-80.4813538,173.488983,-523.876526
1139,337,-1667,1139.29211,345.49176,-1667.9563
-41,76,533,-40.9006882,84.5305481,532.004944
-1341,400,564,-1340.57422,408.601837,563.095215
1147,274,162,1146.76367,282.62381,162.971664
881,251,-1200,880.000916,259.651367,-1199.95728
1157,326,-622,1157.34961,334.665833,-621.06311
1347,70,185,1346.92395,78.7718658,185.997101
-571,98,-1116,-571.205261,106.822525,-1116.97864
-254,132,-442,-254.062408,140.845352,-442.998047
-338,459,864,-338.8797,467.855957,863.524475
-41,254,-644,-41.6992798,262.863342,-643.285156
-31,166,-262,-31.862257,174.879578,-261.49353
-3,258,-600,-3.99907112,266.902771,-599.956909
-1535,501,-1381,-1534.87537,509.920868,-1381.99219
-1096,89,-1159,-1095.02039,97.9654465,-1159.20056
-1535,501,-1381,-1534.8678,509.965668,-1381.99121
35,88,181,35.509182,96.9720612,180.139343
441,260,19,440.012817,268.989685,19.1595917
307,163,2315,306.644867,172.005051,2314.06519
963,255,-1491,962.02533,264.007385,-1491.22363
-2019,210,-743,-2019.99817,219.038254,-742.939514
944,274,187,943.344604,283.066132,186.24472
1331,70,193,1331.66187,79.0729446,193.749619
1165,274,-3,1164.34595,283.091339,-3.75644612
58,215,-97,57.8805161,224.160904,-96.007164
-1763,66,-818,-1762.03674,75.1623459,-818.268555
1026,162,-2176,1025.51904,171.192245,-2176.87671
-1761,66,-811,-1760.04077,75.24897,-811.282227
-1763,66,-818,-1762.03674,75.24897,-818.268555
-41,76,533,-40.8827553,85.2520218,532.006897
-1471,240,-120,-1471.99207,249.263565,-120.124786
-1460,240,-200,-1460.99121,249.266998,-200.132248
552,123,2319,552.806763,132.387817,2319.59082
-1844,51,-681,-1844.99902,60.388813,-680.955872
-1871,494,-343,-1871.32349,503.415619,-342.053772
-232,170,1572,-232.200562,179.436447,1572.97961
218,123,2640,218.250793,132.451447,2640.96802
1284,337,-722,1284.6239,346.459442,-721.218506
-159,152,1586,-159.226883,161.501404,1586.97388
594,115,2260,594.863647,124.553291,2260.50391
-64,381,-530,-64.3793411,390.57074,-530.925232
-158,8,-359,-158.560577,17.6987438,-358.171906
886,301,-1674,885.754883,310.732422,-1674.96948
440,258,9,440.652679,267.736176,9.75762844
-1337,494,-1352,-1336.78589,503.738983,-1352.97681
-662,114,-1063,-662.517639,123.742271,-1063.85559
-1443,321,988,-1443.99219,330.772797,988.124695
-1920,494,-469,-1920.96484,503.809204,-469.262817
-1240,300,257,-1239.14917,309.917816,257.525421
-349,132,-437,-349.062408,141.956436,-437.998047
532,25,2319,532.74231,34.9581642,2319.66992
397,69,-2170,396.398804,78.9981766,-2170.79907
-70,459,824,-69.7796707,469.003174,823.024597
-2011,209,-616,-2011.99902,219.024979,-615.955872
1284,337,-722,1284.81396,347.045929,-721.419128
-1909,494,-937,-1909.99109,504.065887,-936.867188
-114,182,-510,-113.850761,192.066605,-510.9888
-1288,240,-143,-1287.06018,250.088089,-143.341553
-64,381,-530,-63.7257919,391.149994,-530.96167
-389,459,1280,-389.937256,469.303314,1279.65137
1316,274,721,1316.09778,284.323364,721.995178
-1763,66,-818,-1762.50977,76.3409805,-817.128418
1331,70,193,1331.99902,80.3620224,192.955826
137,102,-50,136.018066,112.436432,-49.8107758
293,121,2611,293.462219,131.453995,2611.88672
707,293,-744,707.716309,303.493134,-743.302246
620,165,-451,620.911682,175.525055,-450.589111
80,293,800,79.957222,303.57724,799.000916
155,293,800,154.95723,303.57724,799.000916
155,293,800,154.95723,303.57724,799.000916
193,293,800,192.95723,303.57724,799.000916
665,280,-418,665.19397,290.59491,-417.019012
627,10,-159,627.942078,20.6289997,-158.664612
4,138,-619,3.09777927,148.761673,-619.431274
-389,210,1230,-389.944275,220.867706,1230.3291
-1535,501,-1381,-1534.90039,511.920349,-1381.995
-258,151,218,-258.563507,161.932602,217.173889
-1443,321,980,-1443.28235,331.963684,980.95929
612,168,-437,612.660156,178.981171,-437.751038
219,212,872,219.226807,223.101395,871.026062
-24,261,-215,-24.8525467,272.11673,-215.522644
1436,274,45,1436.995,285.120453,44.9005051
-349,132,-437,-348.264191,143.167542,-437.677185
-208,249,865,-208.981674,260.17804,865.190369
-151,193,846,-151.575119,204.196533,845.181946
1436,274,45,1436.39111,285.22348,44.0796585
-1160,494,-280,-1160.3042,505.296417,-279.047394
-1443,321,980,-1443.34961,332.312408,980.936829
-1040,494,-240,-1040.30444,505.324554,-239.04747
-1353,321,971,-1353.24316,332.342285,971.96991
445,67,2073,444.623749,78.4679108,2073.92651
552,123,2319,552.788269,134.595734,2319.61523
524,168,-40,524.314453,179.616318,-39.0507278
-1751,66,-816,-1751.64514,77.6432953,-815.235962
327,72,-2068,327.561554,83.6751709,-2067.17261
-1381,283,-36,-1381.99316,294.786133,-35.8832741
-1751,66,-816,-1751.66003,77.8395233,-815.248779
428,70,-2190,427.016144,81.8470383,-2190.17896
856,326,-1450,856.377686,337.851288,-1449.0741
-3,258,-600,-2.23629808,269.852844,-600.645569
1284,337,-722,1284.81873,348.887115,-721.425842
-980,494,-260,-979.695312,505.895172,-259.047577
-1040,494,-240,-1039.69556,505.909943,-239.04747
218,123,2640,218.452118,134.911057,2640.89185
365,70,-2094,364.847382,81.9464035,-2093.01172
-1381,283,-36,-1381.99304,294.959595,-35.8826141
-1844,51,-681,-1844.99805,62.9666824,-681.06134
-6,188,1603,-6.04306936,199.993896,1603.99902
620,165,-451,620.88678,177.032318,-450.537811
307,163,2315,306.675995,175.095505,2315.94604
327,72,-2068,327.561249,84.1520538,-2067.17236
869,338,-1200,868.000916,350.213348,-1199.95728
-994,314,1246,-994.931335,326.233063,1245.63586
1284,337,-722,1284.60547,349.268585,-721.204163
663,365,-489,663.994995,377.421143,-489.099609
-1665,387,567,-1665.99512,399.427216,566.901306
-455,161,-729,-455.783691,173.432693,-729.621094
-41,76,533,-40.9006882,88.5479126,532.004944
515,72,-2439,515.992249,84.5824966,-2439.12427
484,37,2379,484.75473,49.6008301,2379.65601
-1688,494,-280,-1688.38513,506.605988,-279.077148
642,59,-375,642.841125,71.6064606,-375.540771
-1920,494,-469,-1920.93616,506.755554,-468.648499
-1665,387,567,-1665.79431,399.766571,567.607422
-114,182,-510,-113.074379,194.77623,-510.378448
428,70,-2190,427.453186,82.8000946,-2190.83716
-1688,494,-280,-1688.30969,506.939301,-279.049164
1400,337,-884,1400.99902,349.949646,-884.042969
-6,188,1603,-5.9570756,200.961609,1603.99902
562,667,-1707,561.955872,679.992798,-1706.00098
729,667,-1707,728.955872,679.992798,-1706.00098
-1668,330,400,-1668.97742,343.063354,400.211243
930,162,-2126,929.53125,175.117386,-2126.8833
-1086,89,-1158,-1086.93127,102.122391,-1158.36426
143,102,-737,142.900696,115.23304,-737.995056
124,121,-107,124.045471,134.258957,-106.001038
-1144,328,730,-1143.02905,341.317017,729.760742
-1638,494,-259,-1638.38965,507.324432,-258.079041
-749,498,-265,-748.003784,511.351501,-265.086731
-1381,283,-36,-1381.66602,296.422424,-35.2540627
338,70,-2009,338.982819,83.538147,-2009.18457
-1360,231,99,-1360.86755,244.571182,98.5027237
-760,494,-391,-759.024414,507.578857,-390.780396
856,326,-1450,855.955872,339.59848,-1449.00098
-1298,338,1115,-1297.02319,351.606506,1114.78589
217,179,-769,217.958481,192.612595,-768.714844
-1443,321,988,-1443.99902,334.618744,987.955872
397,114,169,397.878693,127.645966,169.477341
-1470,387,504,-1469.54004,400.707672,503.112091
-350,143,554,-350.99707,156.722992,554.076477
1397,338,-1076,1397.76294,351.784821,-1076.64636
203,169,-723,203.09671,182.815445,-723.9953
-201,99,1576,-201.918671,112.826447,1575.60498
-1891,494,-668,-1891.98035,507.845337,-668.197144
389,71,-1997,389.226624,84.8521423,-1997.97388
-1371,331,344,-1370.46582,344.971771,344.845367
-1844,51,-681,-1844.99902,65.0481186,-681.042969
124,121,-107,123.123596,135.088058,-106.518425
-113,365,-587,-113.76545,379.218475,-586.356506
1147,274,162,1146.93762,288.285004,162.998047
-31,166,-262,-31.3495255,180.298798,-261.06308
-64,381,-530,-63.2321472,395.41803,-530.640625
-350,143,554,-350.776581,157.455826,554.629883
-159,152,1586,-159.226883,166.475937,1586.97388
-37,162,-200,-37.9781952,176.479279,-199.792313
1453,274,194,1453.04199,288.493469,194.9991
-179,166,163,-179.563004,180.500549,162.173553
-854,332,849,-853.127319,346.545715,849.488281
-97,167,-506,-97.0435257,181.6194,-506.999023
-520,289,1548,-519.829468,303.651154,1548.98535
639,129,-159,639.850037,143.670761,-158.473282
-389,459,1280,-389.937195,473.676086,1280.34863
-1345,321,981,-1345.99316,335.719421,981.116394
-1346,321,973,-1346.99316,335.721069,973.116577
-1345,321,981,-1345.99316,335.731018,981.116394
-1096,89,-1159,-1096.04297,103.793999,-1159.99902
327,72,-2068,327.980713,86.7971573,-2068.19531
-1086,89,-1158,-1086.90479,103.877342,-1158.42578
1096,274,512,1095.1908,288.887695,512.587524
-662,114,-1063,-661.180054,129.009155,-1063.57239
594,62,-125,594.640625,77.0400009,-124.232147
-1891,494,-668,-1891.94702,509.078369,-667.678833
-1493,400,725,-1493.47949,415.109344,725.877502
218,123,2640,218.354691,138.119568,2640.93481
-1346,321,973,-1346.24316,336.161133,973.969971
-1451,321,978,-1451.28223,336.161865,978.95929
389,71,-1997,388.177734,86.2022324,-1997.56909
250,178,-771,249.286057,193.210144,-770.299805
-720,494,-573,-719.023254,509.233765,-572.785645
-3,93,361,-2.73609161,108.301422,361.964539
635,288,-404,635.979309,303.31073,-404.20224
-162,174,402,-161.002869,189.329514,401.924316
436,72,-2228,435.022949,87.3520508,-2228.21289
1199,667,-2086,1199.99902,682.421936,-2085.95605
408,71,-2085,407.052032,86.4647675,-2084.68164
590,68,-84,590.886292,83.491188,-83.5368729
-1193,494,-1320,-1192.79333,509.571808,-1320.97839
-1581,494,-1386,-1580.53235,509.612244,-1386.88391
220,455,870,220.974808,470.644348,869.776978
-1160,494,-280,-1159.77637,509.720642,-279.02533
126,209,2309,125.084518,224.727036,2308.59766
364,67,-2186,364.987946,82.7441559,-2186.15479
-1493,400,725,-1493.42578,415.832123,725.904785
357,67,-2234,357.987946,82.8346634,-2234.15479
930,253,-1351,929.034912,268.925018,-1351.26184
1123,274,131,1122.19946,290.030975,131.599274
-1756,66,-821,-1755.50293,82.0589066,-820.132324
-24,261,-215,-24.9879093,277.089539,-215.155029
1038,337,-1698,1037.81274,353.11264,-1698.9823
-267,460,820,-267.523651,476.114258,819.148071
-1371,331,344,-1370.45044,347.143829,344.835449
-1756,66,-821,-1755.51855,82.187851,-820.123535
-158,96,-348,-157.263824,112.253799,-347.323212
357,67,-2234,357.599243,83.3680878,-2233.19946
394,70,-2257,393.437317,86.4073715,-2256.17334
-1146,327,721,-1145.03003,343.423401,720.756836
307,163,2315,307.840332,179.507721,2315.54199
750,321,-921,749.756104,337.625397,-921.969788
849,667,-2795,848.094604,683.766785,-2795.42456
811,667,-2713,810.094421,683.79364,-2713.42407
-544,169,-934,-544.733887,185.9086,-933.32074
1199,667,-2086,1199.99902,683.94342,-2085.95605
-525,157,-641,-525.914673,174.194672,-641.404175
-1381,283,-36,-1381.68555,300.218201,-35.2719727
1116,274,539,1115.1908,291.219421,539.587524
436,72,-2228,435.42392,89.2247696,-2227.18262
-1337,494,-1352,-1336.77563,511.29538,-1352.97449
1566,274,527,1566.38867,291.352173,527.921326
1165,274,-3,1165.1084,291.368378,-3.9941051
-1086,89,-1158,-1085.92358,106.37513,-1158.99707
900,327,-919,900.041016,344.393341,-919.999146
423,71,-2043,422.052032,88.4125671,-2042.68164
397,69,-2170,397.445343,86.4230499,-2170.89526
-231,96,1567,-230.21167,113.542442,1566.38477
332,145,-762,332.218567,162.675354,-762.975769
408,71,-2085,407.055054,88.7667618,-2084.67285
635,288,-404,635.775635,305.831177,-404.631165
-168,81,403,-167.000916,98.8424454,403.042755
-3,93,361,-2.83213139,110.897057,361.985809
-400,220,1376,-400.99408,237.916016,1375.89136
-97,167,-506,-97.7171936,185.046341,-506.696869
-1371,331,344,-1370.41541,349.051514,344.81131
-1381,283,-36,-1381.66602,301.059753,-35.2540627
-1096,89,-1159,-1095.91113,107.158363,-1159.99597
612,168,-437,612.859802,186.246002,-436.48938
1195,667,-1969,1195.70288,685.307434,-1968.2887
332,145,-762,331.399506,163.39035,-762.799622
-61,198,1591,-60.2541733,216.489426,1590.33386
-762,200,1459,-762.69928,218.610458,1459.71484
-758,122,-258,-757.022217,140.782593,-258.209534
364,67,-2186,364.454712,85.8019257,-2186.89062
-1270,141,-280,-1269.11865,159.823471,-279.527557
390,127,960,390.793396,145.871765,959.391296
389,71,-1997,388.195007,89.9030914,-1997.59326
1116,274,539,1115.0592,292.923401,538.661072
-1885,135,-1018,-1885.99207,153.96814,-1018.12476
-1333,302,-1335,-1333.04297,320.970001,-1335.99902
252,330,-713,251.354904,349.072754,-713.764099
554,220,-68,554.575623,239.102554,-67.1822891
195,667,-2118,194.022934,686.190125,-2117.78711
423,71,-2043,422.194824,90.1903305,-2043.59302
174,667,-2214,173.02298,686.19696,-2213.78687
965,162,-2276,964.509766,181.621826,-2275.12842
440,258,9,439.432037,277.670197,9.82304668
1020,162,-2245,1019.49121,181.682663,-2244.13916
-1337,494,-1352,-1336.84668,513.695129,-1352.98816
-1341,400,564,-1340.0885,419.774017,563.588745
252,330,-713,252.619431,349.804749,-713.785034
-1024,343,733,-1023.03491,362.886627,732.738098
1139,337,-1667,1139.19531,357.026428,-1667.98071
-24,261,-215,-23.6490288,281.1008,-214.063614
1331,274,236,1330.43652,294.154266,235.173874
-1556,331,274,-1556.74719,351.172302,273.335419
1606,274,304,1606.92346,294.35675,304.383667
707,293,-744,707.28241,313.485443,-743.04071
612,316,-887,611.755615,336.774109,-887.969666
554,220,-68,554.941467,240.826614,-67.6629028
-1346,321,973,-1346.34961,341.832123,973.936829
364,67,-2186,364.986969,88.2312851,-2186.16089
307,163,2315,307.681305,184.412781,2314.26807
271,172,-724,270.476349,193.513153,-724.851929
-749,498,-265,-748.957275,519.882324,-264.000916
594,62,-125,594.988159,83.8965607,-125.153229
524,168,-40,524.997986,189.921112,-39.9365845
-64,381,-530,-64.7433014,403.089264,-529.331055
327,188,922,326.052216,210.239014,921.681091
1453,274,194,1452.81616,296.368317,194.982956
159,98,2463,158.901306,120.483459,2462.00488
1116,274,539,1115.12329,296.514252,539.481018
900,327,-919,900.041016,349.726379,-919.999146
-354,293,1551,-354.544891,315.942383,1551.8385
-1311,180,-205,-1310.06018,203.09639,-205.341599
1212,667,-2428,1212.58594,690.586975,-2428.8103
1606,274,304,1606.44238,297.936401,303.10318
-31,161,-174,-31.8525696,185.56929,-174.522614
-88,241,1596,-87.4644241,265.8013,1596.84448
-1520,494,-280,-1519.82141,519.094238,-279.016083
1026,274,88,1026.75903,299.119263,87.3489532
-1638,494,-259,-1637.82715,519.127197,-258.015076
-838,160,1383,-838.910767,185.309143,1383.41284
-1451,320,991,-1451.35156,345.473328,990.063843
-283,201,1561,-282.958679,226.482239,1561.99915
-843,496,-934,-842.029053,521.566895,-933.760742
-179,166,163,-179.584869,191.701279,162.188873
1165,274,-3,1164.23901,299.702728,-3.64876342
612,316,-887,611.28363,341.868439,-887.697693
849,667,-2795,849.087891,693.171326,-2795.99609
927,667,-2788,927.087524,693.178101,-2788.99609
927,338,-1353,926.063293,364.330292,-1353.3501
1199,667,-2086,1199.74414,693.438293,-2085.33203
1453,274,194,1453.15332,300.573669,194.988159
927,338,-1353,926.049133,364.611725,-1353.30957
682,365,-288,682.995117,391.728668,-288.098663
-283,201,1561,-283.250732,227.776566,1561.96802
-1920,494,-469,-1920.92639,520.820557,-469.376404
-1443,321,988,-1443.35107,347.889374,987.06366
-400,460,1516,-400.683289,486.958435,1516.7301
-954,494,-1373,-953.21405,521.03363,-1373.61829
-116,365,-318,-116.999054,392.045837,-318.043365
-976,160,-275,-976.087891,187.220261,-274.003876
143,102,-737,143.250793,129.358414,-737.968018
-598,181,-908,-597.57428,209.007843,-907.095154
963,255,-1491,963.307678,283.12262,-1490.04858
58,215,-97,57.6500282,243.388977,-96.0632401
-976,160,-275,-975.922852,188.461792,-274.002991
-115,365,-414,-115.999062,394.545807,-414.043274
441,260,19,441.16037,289.75705,19.9870567
-113,83,1673,-113.992027,113.161949,1672.87402
889,162,-2258,889.988281,192.256409,-2257.84741
1102,274,576,1101.05823,304.333008,575.663757
-115,365,-414,-115.999062,395.791473,-414.043274
1546,274,179,1546.15332,304.90686,179.988144
-174,172,864,-174.541779,202.95932,863.159485
-6,365,-673,-6.61216688,396.107697,-673.79071
-153,74,-483,-153.166138,105.137718,-483.986084
1331,274,236,1330.55566,305.289124,235.104141
-1881,507,-1137,-1881.99109,538.357361,-1137.13269
-1040,159,-270,-1040.0752,190.49115,-269.002838
-6,365,-673,-6.56803942,396.49411,-673.822998
648,128,-509,648.88678,159.648239,-508.537811
386,459,1411,386.999115,490.739441,1410.95801
386,459,1200,386.999115,490.739441,1199.95801
14,68,-574,13.0010042,99.8948746,-574.0448
-179,166,163,-178.954803,198.12616,162.001022
174,667,-2214,173.069855,699.143921,-2213.63281
-56,129,670,-55.9227219,161.419968,670.997009
57,117,2474,56.8832741,149.425644,2473.00684
174,667,-2214,173.335815,699.562622,-2213.25244
-758,122,-258,-758.100525,154.580154,-257.005066
-250,125,686,-249.911713,157.815735,686.996094
-1024,343,733,-1023.41901,375.824127,733.813904
-1301,321,1109,-1301.18567,354.0979,1109.98254
-1290,321,1111,-1290.18555,354.0979,1111.98254
1436,274,45,1436.17676,307.135742,44.0157471
1165,274,-3,1165.18274,307.183594,-3.9831574
-158,96,-348,-158.967834,129.314865,-347.748413
418,125,1591,417.272095,158.442108,1591.68567
117,203,1602,116.955818,236.514236,1602.99902
392,667,-2805,392.039093,701.198303,-2805.99902
-720,494,-573,-719.059387,528.381836,-572.660522
1345,274,491,1345.04102,308.659637,491.999115
1367,274,218,1366.55566,308.889038,217.104141
392,667,-2805,391.174561,702.373474,-2805.56445
-1476,180,-200,-1476.98914,215.818359,-199.852997
-80,204,800,-80.6082916,240.181793,799.206299
-720,494,-573,-719.094788,530.479309,-573.424927
-976,160,-275,-976.041992,196.64006,-274.000885
-3,258,-600,-2.35116076,294.696014,-600.760925
927,667,-2788,926.955872,704.022339,-2788.99902
-773,-21,-265,-772.014465,16.1407089,-265.169342
-1638,494,-259,-1638.70422,531.207703,-258.290039
1102,274,576,1102.17493,311.278839,575.015442
1196,667,-2322,1196.98816,704.472412,-2321.84668
-736,-21,-574,-735.048523,16.5367413,-573.692322
1212,667,-2428,1212.98816,704.542664,-2427.84668
-800,-21,-711,-799.095642,16.6707554,-711.426758
50,115,3161,50.0400352,154.01088,3161.99902
-736,-21,-574,-735.095642,18.262661,-574.426758
61,160,173,60.8585472,199.667252,172.010056
-1520,224,-280,-1520.88623,264.192413,-279.536774
1123,274,131,1123.13281,314.35788,131.991135
248,338,-768,247.087112,378.687225,-767.591797
57,117,2474,56.8919067,157.891983,2473.00586
1195,667,-1969,1195.99902,709.062317,-1968.95703
-1464,180,-120,-1464.99011,222.645279,-119.859726
-400,220,1376,-400.918121,263.303314,1375.60376
0,474,1624,-0.205009565,517.720459,1624.97876
715,667,-2706,715.521912,710.833557,-2706.85278
292,176,-728,291.03595,219.904877,-727.734314
1196,667,-2322,1196.99316,711.178345,-2321.8833
-1881,507,-1137,-1881.98914,551.406006,-1137.14636
-954,494,-1373,-954.191711,539.030945,-1373.98145
-1743,508,-1323,-1743.37207,553.178406,-1323.9281
665,280,-418,664.763672,325.796692,-417.028351
-598,181,-908,-597.539062,227.377258,-907.11261
-1283,327,1151,-1283.98425,373.489319,1151.17639
18,136,-647,17.0009995,183.005493,-647.044678
124,365,-760,123.678658,412.195526,-760.94696
386,459,1411,386.952393,506.351013,1411.30469
92,182,-35,91.2570877,229.611343,-34.3306122
195,667,-2118,194.102463,714.712524,-2118.44092
-119,182,-218,-119.925179,229.878281,-217.620468
-749,498,-265,-748.036865,546.659851,-265.26889
1287,667,-2200,1287.78833,716.540039,-2199.38477
1199,667,-2086,1199.7887,716.594421,-2085.38525
-1767,508,-1200,-1767.4967,557.619019,-1200.86792
124,667,-2406,123.027153,716.681824,-2406.23145
57,117,2474,56.875248,166.887772,2473.00781
92,182,-35,91.52771,234.065247,-34.118557
-1885,135,-1018,-1885.98816,187.477936,-1017.84668
-113,789,-587,-113.995941,841.988831,-587.089844
156,667,-2035,155.052078,720.050781,-2034.68152
195,667,-2118,194.095184,720.160156,-2118.42578
156,667,-2035,155.095291,720.216431,-2035.42603
1566,274,527,1566.99707,328.276886,526.923523
-113,83,1673,-113.999069,138.539307,1672.95691
1196,667,-2322,1196.78821,724.396667,-2322.61523
1287,667,-2200,1287.78748,724.425537,-2200.61621
203,365,9,202.647568,422.647705,9.93583679
386,459,1200,386.963806,516.833618,1199.7334
655,105,-357,655.858032,163.77005,-357.51358
972,274,552,972.174988,333.803314,551.015442
218,123,2640,218.180862,183.419235,2640.9834
-976,160,-275,-976.041992,221.51329,-274.000885
-113,365,-587,-113.669983,426.914734,-587.742371
216,789,-6,215.85704,851.232178,-5.01027155
208,183,25,207.529358,245.596375,25.8823223
267,125,1656,266.013214,187.609451,1656.16199
392,667,-2805,391.13739,730.663086,-2805.50586
337,667,-2710,336.127319,730.751221,-2710.48828
685,165,-278,685.99408,229.952896,-278.108521
-773,-21,-265,-773.087891,44.7361603,-264.003876
31,52,-109,31.0454941,118.873589,-108.001038
176,85,1548,175.564163,153.720474,1548.90002
993,274,561,993.423889,343.498199,561.905701
405,104,-767,404.955719,174.914047,-767.998962
1436,274,640,1435.14734,345.330017,640.522461
-800,494,-1112,-799.000916,567.986938,-1111.95728
-1369,495,596,-1368.32056,570.269592,595.266296
714,315,-1453,713.473389,391.498016,-1452.1499
820,304,-787,819.114624,380.848785,-786.535156
-254,132,-442,-254.518509,211.70433,-442.855072
166,111,2283,165.559937,191.7995,2282.10205
-1130,244,-1710,-1129.1803,326.7612,-1710.57275
181,667,-2646,180.003967,751.031006,-2645.91113
124,667,-2406,123.273819,751.032837,-2406.6875
219,212,872,219.880722,296.672668,872.473633
-1290,321,1111,-1290.3623,407.094421,1111.93201
1436,274,640,1435.14978,360.355042,640.526367
311,180,-778,310.891357,267.960663,-778.99408
1345,274,491,1344.14941,363.638763,491.525818
-792,494,-1260,-791.722839,583.773621,-1260.96082
93,365,-31,92.2576447,457.091614,-30.3299942
927,667,-2788,927.731567,759.928589,-2788.68164
643,232,-571,643.86377,328.781494,-571.503845
94,789,-24,93.8505325,885.962646,-23.0112343
-1106,620,524,-1106.71594,721.908997,523.30188
-1558,620,976,-1558.71497,721.915283,975.300842
1096,274,512,1096.42444,377.349365,512.905457
205,667,-2492,204.272446,770.40271,-2492.68604
-1256,283,-1321,-1256.99695,388.307922,-1321.07703
1076,274,183,1075.8103,380.892151,182.018158
-1640,472,373,-1640.70557,578.95874,372.291382
-792,494,-1260,-791.000977,602.269775,-1259.95593
-1041,494,-1321,-1041.04297,603.367249,-1321.99902
181,667,-2646,180.60054,776.591675,-2646.91675
-1328,240,-211,-1327.24414,351.590607,-210.345276
-359,127,1295,-359.947296,239.424606,1295.32031
93,365,-31,92.6496964,480.767212,-30.063364
-387,127,1214,-387.944336,253.128464,1214.32898
94,789,-24,93.1564331,931.150635,-23.4629765
-114,365,-500,-114.984879,517.670532,-499.826782
124,667,-2406,123.291847,821.805786,-2406.70605
715,667,-2706,715.462891,834.831665,-2706.88623
-1256,283,-1321,-1255.9668,451.759399,-1321.99939
-1136,328,730,-1136.93616,504.607544,729.648438
-162,174,402,-161.736176,354.226746,402.964569
346,58,924,346.595276,245.232742,923.196533
-911,494,-1291,-910.758789,683.741028,-1291.97046
-792,494,-1260,-791.754883,689.026611,-1260.96948
373,58,944,373.595276,259.466949,943.196533
-1871,494,-343,-1871.99805,700.311951,-342.937561
-389,459,1280,-389.999054,665.801331,1280.04346
1307,274,488,1307.97534,484.728577,488.22049
292,176,-728,291.797638,387.632355,-728.979309
-1290,321,1111,-1290.9823,534.104492,1111.18701
208,183,25,207.52771,396.710297,25.8814411
1273,274,592,1273.97058,494.253571,591.759277
586,667,-2777,586.480469,888.284607,-2777.87695
965,162,-2276,965.20575,392.125977,-2275.02148
-1163,324,1286,-1162.90039,567.547913,1285.005
1345,274,491,1344.91016,529.076904,491.995941
914,151,-244,914.981384,414.149963,-244.192001
80,293,800,80.2669754,565.806274,799.036316
635,191,-1502,634.47168,467.953705,-1501.151
-204,119,1539,-204.218506,415.011719,1539.97583
-366,133,-556,-365.288391,446.533539,-555.297424
-1136,328,730,-1136.92053,644.116272,729.609375
217,179,-769,216.900696,519.567505,-769.995056
792,60,-2097,792.52655,408.977203,-2096.1499
1307,274,488,1306.9104,664.398315,488.995972
1307,274,488,1307.97534,756.616882,488.220367
1287,667,-2200,1287.76196,1150.38916,-2200.64746
-906,-21,-1287,-905.210144,465.874664,-1287.61328
-1345,321,981,-1345.3501,814.441833,980.063293
-113,365,-587,-113.635201,882.319519,-587.772278
965,162,-2276,965.214111,689.978943,-2275.02319
80,0,800,79.957222,537.25946,799.000916
80,0,800,79.957222,537.25946,799.000916
-80,0,800,-80.0425262,537.25946,799.000916
-1470,494,502,-1469.00488,1062.47607,501.901306
1287,274,577,1287.97449,915.412048,577.224182
-1880,-17,-480,-1880.99707,691.13678,-479.923523
-1041,494,-1321,-1041.04297,1220.50818,-1321.99902
-866,280,1156,-865.28418,1044.85181,1156.69824
889,162,-2258,889.205872,1190.15112,-2257.02148
569,66,-91,569.40918,1107.64124,-90.0875473
202,262,-2480,201.937546,1366.85486,-2480.99805
-1558,620,976,-1558.71106,1732.94714,975.296875
1185,182,-2323,1185.42468,1418.77148,-2322.09473
1185,182,-2323,1185.42468,1419.95667,-2322.09473
1081,182,-2271,1081.42407,1420.54919,-2270.09448
-1193,494,-1320,-1193.04309,1954.3949,-1320.99902
729,667,-1707,728.587097,2208.29614,-1706.08923
120,780,-760,119.937538,2395.02686,-760.998047
1273,338,-1526,1273.99902,1967.93994,-1526.04407
-1160,494,-280,-1160.0896,2206.82739,-279.004028
520,667,-1758,519.226196,2660.3894,-1757.36658
562,667,-1707,561.22583,2661.80103,-1706.36707
124,365,-760,123.901924,2548.58887,-760.995178
-1272,481,689,-1272.70618,3729.68628,688.291992
-6,365,-673,-6.63412476,4993.84766,-673.773193
562,667,-1707,562.411194,5723.8252,-1706.0885
-1272,481,689,-1272.70618,5839.82178,688.291992
-113,365,-587,-113.629211,7467.48633,-587.777222
-1157,149,-280,-1156.95874,8654.73633,-279.000854
-97,116,816,-97.6912003,11319.6543,815.277344
