259,487,-1497,259.381836,487.007263,-1497.92419
-1196,655,-906,-1196.99316,655.016602,-906.116211
60,1254,-1433,59.6936188,1254.0448,-1433.9519
-1206,691,-969,-1206.98816,691.048462,-968.84668
154,974,-1566,154.991882,974.080444,-1566.12695
-294,675,-1307,-294.95639,675.082153,-1306.70801
-118,457,-1405,-118.461838,457.101349,-1405.88696
-201,503,-1431,-201.956375,503.132324,-1431.29199
-233,508,-1450,-232.747253,508.13559,-1449.03247
298,475,-1544,297.437134,475.141785,-1543.17346
-1256,686,-906,-1256.71667,686.171631,-906.697388
500,674,-1255,500.926178,674.199707,-1255.37695
-1204,700,-843,-1204.95007,700.19989,-842.687988
406,664,-1192,406.998077,664.216492,-1192.06177
-396,667,-1228,-395.656677,667.227173,-1228.93921
311,494,-1449,311.759521,494.255035,-1449.65039
435,669,-1166,435.398041,669.276733,-1166.91736
-1256,686,-906,-1256.86365,686.312012,-906.503906
414,675,-1307,414.952423,675.34491,-1306.69531
494,678,-1288,494.912018,678.368042,-1288.41003
147,424,-1401,146.178757,424.378601,-1400.42944
414,667,-1238,414.998993,667.421509,-1237.95801
489,681,-1315,488.004883,681.42157,-1314.90137
190,949,-1561,190.218781,949.454468,-1561.97571
551,-130,-1433,550.955872,-129.545029,-1433.99902
431,-130,-1433,430.955841,-129.545029,-1433.99902
-1080,1233,1403,-1079.64844,1233.45923,1403.93616
-21,522,-1528,-21.9949112,522.460938,-1528.10046
-460,1743,-898,-460.917999,1743.46448,-898.396423
-490,1743,-830,-490.917999,1743.46582,-830.396484
412,667,-1187,412.952484,667.466614,-1187.30444
791,-130,-813,791.999023,-129.526459,-813.042969
791,-130,-1193,791.999023,-129.526459,-1193.04297
791,-130,-813,791.999023,-129.526459,-813.042969
-460,1743,-898,-460.711975,1743.47473,-898.702148
-394,1743,-964,-394.712006,1743.47473,-964.702148
1340,1233,1403,1339.64392,1233.48364,1403.93445
494,678,-1288,494.880646,678.485657,-1288.47363
419,671,-1245,419.858521,671.487732,-1245.5127
-33,473,-1520,-33.4882812,473.489044,-1520.87268
-33,473,-1520,-32.4828339,473.493713,-1520.85583
-304,476,-1392,-303.021881,476.493988,-1392.20801
60,1288,-1630,60.9946518,1288.49414,-1630.10156
-460,1743,-898,-460.711975,1743.49597,-898.701843
465,668,-1157,464.01593,668.497192,-1156.82227
468,667,-1238,467.955841,667.500305,-1238.99902
-90,-50,209,-90.0435257,-49.495636,208.000961
-90,-50,209,-90.0435257,-49.495636,208.000961
90,-50,209,89.9561691,-49.495636,208.000961
-90,0,209,-90.0435257,0.505554914,208.000961
-110,0,209,-110.043526,0.505554914,208.000961
-90,0,209,-90.0435257,0.505554914,208.000961
110,0,209,109.956169,0.505554914,208.000961
110,0,209,109.956169,0.505554914,208.000961
90,0,209,89.9561691,0.505554914,208.000961
-47,567,-1658,-47.7942619,567.506165,-1658.60742
551,-130,-1433,551.69635,-129.493423,-1433.71765
431,-130,-1433,430.000946,-129.491104,-1433.04297
431,-130,-1313,430.000946,-129.491104,-1313.04297
431,-130,-1313,430.000946,-129.491104,-1313.04297
551,-130,-813,550.955872,-129.480057,-812.000977
791,-130,-813,790.955872,-129.480057,-812.000977
-490,1743,-830,-490.9039,1743.52649,-830.427734
412,667,-1187,412.998993,667.536682,-1186.95801
-288,700,-1517,-287.01889,700.537109,-1516.80664
60,1288,-1630,59.0733719,1288.53943,-1630.37598
137,390,-1395,137.322495,390.540314,-1395.94653
-453,1743,-756,-453.711975,1743.55054,-755.297852
153,473,-1520,153.370529,473.554138,-1520.92871
223,449,-1411,223.412064,449.558777,-1411.91113
60,1281,-1493,60.5991211,1281.56567,-1493.80054
337,493,-1418,337.473785,493.568878,-1418.88062
-394,1743,-696,-394.711975,1743.57129,-695.297852
-453,1743,-756,-453.711975,1743.57214,-755.297852
-490,1743,-830,-490.914917,1743.57507,-829.59668
-201,503,-1431,-201.820053,503.596283,-1431.57227
340,498,-1465,339.418945,498.604675,-1464.18616
-315,669,-1166,-314.649078,669.606384,-1166.9364
-254,714,-1581,-254.903854,714.607483,-1581.42773
1355,1223,1473,1354.95508,1223.6095,1472.0011
1340,1223,1473,1339.95508,1223.6095,1472.0011
1355,1223,1473,1354.95508,1223.6095,1472.0011
-62,553,-1596,-61.1534004,553.622925,-1596.53223
-291,681,-1401,-291.871582,681.623901,-1401.49023
551,-130,-813,550.226746,-129.372513,-812.365906
183,986,-1584,182.193466,986.630127,-1584.59119
-381,667,-1223,-380.664612,667.636963,-1223.94202
-380,674,-1255,-380.960419,674.642517,-1255.27832
414,675,-1307,414.85144,675.649658,-1306.47559
740,1633,-690,739.955078,1633.65918,-690.998779
620,1633,-690,619.955078,1633.65918,-690.998779
620,1633,-690,619.955078,1633.65918,-690.998779
500,674,-1255,499.022949,674.662964,-1254.78711
-63,523,-1512,-62.7040405,523.671021,-1512.9552
183,986,-1584,182.004883,986.671631,-1583.90137
-172,483,-1507,-171.747253,483.681213,-1506.03247
-490,1743,-830,-490.896759,1743.6864,-829.557617
-453,1743,-756,-453.89679,1743.6864,-755.557617
791,-130,-1193,791.69751,-129.298965,-1193.71655
551,-130,-1433,551.701416,-129.298965,-1433.71265
180,413,-790,179.95723,413.703003,-789.000916
180,413,-790,179.95723,413.703003,-789.000916
-60,413,-790,-60.0425262,413.703003,-789.000916
560,813,-790,560.998962,813.703552,-790.042969
560,813,-790,560.998962,813.703552,-790.042969
560,813,-670,560.998962,813.703552,-670.042969
-200,646,-910,-199.000885,646.705444,-910.041992
-200,646,-910,-199.000885,646.705444,-910.041992
-200,646,-790,-199.000885,646.705444,-790.041992
-440,813,-670,-440.998993,813.70636,-670.042969
-440,813,-670,-440.998993,813.70636,-670.042969
-440,813,-790,-440.998993,813.70636,-790.042969
320,646,-790,319.000946,646.707031,-790.042969
320,646,-790,319.000946,646.707031,-790.042969
320,646,-910,319.000946,646.707031,-910.042969
8,503,-1463,7.02668953,503.724854,-1463.22949
175,980,-1556,175.743088,980.727112,-1556.66919
117,900,-1498,116.763702,900.729614,-1498.97168
-246,505,-1411,-245.616608,505.730591,-1411.92358
494,678,-1288,493.000946,678.736755,-1288.04297
-42,537,-1519,-42.9989395,537.746826,-1518.95605
412,681,-1398,412.866547,681.750427,-1398.49902
96,1071,-1546,96.6033554,1071.75232,-1545.20264
35,423,-1439,35.0387878,423.756287,-1439.99915
400,1733,-890,399.000946,1733.7594,-890.042969
400,1733,-770,399.000946,1733.7594,-770.042969
400,1733,-770,399.000946,1733.7594,-770.042969
151,974,-1597,151.990845,974.763428,-1597.13477
25,1071,-1546,24.3797913,1071.76501,-1545.21558
13,407,-1420,12.9558172,407.766479,-1420.99902
-233,508,-1450,-232.489487,508.777496,-1449.14014
153,473,-1520,152.775558,473.7995,-1520.97449
-294,667,-1238,-294.998962,667.799805,-1237.95508
457,669,-1153,457.410461,669.800293,-1153.91187
516,667,-1228,515.649109,667.800293,-1228.9364
-246,505,-1411,-245.000885,505.800812,-1411.04199
-194,491,-1404,-194.561981,491.801056,-1404.82715
-337,669,-1153,-337.434296,669.804016,-1153.90076
60,1281,-1493,60.9656563,1281.8092,-1493.25977
60,1288,-1630,59.000927,1288.81165,-1630.04297
303,480,-1411,303.370117,480.81842,-1411.92896
-1256,686,-906,-1256.59766,686.821533,-906.801697
298,475,-1544,297.737183,475.824066,-1543.03516
147,424,-1401,147.098511,424.825775,-1401.99512
-281,103,263,-281.620331,103.839432,263.784332
281,103,263,281.611755,103.839447,263.791046
-292,667,-1187,-292.947266,667.84082,-1187.32031
-348,668,-1167,-347.027924,668.842834,-1167.23462
-118,457,-1405,-118.623215,457.848663,-1405.78198
35,423,-1439,35.0618439,423.852417,-1439.99805
303,480,-1411,303.630554,480.85672,-1411.77612
2,1013,-1571,1.62104499,1013.86005,-1571.92542
-337,103,318,-336.228699,103.865639,317.363556
337,103,318,336.223755,103.865639,317.369598
-1256,691,-858,-1256.71582,691.870972,-857.301758
183,986,-1584,182.091095,986.872437,-1584.41699
-21,522,-1528,-21.9637756,522.881653,-1527.7334
-285,119,283,-285.642487,119.881897,283.766296
285,119,283,285.632599,119.881897,283.774475
-194,491,-1404,-194.381683,491.88446,-1404.92419
1340,1233,1543,1339.92358,1233.88525,1543.99707
-302,668,-1187,-301.956665,668.899475,-1187.99902
-142,949,-1545,-142.279068,949.900208,-1545.96021
73,458,-1434,72.9375381,458.901794,-1434.99805
408,700,-1517,407.022949,700.909668,-1516.78711
-292,667,-1187,-292.998932,667.914978,-1186.95508
174,502,-1567,173.852997,502.917542,-1567.98914
-1186,691,-809,-1186.97839,691.9328,-808.793274
-254,714,-1581,-253.041016,714.946045,-1580.71655
175,980,-1556,174.561951,980.946167,-1556.89893
-184,488,-1427,-184.871567,488.952637,-1427.49023
60,1281,-1493,60.9676857,1281.96057,-1493.25195
-317,119,315,-316.262848,119.977737,314.32428
317,119,315,316.261932,119.977737,314.325287
60,1254,-1433,60.2954597,1254.97888,-1433.95532
-1146,492,-918,-1146.9989,492.981842,-918.044739
-42,537,-1519,-41.6407471,537.982239,-1519.93323
-1256,691,-858,-1256.53418,691.994446,-857.154663
-96,495,-1679,-95.3413467,496.002258,-1679.75244
-13,1251,-1630,-12.0179224,1252.00293,-1630.18848
374,711,-1581,373.055054,712.003418,-1580.67285
-348,668,-1167,-348.180725,669.012085,-1167.98352
-296,480,-1457,-295.041016,481.017395,-1456.71655
60,1281,-1493,59.3750191,1282.01965,-1493.78064
457,669,-1153,457.252258,670.022095,-1153.96765
-402,122,209,-402.486389,123.025124,209.873734
402,122,209,402.475464,123.025208,209.87973
201,458,-1671,200.016083,459.025848,-1670.82141
-306,122,261,-306.475464,123.026443,261.87973
306,122,261,306.475464,123.026443,261.87973
337,493,-1418,337.107788,494.026917,-1418.99414
60,1281,-1493,59.0196533,1282.03369,-1493.19727
142,425,-1427,142.131226,426.034973,-1427.99133
207,474,-1603,206.052155,475.03598,-1602.68127
-374,678,-1288,-373.000885,679.039307,-1288.04199
18,924,-1523,18.2962608,925.041809,-1523.95508
2,1013,-1571,1.07258081,1014.04706,-1571.37402
-338,122,293,-337.208771,123.049438,292.388489
338,122,293,337.20166,123.049438,292.397797
494,678,-1288,493.008881,679.049438,-1287.86707
-402,122,209,-401.208649,123.051369,208.388641
402,122,209,401.20166,123.051369,208.397797
485,665,-1170,484.000946,666.052917,-1170.04297
489,681,-1315,488.453613,682.053772,-1314.16248
-337,669,-1153,-337.252289,670.054382,-1153.96765
176,918,-1542,175.565933,919.055603,-1542.90088
113,1041,-1630,113.77816,1042.05579,-1629.37207
-304,476,-1392,-303.589264,477.067352,-1392.91174
457,669,-1153,456.424774,670.069031,-1153.81799
372,690,-1506,372.926178,691.078247,-1506.37683
223,449,-1411,223.461349,450.082062,-1411.88721
13,407,-1420,12.8404055,408.089966,-1420.98718
8,503,-1463,7.78532076,504.090088,-1463.97668
8,503,-1463,7.89093542,504.095306,-1463.9939
268,414,-1608,267.01593,415.123657,-1607.82227
-62,553,-1596,-62.9989395,554.125793,-1596.04492
338,122,293,337.333344,123.134979,292.254639
-338,122,293,-337.342224,123.135025,292.246796
457,669,-1153,456.4375,670.138733,-1153.82678
-248,733,-1636,-247.027863,734.142883,-1636.23438
-296,480,-1457,-295.001862,481.143921,-1456.93909
417,472,-1413,416.194641,473.148315,-1413.59277
73,458,-1434,72.0345917,459.14917,-1433.73926
194,371,-1361,193.788681,372.150513,-1361.97742
-63,523,-1512,-62.0974884,524.153198,-1512.43066
-172,483,-1507,-171.290878,484.154816,-1506.29492
18,924,-1523,18.2235565,925.156189,-1523.97461
81,451,-1453,80.0984268,452.167786,-1452.56738
-19,387,-1382,-19.0425262,388.184082,-1382.99902
263,414,-1636,262.01593,415.194611,-1635.82227
-306,122,261,-306.782654,123.194687,261.622406
306,122,261,306.773895,123.19474,261.633301
-369,681,-1315,-368.004883,682.198547,-1314.90137
404,664,-1244,404.998016,665.202637,-1244.06226
501,667,-1223,500.64856,668.210144,-1223.93616
-328,667,-1155,-328.981689,668.215332,-1155.19031
196,969,-1556,195.566193,970.215576,-1556.901
73,458,-1434,72.9235153,459.226013,-1434.99707
-374,678,-1288,-373.008881,679.233154,-1287.86707
-337,669,-1153,-336.440033,670.237183,-1153.82849
-369,681,-1315,-368.437012,682.241211,-1314.17358
148,370,-1351,147.860046,371.245453,-1351.99011
-328,443,-1383,-327.004913,444.250244,-1383.099
-402,122,209,-401.172211,123.253036,208.438965
402,122,209,401.172211,123.253036,208.438965
412,667,-1187,412.644592,668.254211,-1187.76453
-292,667,-1187,-292.652588,668.256897,-1187.75769
-292,667,-1187,-291.665466,668.265564,-1187.94238
412,667,-1187,411.648773,668.26709,-1187.93628
133,1251,-1630,132.01088,1252.26733,-1630.14709
161,961,-1532,160.601105,962.278137,-1532.91699
-369,89,305,-368.134277,90.2852173,304.499481
369,89,305,368.138428,90.2852707,304.492371
-278,667,-1287,-278.983704,668.288452,-1287.17957
408,700,-1517,407.01593,701.294678,-1516.82227
-286,664,-1192,-286.999023,665.294983,-1192.04407
1808,-33,-693,1808.99902,-31.6640663,-693.042969
1808,-33,-1473,1808.99902,-31.6640663,-1473.04297
179,516,-1618,178.038956,517.35144,-1618.27637
137,390,-1395,137.106781,391.353607,-1395.99426
-804,503,-1330,-803.690613,504.363831,-1329.04907
-337,669,-1153,-336.423065,670.367188,-1153.81677
112,458,-1484,112.038101,459.37207,-1484.99927
18,924,-1523,17.9558182,925.375732,-1523.99902
-374,678,-1288,-374.9534,679.377197,-1288.30164
255,930,-1634,254.02713,931.379089,-1634.23132
1340,1233,1403,1339.06799,1234.3916,1403.36243
-317,119,315,-317.721069,120.414139,314.307159
-285,119,283,-285.721069,120.414139,282.307159
-317,119,315,-317.721069,120.414139,314.307159
317,119,315,317.694794,120.414246,314.280792
317,119,315,317.694794,120.414246,314.280792
285,119,283,285.694794,120.414246,282.280792
448,667,-1155,448.988098,668.416443,-1155.15381
-54,924,-1541,-53.7677536,925.41925,-1541.97266
-288,700,-1517,-287.021881,701.428467,-1516.79199
298,475,-1544,297.45343,476.430054,-1543.1626
-132,933,-1636,-131.003922,934.434631,-1636.08838
386,720,-1634,385.072998,721.445984,-1634.375
440,688,-1403,439.006897,689.448547,-1402.88281
-246,468,-1357,-245.939514,469.448639,-1357.99817
1328,-33,-693,1327.00098,-31.5448914,-693.042969
1328,-33,-693,1327.00098,-31.5448914,-693.042969
1328,-33,-1313,1327.00098,-31.5448914,-1313.04297
207,474,-1603,206.04306,475.47641,-1602.70972
1340,1208,1448,1340.03809,1209.48242,1448.99927
1340,1208,1448,1339.95508,1209.49365,1448.9989
1355,1208,1448,1354.95508,1209.49365,1448.9989
1340,1208,1500,1340.03833,1209.51318,1499.00085
-320,688,-1405,-319.011841,689.531982,-1404.84668
174,502,-1567,173.002975,503.537537,-1566.92297
-1226,696,-924,-1226.34961,697.553528,-924.936829
-369,681,-1315,-368.19754,682.579773,-1314.40332
-345,668,-1157,-344.027863,669.584106,-1157.23438
-374,678,-1288,-374.115448,679.584595,-1288.99329
57,578,-1487,57.5994186,579.588806,-1487.80042
-246,505,-1411,-246.268921,506.597809,-1411.96313
-296,480,-1457,-295.367523,481.616455,-1456.22546
1355,1208,1500,1354.95593,1209.62122,1499.00098
1340,1208,1500,1339.95593,1209.62122,1499.00098
-312,672,-1342,-312.764984,673.629211,-1341.35596
255,930,-1634,254.052032,931.663025,-1634.31836
456,675,-1344,455.736755,676.665039,-1343.03528
202,974,-1585,201.026932,975.675415,-1584.76953
311,494,-1449,311.999084,495.684814,-1449.0426
268,414,-1608,267.036163,415.736816,-1608.26648
435,669,-1166,435.494965,670.742615,-1166.8689
-315,669,-1166,-315.50885,670.744019,-1166.86084
-286,664,-1192,-286.998993,665.746033,-1192.04468
-132,933,-1636,-131.004883,934.756897,-1636.09863
440,688,-1403,439.020874,689.772217,-1402.79675
404,664,-1244,404.999054,665.775024,-1244.04321
398,667,-1287,398.983002,668.775574,-1287.18359
448,667,-1155,448.977783,668.7948,-1155.20959
-325,666,-1167,-325.98703,667.797485,-1167.16052
262,949,-1545,262.218567,950.803406,-1545.97571
237,417,-1372,237.349579,418.804565,-1372.93689
-328,443,-1383,-327.153412,444.806793,-1383.53223
501,667,-1223,501.89386,668.822266,-1223.44824
-365,665,-1170,-364.272919,666.822388,-1170.68652
485,665,-1170,484.263123,666.82605,-1170.67603
412,667,-1187,411.817902,668.832214,-1187.98328
-365,665,-1170,-364.000885,666.876099,-1170.04199
-396,667,-1228,-395.145477,668.892944,-1228.51941
417,472,-1413,416.022949,473.903229,-1412.78711
176,918,-1542,175.368073,919.930969,-1542.77502
478,667,-1165,478.292267,668.94043,-1165.9563
478,667,-1165,478.251282,668.950012,-1165.9679
106,949,-1499,105.605331,950.961426,-1499.91882
96,1071,-1546,96.8180923,1072.96326,-1545.42493
25,1071,-1546,24.1692467,1072.96619,-1545.44336
-33,446,-1457,-33.1154861,447.980347,-1457.99329
-320,688,-1405,-319.021881,689.989807,-1404.79199
-315,669,-1166,-315.409668,670.992371,-1166.91223
-374,678,-1288,-374.042267,679.992615,-1288.99902
176,918,-1542,175.172546,920.011841,-1542.56152
81,451,-1453,80.2732391,453.014038,-1452.31311
-127,432,-1362,-127.367378,434.017242,-1362.93005
-304,476,-1392,-303.272919,478.02124,-1392.68652
478,667,-1165,477.249207,669.051392,-1165.66052
-96,495,-1679,-95.0020218,497.057129,-1679.06348
-1204,669,-921,-1204.99902,671.074585,-920.958008
435,669,-1166,434.649078,671.075073,-1166.9364
465,668,-1157,464.00293,670.096741,-1156.92358
81,451,-1453,80.3280563,453.124329,-1452.2594
-315,669,-1166,-314.675995,671.131592,-1166.94604
435,669,-1166,434.664795,671.13324,-1166.94214
-365,665,-1235,-364.000885,667.152893,-1235.04199
489,681,-1315,488.194641,683.168884,-1314.40723
487,665,-1235,486.000977,667.175537,-1235.04358
-18,1218,-1479,-17.0338058,1220.17993,-1479.25781
179,516,-1618,178.027359,518.22229,-1617.7677
40,481,-1495,39.1564102,483.23349,-1494.46301
432,672,-1342,432.786774,674.240112,-1341.38281
417,472,-1413,416.108124,474.268097,-1413.45227
148,370,-1351,148.322357,372.313141,-1351.94653
135,574,-1533,134.385071,576.318787,-1533.78857
353,698,-1564,353.928741,700.369873,-1564.37073
57,578,-1487,56.472393,580.373291,-1487.84949
111,1106,-1561,111.999855,1108.37524,-1561.0127
111,1106,-1561,111.999855,1108.37524,-1561.0127
111,1106,-1488,111.999855,1108.37524,-1488.0127
10,1106,-1561,9.00092411,1108.37915,-1561.04297
10,1106,-1561,9.00092411,1108.37915,-1561.04297
10,1106,-1488,9.00092411,1108.37915,-1488.04297
326,443,-1577,325.229736,445.380615,-1576.3623
-54,924,-1541,-53.2134743,926.394958,-1541.61755
60,477,-1472,59.6307297,479.399506,-1472.92932
-1080,1233,1543,-1079.0155,1235.42761,1542.82471
-1080,1233,1403,-1079.11572,1235.43616,1403.46692
-253,692,-1502,-253.917999,694.446655,-1502.39648
485,665,-1170,484.000946,667.476807,-1170.04297
372,690,-1506,372.926361,692.506653,-1506.37659
1325,-3,-1430,1324.00671,-0.483776987,-1430.11523
-365,665,-1170,-364.000885,667.540466,-1170.04199
-233,698,-1564,-233.943207,700.556335,-1564.33203
1340,1233,1543,1339.09509,1235.59058,1542.57446
-127,432,-1362,-127.200539,434.59964,-1362.97961
-285,119,283,-285.99588,121.611427,283.090546
285,119,283,285.995972,121.611427,283.089539
-285,119,283,-285.994904,121.612625,283.100708
285,119,283,285.99408,121.612709,283.108643
-15,451,-1456,-14.8919058,453.614838,-1456.99414
1325,-3,-726,1324.00867,-0.379816204,-726.131287
-253,692,-1502,-253.930145,694.638489,-1502.36707
-12,578,-1540,-11.4015331,580.685486,-1540.80115
1325,-3,-1218,1324.00098,-0.313055158,-1218.04358
183,983,-1631,182.056061,985.734985,-1630.66992
-348,668,-1167,-348.261902,670.737305,-1167.96497
1325,-3,-947,1324.00098,-0.247153282,-947.043213
-127,432,-1362,-127.25441,434.782196,-1362.96704
101,1238,-1430,100.445755,1240.79407,-1430.83228
-224,457,-1537,-223.398773,459.811371,-1536.20093
2,1013,-1571,2.41287041,1015.84021,-1571.91077
-317,119,315,-316.865021,121.84568,314.009155
317,119,315,316.865082,121.84568,314.009155
-317,119,315,-316.865021,121.861786,314.009155
317,119,315,316.865234,121.861786,314.009125
1328,-33,-1393,1327.00098,-30.1358738,-1393.04297
1328,-33,-1313,1327.00098,-30.1358738,-1313.04297
1328,-33,-1473,1327.00098,-30.1358738,-1473.04297
1328,-33,-1393,1327.00098,-30.1358738,-1393.04297
-84,568,-1668,-83.0010223,570.867676,-1667.95483
-396,667,-1228,-395.016846,669.875671,-1227.81726
106,949,-1499,106.138702,951.893677,-1499.99023
516,667,-1228,515.14978,669.900391,-1228.52637
148,370,-1351,148.258392,372.928833,-1351.96594
-295,89,231,-295.338348,91.9501877,231.94101
295,89,231,295.335388,91.9502869,231.942047
465,668,-1157,464.012909,670.953308,-1157.16016
-1256,719,-851,-1256.40332,721.970581,-850.084961
-402,122,209,-402.293579,125.014603,209.955933
402,122,209,402.293579,125.014603,209.955933
337,459,-1352,337.292084,462.016815,-1352.9563
138,1216,-1479,137.021881,1219.02161,-1479.20801
-94,544,-1592,-93.0010147,547.025208,-1591.95508
427,667,-1169,427.980927,670.08374,-1169.19434
-307,667,-1169,-307.981689,670.084351,-1169.19031
-1206,691,-969,-1206.96277,694.114807,-968.729675
501,667,-1223,501.459351,670.115662,-1223.88818
-284,664,-1244,-284.998993,667.148315,-1244.04443
-1080,1233,1403,-1079.0155,1236.16504,1403.17517
398,667,-1287,398.987854,670.185486,-1286.84473
-246,468,-1357,-246.190384,471.216003,-1357.98169
-94,544,-1592,-93.0967331,547.22406,-1592.42908
412,681,-1398,412.971619,684.227783,-1398.23633
-1256,706,-916,-1256.40234,709.236511,-916.915466
444,663,-1164,444.106781,666.263,-1164.99426
1813,-3,-1366,1813.9989,0.264258951,-1366.04492
1813,-3,-1083,1813.99902,0.355463713,-1083.04297
516,667,-1228,515.014587,670.413025,-1227.82983
1813,-3,-795,1813.99902,0.42103979,-795.043884
-12,578,-1540,-11.0273275,581.422852,-1540.23218
-1226,696,-924,-1226.39551,699.453308,-924.918396
-338,675,-1344,-337.747253,678.463318,-1343.03247
249,919,-1583,248.675751,922.474304,-1583.94592
194,371,-1361,193.320862,374.485931,-1361.73401
-358,667,-1165,-357.243896,670.500122,-1165.65442
20,1216,-1423,20.5791321,1219.50317,-1423.81519
-1195,664,-851,-1195.97839,667.550476,-850.793274
404,469,-1480,403.069183,472.554382,-1479.63452
404,469,-1480,403.263123,472.559631,-1479.32397
-291,681,-1401,-291.972595,684.578308,-1401.23242
-1256,719,-851,-1256.13086,722.602112,-850.008606
326,443,-1577,325.557922,446.604462,-1576.10303
111,1106,-1561,111.95369,1109.62292,-1560.69922
-590,2188,-255,-590.686646,2191.63037,-254.27301
398,667,-1287,398.995941,670.640747,-1287.08972
237,417,-1372,237.163193,420.68335,-1372.98657
385,470,-1368,384.777161,473.689087,-1368.97485
20,1238,-1430,20.5807114,1241.72241,-1430.81409
-12,578,-1540,-11.0478611,581.748901,-1540.30566
60,1215,-1393,59.5037231,1218.77722,-1393.86816
-1196,683,-940,-1196.98425,686.815796,-939.823242
427,667,-1169,427.971588,670.851196,-1169.23633
-129,927,-1574,-128.525635,930.864075,-1574.88025
-302,668,-1187,-302.96347,671.881592,-1187.26758
1340,1233,1403,1339.92285,1236.94214,1402.00305
1325,-3,-1218,1324.00098,0.950025976,-1217.95593
337,459,-1352,336.846954,463.011414,-1352.98816
1325,-3,-726,1324.00391,1.03598893,-725.911743
1325,-3,-947,1324.00098,1.03794611,-946.955872
353,698,-1564,353.969727,702.058411,-1564.24414
1325,-3,-1430,1324.00476,1.1173172,-1429.90259
-233,698,-1564,-233.97258,702.14563,-1564.23242
-18,1218,-1479,-17.1797619,1222.16052,-1479.57202
-224,457,-1537,-223.473587,461.235931,-1536.14978
-54,924,-1541,-53.0110054,928.254761,-1541.14795
1340,1233,1403,1339.10376,1237.30542,1403.44348
60,1215,-1393,59.9558182,1219.35803,-1393.99902
-590,2188,-255,-590.703186,2192.37109,-254.289001
-63,523,-1512,-62.3489494,527.400513,-1512.75903
135,574,-1533,134.147873,578.417358,-1533.52332
494,666,-1238,493.505249,670.475952,-1238.86902
102,519,-1494,101.389946,523.534241,-1494.79236
-135,430,-1630,-134.229721,434.619141,-1630.6377
10,1106,-1561,9.0456934,1110.62451,-1560.70117
488,657,-1167,487.001923,661.687439,-1167.06152
-1201,706,-916,-1201.9823,710.693481,-915.812744
1355,1208,1448,1354.04077,1212.73181,1447.71741
249,919,-1583,248.504547,923.743896,-1583.86853
-1105,1161,1531,-1104.5033,1165.76453,1530.13208
-39,595,-1649,-38.0341644,599.770264,-1649.25916
174,589,-1634,173.316666,593.792786,-1634.7301
326,443,-1577,325.505035,447.861816,-1576.1311
101,1238,-1430,100.160728,1242.87268,-1430.5437
84,368,-1369,83.9235153,372.886963,-1369.99707
-278,667,-1287,-278.986786,671.902161,-1286.83801
57,578,-1487,56.666153,582.992798,-1487.94263
-1095,1163,1473,-1094.01562,1168.01758,1473.17603
1355,1163,1473,1354.0116,1168.03687,1473.15161
-54,924,-1541,-53.6630669,929.130493,-1541.94153
-27,1005,-1550,-26.4828339,1010.23975,-1550.85583
-1256,738,-914,-1256.12305,743.262024,-914.99231
20,1238,-1430,20.8194675,1243.29333,-1430.57312
-1196,683,-940,-1196.83142,688.330811,-940.555542
-298,662,-1340,-298.96048,667.342896,-1340.27832
-348,668,-1167,-347.000885,673.345825,-1166.95801
-14,943,-1514,-13.8465681,948.383179,-1514.98816
1340,1233,1543,1339.06311,1238.39551,1542.65039
337,459,-1352,337.243469,464.484375,-1352.96985
-326,663,-1150,-326.98703,668.489136,-1150.16052
332,56,310,332.693085,61.5570107,309.279144
174,589,-1634,173.084518,594.564392,-1634.40234
-278,667,-1287,-278.996918,672.663025,-1287.07812
332,56,310,332.770844,61.6802979,309.362976
-290,56,268,-290.721069,61.7208786,267.307159
-332,56,310,-332.720123,61.7210579,309.306183
290,56,268,290.694763,61.7213211,267.280762
332,56,310,332.702576,61.7220306,309.288391
-1188,30,-1518,-1188.75098,35.9176788,-1518.66016
-224,457,-1537,-223.422913,462.968048,-1536.18335
-332,56,310,-332.745392,62.0086937,309.333374
-332,56,310,-332.736328,62.0269241,309.323395
-67,1081,-1630,-66.1813049,1087.0791,-1630.57422
1813,-3,-1083,1813.99915,3.08934402,-1082.95874
1813,-3,-1366,1813.9989,3.10858607,-1365.95508
1355,1208,1500,1354.04077,1214.20691,1500.28247
261,76,238,261.657837,82.2176132,237.246841
-261,76,238,-261.664642,82.2177124,237.252853
1813,-3,-795,1813.99915,3.27453279,-794.958679
361,76,339,361.753693,82.3616257,338.342773
-361,76,339,-361.759521,82.3617249,338.349518
-1095,1163,1473,-1094.01562,1169.42725,1472.82397
1355,1163,1473,1354.01245,1169.44727,1472.84277
418,662,-1340,418.958984,668.563904,-1340.28345
-44,1088,-1566,-43.859726,1094.72156,-1566.99011
-324,663,-1164,-324.986969,669.773376,-1164.16089
-88,947,-1558,-87.6909637,953.804626,-1558.95105
-332,56,310,-332.676056,62.8966484,309.263153
332,56,310,332.677551,62.8967552,309.264526
-287,-105,300,-287.998993,-98.0581512,300.044708
-27,1005,-1550,-26.1017361,1012.04132,-1550.43945
-1180,600,-869,-1180.83398,607.126404,-869.551758
-1220,600,-809,-1220.83325,607.129944,-809.552734
60,1215,-1393,60.474678,1222.21106,-1393.88013
-287,-105,300,-287.745636,-97.2549362,299.333649
205,951,-1590,205.9991,958.796326,-1589.95764
57,578,-1487,57.4133606,586.313599,-1487.91052
-1150,600,-740,-1150.70178,608.622986,-739.287659
-1220,600,-809,-1220.69946,608.625122,-808.285339
-302,-109,318,-301.747253,-100.360092,317.032471
-611,2188,-274,-611.686707,2196.7439,-273.273071
-27,1005,-1550,-26.1931973,1013.86896,-1550.59082
-390,666,-1263,-389.002869,674.925354,-1262.92432
510,666,-1263,509.001923,674.938782,-1262.93811
-135,430,-1630,-134.21167,438.995544,-1630.61523
-298,662,-1340,-298.735229,671.079529,-1339.32227
1340,1233,1543,1339.67603,1242.17786,1542.05396
-129,927,-1574,-128.852997,936.403809,-1574.98914
102,519,-1494,101.715721,528.612854,-1494.95874
-1080,1134,1563,-1079.15479,1143.79663,1562.46558
-135,430,-1630,-134.105118,439.823883,-1630.44629
176,1198,-1630,175.006027,1208.0459,-1630.10962
1340,1134,1563,1339.79297,1144.29297,1562.02173
0,1143,-1630,-0.987882614,1153.53027,-1629.84485
-390,666,-1263,-389.027863,676.612854,-1262.76562
510,666,-1263,509.026947,676.630493,-1262.76953
-1169,860,-1180,-1169.99707,871.209839,-1179.92383
-1159,860,-889,-1159.99097,871.268005,-888.867188
-1146,860,-790,-1146.99304,871.26947,-789.882812
-1158,688,-740,-1158.98132,699.388489,-739.807678
-586,2188,-252,-586.041992,2199.43628,-251.000885
-535,2188,-252,-535.041992,2199.43628,-251.000885
-535,2188,-252,-535.041992,2199.43628,-251.000885
315,-105,334,314.61618,-93.5279007,333.076599
-1206,691,-969,-1206.93652,702.487366,-969.350586
174,589,-1634,173.00592,600.816589,-1634.10864
494,666,-1238,493.079102,677.99353,-1238.38977
-9,1146,-1508,-8.32138824,1158.63123,-1508.7345
-1154,860,-1075,-1154.99902,872.804382,-1075.04321
-1159,860,-969,-1159.99902,872.804382,-969.042969
-63,523,-1512,-62.2891769,536.1698,-1512.70337
-1080,1233,1543,-1079.29102,1246.22119,1542.2948
0,1143,-1630,-0.993945062,1156.29517,-1629.89014
-1173,601,-931,-1173.97095,614.651367,-931.239258
-1173,601,-931,-1173.97046,615.171509,-930.758789
120,1143,-1630,120.989067,1158.2041,-1629.85254
120,1143,-1630,120.994904,1158.42139,-1629.89917
129,1146,-1508,128.31723,1161.64014,-1508.73059
-1158,688,-740,-1158.69922,703.707153,-739.285095
60,840,-1435,60.039135,855.886475,-1435.99915
134,716,-1513,133.036194,732.731995,-1513.2666
1363,1119,1391,1362.01062,1136.03955,1390.85474
418,662,-1340,418.742401,679.576111,-1339.33008
1363,1119,1558,1362.00867,1136.69812,1558.13086
-898,30,-1808,-898.715881,49.5644836,-1808.69812
-1104,1119,1558,-1103.17041,1138.7312,1558.55835
-615,2188,-323,-615.996033,2210.14746,-322.911346
-1104,1119,1391,-1103.18005,1142.72485,1390.42761
-1186,601,-1004,-1186.98425,625.922729,-1003.82324
-1195,664,-851,-1195.83337,689.541992,-851.552551
60,840,-1435,60.0363083,866.059204,-1435.99927
-140,376,-1618,-139.105301,402.340363,-1617.55334
-590,2188,-255,-590.95636,2214.44019,-255.292191
-590,2188,-255,-590.95636,2214.44019,-255.292191
-596,2188,-236,-596.955811,2216.09351,-236.293976
-1173,601,-931,-1173.98425,631.391052,-930.823242
-543,2188,-361,-542.46582,2221.61377,-361.845367
-611,2188,-274,-611.996094,2221.80103,-273.911713
-1154,860,-1075,-1154.99109,894.855896,-1074.86719
-1169,860,-1180,-1169.98926,894.858032,-1179.85388
-263,-37,264,-263.719055,-2.13110781,264.694916
202,974,-1585,201.153412,1009.80804,-1585.53223
530,1843,-431,529.956543,1879.31689,-431.999054
830,1843,-431,829.956543,1879.31689,-431.999054
530,1843,-431,529.956543,1879.31689,-431.999054
-931,31,-1843,-930.293945,70.7530823,-1842.29187
262,382,-1354,262.106781,423.335693,-1354.99426
-511,2188,-341,-510.464203,2231.81592,-341.84433
89,418,-1414,89.4142609,463.26416,-1414.91016
-1160,601,-1075,-1160.94019,663.85376,-1075.34058
-1186,601,-1004,-1186.93652,663.857666,-1004.35059
-1188,30,-1518,-1188.71399,94.9929199,-1518.70007
-1001,30,-1705,-1001.71582,101.178123,-1705.69824
-1119,30,-1656,-1118.28333,105.526978,-1655.30261
-1221,30,-1553,-1220.302,105.983345,-1552.28394
-66,1198,-1630,-65.0129318,1318.20068,-1630.16028
-1104,1119,1391,-1103.79297,1249.44397,1391.97827
1340,1134,1385,1339.75488,1269.953,1385.96948
-1080,1134,1563,-1079.79297,1276.92822,1562.02173
-1401,190,-507,-1401.49707,337.264923,-506.132294
1363,1119,1558,1362.03503,1288.28064,1557.73767
139,414,-1390,139.319275,585.051636,-1390.94763
1363,1119,1391,1362.03674,1290.70288,1391.26855
-586,2188,-252,-585.17218,2409.57983,-251.439011
-586,2188,-252,-585.17218,2409.57983,-251.439011
-1080,1134,1385,-1079.75879,1400.37048,1385.97046
-596,2188,-236,-595.17218,2478.16431,-235.439011
-1246,190,-417,-1246.49707,487.810791,-416.132294
-718,190,-507,-717.500977,493.673004,-506.133423
-874,190,-417,-873.500977,494.003265,-416.133423
1071,270,99,1071.14062,580.369934,99.9900589
841,270,-362,840.130432,616.781189,-362.493805
1140,270,89,1140.14136,633.666077,89.9899521
-746,192,-71,-745.000916,749.743774,-71.0425262
1140,270,89,1140.32935,920.608276,89.9442062
-746,192,69,-745.000916,1077.43384,68.957222
-746,192,-71,-745.000916,1077.43384,-71.0425262
-1268,270,-379,-1268.86572,1467.21448,-379.500458
410,1893,-1670,409.955841,4074.80908,-1670.99902
-956,270,-559,-955.135193,2496.72388,-559.502014
960,270,-566,959.135315,3603.48999,-566.502258
-851,270,-379,-850.14209,4389.46582,-379.513733
841,270,-362,840.130249,6440.60352,-362.493469
