1194,-168,421,1194.42773,-167.904343,421.9039
208,-6,-1661,207.084091,-5.84958076,-1661.40137
1268,-165,-103,1268.51294,-164.833984,-102.141579
2353,301,-640,2352.06812,301.201111,-639.637268
1344,314,-2344,1343.20422,314.239685,-2343.39453
1101,-160,287,1101.30273,-159.729462,287.953003
788,497,-1998,788.424011,497.280762,-1998.90564
1214,-162,422,1214.42773,-161.606918,422.90387
1074,-160,296,1074.30334,-159.577927,296.952881
1215,-72,475,1214.12646,-71.571434,475.486755
1101,-160,287,1100.95801,-159.56633,287.999115
1074,-160,296,1074.34399,-159.544296,296.938965
1331,317,-2358,1330.14978,317.456238,-2357.47363
208,-6,-1661,208.994934,-5.54109049,-1661.10046
272,185,-1776,272.369629,185.506027,-1776.92908
272,185,-1776,272.369629,185.50618,-1776.92908
860,0,-1060,859.955872,0.530164301,-1059.00098
860,0,-1060,859.955872,0.530164301,-1059.00098
740,0,-1060,739.955872,0.530164301,-1059.00098
700,120,-2800,699.000977,120.559479,-2800.04297
1028,298,-1044,1028.88391,298.595032,-1044.46765
1500,120,-2800,1499.00098,120.655594,-2800.04297
1429,326,522,1429.1167,326.655884,521.006836
1500,120,-2000,1499.00098,120.669846,-2000.04297
1355,-23,-139,1354.89966,-22.3277855,-139.994949
1117,-140,307,1117.66797,-139.321686,307.744171
1168,-160,352,1167.45093,-159.321564,352.835754
1214,-162,422,1214.40845,-161.312683,421.087219
1500,120,-1200,1499.00098,120.689255,-1200.04297
400,120,-700,399.957245,120.691902,-699.000916
-1100,120,600,-1099.00085,120.702835,600.039062
700,120,-400,699.000916,120.706528,-400.042267
871,362,-2729,870.190186,362.722382,-2729.58667
1199,-72,448,1198.13074,-71.2758331,448.494324
1194,-168,421,1194.42578,-167.272629,420.095184
1194,-168,421,1194.46191,-167.258652,421.886902
1200,120,-1500,1199.95508,120.746315,-1499.0011
1200,120,-2300,1199.95593,120.747871,-2299.00098
400,120,-2300,399.955841,120.787445,-2299.00098
299,209,-1796,299.457245,209.79068,-1796.88928
1079,377,-2458,1079.07581,377.792297,-2458.99707
1365,74,-23,1364.95691,74.8010254,-23.9990692
1345,74,-23,1344.95691,74.8010254,-23.9990692
1365,74,-23,1364.95691,74.8010254,-23.9990692
741,283,-2629,741.95575,283.819153,-2629.29395
995,2,-1660,995.989258,2.82008266,-1659.85388
907,448,-1436,907.123047,448.871948,-1436.99231
1550,355,-2070,1549.24744,355.89801,-2069.34155
1539,2,-1795,1539.1239,2.89814973,-1795.99219
1539,2,-2595,1539.1239,2.89846921,-2595.99219
1795,2,-1660,1795.98926,2.91820574,-1659.85388
1795,2,-2460,1795.98926,2.92315984,-2459.854
1539,2,-995,1539.13171,2.93218899,-995.991272
995,2,-860,995.991272,2.94801021,-859.868225
739,2,-2595,739.123291,2.95116448,-2595.99219
-1139,2,395,-1139.13281,2.95632029,395.991119
574,293,-257,573.157715,293.964142,-257.539032
995,2,-2460,995.989258,2.96443081,-2459.854
739,2,-195,739.132812,2.96612859,-195.991119
208,-6,-1661,208.994934,-5.02895308,-1661.10046
60,2,195,59.8655586,2.97138238,195.990921
-195,2,60,-195.989914,2.97138238,59.8583336
195,2,-60,195.990936,2.97138238,-59.8656693
860,2,195,859.865784,2.97664618,195.990952
1199,-72,448,1198.13037,-71.0195618,448.493561
604,2,-2339,603.008606,2.984267,-2339.13086
871,362,-2729,871.534424,362.994629,-2729.84521
604,2,-739,603.008606,2.99479461,-739.130859
1347,-97,-141,1347.04309,-96.0001984,-141.999069
604,2,60,603.00769,2.99998832,59.8762207
-604,2,-60,-603.009705,3.00006819,-59.8610229
1153,-140,333,1152.00195,-138.995087,332.937561
860,2,-604,859.867737,3.00534201,-603.008789
1321,-146,-114,1321.43018,-144.994125,-113.09726
1092,-140,330,1092.66797,-138.991028,330.744171
1660,2,-604,1659.86719,3.0104959,-603.008911
733,321,-1036,732.621094,322.011749,-1036.92542
-1260,2,804,-1259.8678,3.01521015,803.008789
1404,2,-2339,1403.00867,3.01824665,-2339.13086
1117,-140,307,1117.30334,-138.980743,307.952881
1404,2,-1539,1403.00867,3.02328062,-1539.13123
574,293,-257,573.112732,294.023468,-257.461212
1404,2,-739,1403.00867,3.02831459,-739.131287
1231,-170,442,1231.39551,-168.959259,441.081543
1660,2,-1404,1659.8606,3.04341674,-1403.00977
1297,-136,398,1296.01746,-134.945328,397.813995
733,321,-1036,732.635742,322.058472,-1036.93127
-948,333,751,-947.131592,334.060516,751.49585
729,275,-2641,729.925293,276.063629,-2641.37891
860,2,-2204,859.84668,3.06946564,-2203.01196
1660,2,-2204,1659.84741,3.07457948,-2203.01172
1268,-165,-103,1267.84473,-163.914627,-103.987869
1231,-170,442,1231.57056,-168.87204,441.178772
-60,2,-195,-59.8583336,3.14933062,-195.989914
1168,-160,352,1167.36035,-158.831497,352.768646
2387,262,-678,2386.05273,263.177216,-677.679565
1268,-165,-103,1268.41809,-163.806793,-102.091599
208,-6,-1661,207.084091,-4.79566765,-1661.40137
2254,258,-659,2254.97046,259.208954,-658.758789
871,362,-2729,870.071838,363.209473,-2728.62793
1152,-140,349,1151.00098,-138.776184,348.955841
1363,325,-1836,1362.04077,326.226685,-1836.28247
2291,316,-621,2291.93652,317.241699,-620.649414
212,83,-1728,211.609924,84.244278,-1728.92078
1451,187,-2335,1450.95593,188.244476,-2335.99902
1400,187,-2335,1399.95593,188.244476,-2335.99902
651,187,-2335,650.955872,188.244476,-2335.99902
600,187,-2335,599.955872,188.244476,-2335.99902
-1051,-13,1535,-1051.04297,-11.7543573,1535.99902
-1000,-13,1535,-1000.04297,-11.7543573,1535.99902
-1400,-13,1535,-1400.04297,-11.7543573,1535.99902
-1348,-13,1535,-1348.04297,-11.7543573,1535.99902
211,45,-1777,211.912064,46.2457886,-1777.41003
202,17,-1743,202.912888,18.2460518,-1743.4082
1345,71,-42,1344.98706,72.2527084,-41.0000839
1365,71,-42,1364.98706,72.2527084,-41.0000839
1345,71,-42,1344.98706,72.2527084,-41.0000839
1535,187,-949,1535.99902,188.254517,-949.042969
1535,187,-1000,1535.99902,188.254517,-1000.04297
1535,187,-1748,1535.99902,188.254517,-1748.04297
1535,187,-1800,1535.99902,188.254517,-1800.04297
1451,187,-1535,1450.95593,188.254517,-1535.99902
1400,187,-1535,1399.95593,188.254517,-1535.99902
1535,187,-2548,1535.99902,188.254517,-2548.04297
1535,187,-2600,1535.99902,188.254517,-2600.04297
-1135,187,349,-1135.99902,188.259445,348.955841
-1135,187,400,-1135.99902,188.259445,399.955841
1007,235,-2595,1007.58594,236.26062,-2595.8103
651,187,-735,650.955078,188.26442,-735.998962
600,187,-735,599.955078,188.26442,-735.998962
1451,187,-735,1450.95508,188.26442,-735.998962
1400,187,-735,1399.95508,188.26442,-735.998962
735,187,-2548,735.998962,188.26442,-2548.04297
735,187,-2600,735.998962,188.26442,-2600.04297
735,187,-149,735.999084,188.264511,-149.042267
735,187,-200,735.999084,188.264511,-200.042267
65,187,149,64.0009384,188.27449,148.956696
65,187,200,64.0009384,188.27449,199.956696
-149,187,65,-149.043274,188.27449,64.0009384
-200,187,65,-200.043274,188.27449,64.0009384
651,187,65,650.956909,188.274506,64.0009308
600,187,65,599.956909,188.274506,64.0009308
149,187,-65,148.986481,188.275574,-64.0000916
200,187,-65,199.986481,188.275574,-64.0000916
-65,187,-149,-64.0000916,188.275574,-149.013062
-65,187,-200,-64.0000916,188.275574,-200.013062
-651,187,-65,-651.012695,188.275574,-64.0000839
-600,187,-65,-600.012695,188.275574,-64.0000839
949,187,-865,948.955872,188.284363,-864.000977
1000,187,-865,999.955872,188.284363,-864.000977
865,187,-651,864.000977,188.284363,-651.042969
865,187,-600,864.000977,188.284363,-600.042969
865,187,-2251,864.000977,188.284363,-2251.04297
865,187,-2200,864.000977,188.284363,-2200.04297
865,187,149,864.000916,188.284454,148.95723
865,187,200,864.000916,188.284454,199.95723
1665,187,-651,1664.00098,188.294312,-651.042969
1665,187,-600,1664.00098,188.294312,-600.042969
1748,187,-1665,1747.95593,188.294312,-1664.00098
1800,187,-1665,1799.95593,188.294312,-1664.00098
1665,187,-1451,1664.00098,188.294312,-1451.04297
1665,187,-1400,1664.00098,188.294312,-1400.04297
949,187,-1665,948.955872,188.294312,-1664.00098
1000,187,-1665,999.955872,188.294312,-1664.00098
1665,187,-2251,1664.00098,188.294312,-2251.04297
1665,187,-2200,1664.00098,188.294312,-2200.04297
1748,187,-2465,1747.95593,188.30455,-2464.00098
1800,187,-2465,1799.95593,188.30455,-2464.00098
949,187,-2465,948.955872,188.30455,-2464.00098
1000,187,-2465,999.955872,188.30455,-2464.00098
907,448,-1436,907.551208,449.342773,-1436.83435
1423,307,513,1423.66809,308.345642,513.74408
1362,277,-2407,1361.4043,278.345856,-2406.19702
1232,-171,398,1232.60742,-169.629272,398.794342
1152,-140,349,1151.19971,-138.626877,348.400421
1232,-171,398,1232.42786,-169.623657,398.903839
1741,180,-2326,1740.95593,181.386551,-2326.99902
1800,180,-2326,1799.95593,181.386551,-2326.99902
941,180,-2326,940.955872,181.386551,-2326.99902
1000,180,-2326,999.955872,181.386551,-2326.99902
2366,292,-633,2365.05054,293.39325,-632.686157
700,120,-400,699.000916,121.393768,-399.957245
1268,-165,-103,1267.95605,-163.606155,-103.999031
1526,180,-658,1526.99902,181.395386,-658.042969
1526,180,-600,1526.99902,181.395386,-600.042969
1741,180,-1526,1740.95593,181.395386,-1526.99902
1800,180,-1526,1799.95593,181.395386,-1526.99902
1526,180,-1458,1526.99902,181.395386,-1458.04297
1526,180,-1400,1526.99902,181.395386,-1400.04297
941,180,-1526,940.955872,181.395386,-1526.99902
1000,180,-1526,999.955872,181.395386,-1526.99902
1526,180,-2258,1526.99902,181.395386,-2258.04297
1526,180,-2200,1526.99902,181.395386,-2200.04297
941,180,-726,940.955872,181.402328,-726.999023
1000,180,-726,999.955872,181.402328,-726.999023
726,180,-658,726.999023,181.402328,-658.042969
726,180,-600,726.999023,181.402328,-600.042969
726,180,-2258,726.999023,181.402328,-2258.04297
726,180,-2200,726.999023,181.402328,-2200.04297
726,180,142,726.999084,181.402435,141.95723
726,180,200,726.999084,181.402435,199.95723
700,120,-2000,699.000977,121.409744,-1999.95593
142,180,74,141.956696,181.412994,73.0009384
200,180,74,199.956696,181.412994,73.0009384
74,180,-142,73.0009384,181.412994,-142.043274
74,180,-200,73.0009384,181.412994,-200.043274
-658,180,74,-658.042969,181.41301,73.0009308
-600,180,74,-600.042969,181.41301,73.0009308
-74,180,142,-73.0000916,181.414185,141.986481
-74,180,200,-73.0000916,181.414185,199.986481
-142,180,-74,-142.013062,181.414185,-73.0000916
-200,180,-74,-200.013062,181.414185,-73.0000916
658,180,-74,657.987061,181.4142,-73.0000839
600,180,-74,599.987061,181.4142,-73.0000839
1500,120,-400,1499.00085,121.414833,-399.958679
1365,269,-2498,1365.81885,270.417328,-2497.42603
-1058,-20,1673,-1058.04297,-18.5780811,1672.00098
-1000,-20,1673,-1000.04297,-18.5780811,1672.00098
-1400,-20,1673,-1400.04297,-18.5780811,1672.00098
-1341,-20,1673,-1341.04297,-18.5780811,1672.00098
658,180,-874,657.955078,181.423492,-873.001038
600,180,-874,599.955078,181.423492,-873.001038
1458,180,-874,1457.95508,181.423492,-873.001038
1400,180,-874,1399.95508,181.423492,-873.001038
874,180,-2541,873.000977,181.423492,-2541.04297
874,180,-2600,873.000977,181.423492,-2600.04297
874,180,-142,873.000916,181.423599,-142.042267
874,180,-200,873.000916,181.423599,-200.042267
-1274,180,342,-1273.00098,181.427811,341.955841
-1274,180,400,-1273.00098,181.427811,399.955841
1673,180,-941,1672.00098,181.431183,-941.042969
1673,180,-1000,1672.00098,181.431183,-1000.04297
1673,180,-1741,1672.00098,181.431183,-1741.04297
1673,180,-1800,1672.00098,181.431183,-1800.04297
1458,180,-1673,1457.95593,181.431183,-1672.00098
1400,180,-1673,1399.95593,181.431183,-1672.00098
1673,180,-2541,1672.00098,181.431183,-2541.04297
1673,180,-2600,1672.00098,181.431183,-2600.04297
-1100,120,600,-1099.00098,121.437073,599.955872
1458,180,-2473,1457.95593,181.440231,-2472.00098
1400,180,-2473,1399.95593,181.440231,-2472.00098
658,180,-2473,657.955872,181.440231,-2472.00098
600,180,-2473,599.955872,181.440231,-2472.00098
700,120,400,699.000916,121.467087,400.042084
216,15,-1707,215.119278,16.4697399,-1707.47363
1200,120,-1500,1200.04065,121.474739,-1499.00085
2000,120,-1500,2000.04395,121.476288,-1499.00098
963,184,-2578,963.556885,185.487564,-2577.16943
1200,120,-700,1200.04395,121.49427,-699.000977
1500,120,-1200,1499.00098,121.501923,-1199.95605
-1265,197,851,-1264.00098,198.504211,850.955872
-1265,197,800,-1264.00098,198.504211,799.955872
-933,357,779,-932.040771,358.505219,779.282593
2000,120,-2300,2000.03821,121.515038,-2299.00073
1200,120,-2300,1200.03894,121.538811,-2299.00098
216,15,-1707,216.980759,16.5405693,-1707.19519
1500,120,-2000,1499.00085,121.546967,-1999.95874
680,0,-1660,680.716064,1.57914531,-1660.698
505,306,-2677,505.679871,307.58725,-2677.73315
2382,286,-1023,2382.75024,287.588806,-1023.66101
1013,290,-1052,1013.849,291.606812,-1052.52832
2345,214,-999,2345.22266,215.64592,-999.974731
-1126,190,858,-1126.99902,191.652786,857.955872
-1126,190,800,-1126.99902,191.652786,799.955872
1234,-143,423,1234.64258,-141.340439,422.233795
1142,-140,362,1141.19946,-138.300095,361.400726
568,273,-2602,567.000977,274.72052,-2602.04297
1007,235,-2595,1007.52222,236.723282,-2595.85278
284,15,-1729,283.884338,16.7424927,-1729.99329
978,251,-1008,978.831482,252.748383,-1008.55554
284,15,-1729,283.884338,16.7602081,-1729.99329
1347,-97,-141,1347.94214,-95.2359009,-140.66478
1194,-168,421,1194.42578,-166.232254,420.095184
907,448,-1436,907.222717,449.783539,-1435.02515
1224,269,-2295,1224.81921,270.791016,-2294.42651
1400,-134,-120,1400.04297,-132.19252,-120.999069
213,49,-1724,212.537231,50.8261833,-1724.88647
628,305,-1039,627.758789,306.843567,-1039.97046
628,305,-1039,627.835266,306.85675,-1039.98633
1321,-146,-114,1320.95654,-144.136398,-114.999054
1365,269,-2498,1364.46179,270.893921,-2497.15723
216,15,-1707,215.119278,16.9007607,-1707.47363
1234,-143,423,1234.66858,-141.075241,423.743622
751,488,-2001,751.713379,489.951355,-2001.70068
1582,297,-2134,1581.35364,299.010498,-2133.23706
540,324,-2671,539.003845,326.024139,-2670.9126
924,308,-2642,923.248657,310.026306,-2642.65991
1513,64,-2600,1512.00098,66.0705109,-2600.04297
284,15,-1729,283.172546,17.0923004,-1728.43848
1358,-128,-200,1358.94604,-125.889229,-199.67598
1153,-140,333,1152.07874,-137.835968,333.388794
-1286,57,395,-1286.99902,59.1647148,394.955841
-1000,-142,1686,-1000.04297,-139.799957,1686.99902
-1400,-142,1686,-1400.04297,-139.799957,1686.99902
195,57,86,194.985931,59.2012558,86.9999008
1797,64,-2486,1796.95593,66.2738495,-2486.99902
540,324,-2671,540.572327,326.294067,-2671.81982
997,64,-1686,996.955872,66.3049622,-1686.99902
-933,357,779,-932.955872,359.305237,778.000977
2387,262,-678,2387.78882,264.30603,-677.385376
997,64,-2486,996.955872,66.3293076,-2486.99902
1686,64,-602,1686.99902,66.3348389,-602.042969
1797,64,-1686,1796.95593,66.3351517,-1686.99902
540,324,-2671,539.002869,326.352539,-2671.0752
1363,325,-1836,1363.04248,327.362854,-1836.99902
1686,64,-2202,1686.99902,66.3688278,-2202.04297
1686,64,-1402,1686.99902,66.3704071,-1402.04297
2291,316,-621,2291.9646,318.378143,-620.736328
774,440,-1905,773.030029,442.387787,-1905.24316
1234,-143,423,1234.88635,-140.609497,422.537018
601,244,-202,600.130249,246.39537,-202.493439
886,64,-2202,886.999023,66.3959808,-2202.04297
886,64,197,886.999084,66.3966141,196.95723
886,64,-602,886.998962,66.4146652,-602.044739
1774,257,-1787,1774.25781,259.429718,-1787.96619
-972,371,787,-971.955872,373.433899,786.000977
1402,64,-1513,1402.0354,66.4545517,-1512.00073
-86,64,-197,-86.9990616,66.458046,-197.043274
602,64,86,602.012695,66.4580612,86.9999161
86,64,197,86.9999084,66.4600754,196.986481
1402,64,-2313,1401.98853,66.4608765,-2312.00024
197,64,-86,196.956696,66.4644165,-86.9990616
760,314,-1039,759.067993,316.464569,-1038.63757
997,64,-886,996.955872,66.4695663,-886.999023
713,64,-197,712.000488,66.4703598,-196.968765
-1113,64,397,-1112.00098,66.4744644,396.955841
1513,64,-997,1512.00012,66.4867935,-996.984436
1168,-160,352,1167.76758,-157.509308,351.027405
1513,64,-1797,1512.00085,66.4953232,-1796.95898
1402,64,-713,1402.03723,66.4976578,-712.000732
262,56,-1741,261.860046,58.5106659,-1741.99011
602,64,-713,601.955872,66.5192184,-712.000977
713,64,-2597,712.000977,66.5198517,-2597.04297
1550,355,-2070,1550.66711,357.531677,-2069.25513
2291,316,-621,2290.53345,318.532654,-620.11554
672,429,-1920,672.034912,431.588806,-1920.99939
1366,106,-26,1366.99902,108.617943,-26.0425262
1366,106,-34,1366.99902,108.617943,-34.0425262
1366,106,-34,1366.99902,108.617943,-34.0425262
602,64,-2313,601.955872,66.641037,-2312.00098
1168,-160,352,1167.83252,-157.349228,351.01413
2000,120,-2500,2000.15198,122.662666,-2500.98828
2000,120,-1700,2000.13086,122.730537,-1700.99133
1237,305,-2287,1237.81885,307.731201,-2286.42603
-1600,-80,1700,-1600.04297,-77.2684021,1700.9989
-1000,-136,1516,-1000.04297,-133.244781,1515.00098
-1400,-136,1516,-1400.04297,-133.244781,1515.00098
1234,-143,423,1234.66858,-140.217789,423.743622
2000,120,-1500,2000.14453,122.790253,-1499.01062
672,429,-1920,671.9375,431.842316,-1920.99792
907,448,-1436,907.772888,450.846527,-1435.36548
2251,258,-645,2251.9707,260.846588,-644.759766
700,120,400,699.01062,122.851677,400.145203
2000,120,-2300,2000.1322,122.868469,-2299.00879
628,305,-1039,628.995117,307.871368,-1039.09863
1700,120,-400,1700.98914,122.877472,-399.852997
700,120,-2800,699.011536,122.887787,-2800.15137
-800,-80,1700,-799.957031,-77.1111984,1700.9989
900,120,400,900.989136,122.897141,400.146942
1297,-136,398,1296.77637,-133.098526,398.97467
-1600,-80,1700,-1600.15723,-77.0972748,1700.98743
-1600,-80,1500,-1600.04297,-77.0647278,1499.00098
2382,286,-1023,2382.93164,288.936249,-1022.63666
1053,467,-1464,1053.23926,469.952942,-1463.02905
1500,120,-2800,1499.0116,122.956528,-2800.15137
700,120,-2000,699.029053,122.962532,-1999.76074
100,120,400,100.988838,122.965759,400.148987
-200,64,86,-199.987656,66.9773178,86.9999237
-800,-80,1700,-799.853821,-77.0220184,1700.98926
-100,120,-400,-100.989868,122.999138,-400.141968
1500,120,-400,1499.01062,122.999611,-399.854675
781,268,-998,780.550842,271.012085,-998.893433
400,120,-700,399.853821,123.025574,-699.010742
-800,-80,1500,-799.959961,-76.965126,1499.00085
-1600,-80,1500,-1600.15198,-76.951828,1499.01172
628,305,-1039,628.998962,308.059387,-1039.04492
2301,300,-621,2300.58716,303.110352,-620.089233
1200,120,-700,1199.95593,123.11924,-699.000977
-800,-80,1500,-799.84668,-76.8769608,1499.01184
1429,326,522,1429.64465,329.133759,522.764465
741,283,-2629,740.520813,286.136414,-2629.87769
900,120,-2000,900.974609,123.181068,-1999.77612
262,56,-1741,261.15036,59.211235,-1740.47266
1007,235,-2595,1007.60938,238.219025,-2594.20728
400,120,-2300,399.853821,123.223389,-2299.01074
733,321,-1036,733.762817,324.259155,-1036.64648
1686,57,-2595,1686.99902,60.2594566,-2595.04297
886,57,-2595,886.999023,60.290287,-2595.04297
2353,301,-640,2353.58789,304.309143,-639.191101
1404,57,-2486,1403.95715,60.3483238,-2486.99902
1007,235,-2595,1007.58698,238.354202,-2594.19043
2000,120,-2500,2000.0365,123.372505,-2500.99927
1404,57,-1686,1404.03418,60.3807983,-1686.99939
604,57,-2486,603.955872,60.3875618,-2486.99902
1686,57,-995,1686.99902,60.4073715,-994.955872
1686,57,-1795,1686.99976,60.4177017,-1794.98242
2000,120,-1700,2000.03809,123.418747,-1700.99927
886,57,-195,886.99939,60.4249039,-194.966736
1795,57,-1513,1794.95593,60.4315796,-1512.00098
-86,57,195,-86.9990616,60.4383278,194.956696
86,57,-195,86.9999084,60.4401932,-195.013062
604,57,-886,603.955872,60.4457169,-886.999023
986,251,-997,986.829468,254.449738,-997.558533
1404,57,-886,1403.95593,60.449852,-886.999023
-195,57,-86,-194.957581,60.4506798,-86.9990997
604,57,-86,603.956909,60.4620018,-86.9990692
-604,57,86,-603.993286,60.4639206,86.9999771
1795,57,-2313,1794.95593,60.4670067,-2312.00098
713,57,195,712.000916,60.4696312,194.95723
1363,325,-1836,1363.52637,328.478241,-1836.85022
995,57,-713,994.955078,60.4860153,-712.001038
713,57,-604,712.000122,60.4942818,-604.012695
995,57,-1513,995.001953,60.4950562,-1512.00012
-1113,57,804,-1112.00098,60.5122871,803.955872
995,57,-2313,994.955872,60.5174561,-2312.00098
1700,120,-400,1700.99915,123.518112,-399.958679
900,120,400,900.999023,123.531487,400.042908
781,268,-998,780.189697,271.535217,-997.414001
1294,-136,444,1293.76453,-132.457336,443.028137
1513,57,-604,1512.00098,60.5479012,-604.042969
1513,57,-1404,1512.00024,60.5526276,-1404.02051
1513,57,-2204,1512.00012,60.572113,-2203.99609
-100,120,-400,-100.999054,123.578064,-400.043427
100,120,400,100.999901,123.578377,400.013916
713,57,-2204,712.000977,60.5860939,-2204.04297
1362,277,-2407,1362.95874,280.600159,-2406.71582
900,120,-2000,900.999084,123.630852,-1999.95728
741,283,-2629,740.518982,286.671356,-2629.87671
1200,120,-900,1200.04395,123.701775,-900.999023
-400,120,100,-400.014435,123.711212,100.999893
400,120,-100,400.043335,123.722717,-100.999054
1365,269,-2498,1365.75134,272.767212,-2497.34009
1153,-140,333,1152.48059,-136.107498,333.854523
2382,286,-1023,2382.5022,289.919403,-1022.13525
2353,301,-640,2353.61328,304.924408,-639.210144
1294,-136,444,1293.76758,-132.036865,443.027405
1566,339,-2042,1565.08862,343.07132,-2042.4115
245,168,-1754,244.955826,172.15947,-1753.00098
245,168,-1754,245.086639,172.222351,-1753.00378
-1286,64,802,-1286.99939,68.232193,802.034424
896,331,-2743,895.165405,335.249115,-2742.44922
574,293,-257,574.700195,297.260956,-257.713898
1200,120,-2500,1199.95593,124.262039,-2500.99902
400,120,-2500,399.955841,124.269035,-2500.99902
788,497,-1998,787.04364,501.292786,-1998.29211
-602,64,-86,-602.042969,68.2942657,-86.9990692
1200,120,-1700,1199.95593,124.319305,-1700.99902
1200,120,-900,1199.95508,124.330185,-900.998962
1294,-136,444,1293.00867,-131.656052,443.868652
400,120,-900,399.957245,124.345947,-900.999084
-400,120,100,-399.953979,124.347839,100.99894
400,120,-100,399.956696,124.347916,-100.999062
1700,120,-2800,1700.99902,124.35202,-2800.04297
1274,-159,455,1273.78577,-154.616653,454.023224
1274,-159,455,1273.78577,-154.616653,454.023224
900,120,-2800,900.998962,124.386856,-2800.04443
1700,120,-2000,1700.99902,124.38961,-2000.04321
1700,120,-1200,1700.9989,124.397911,-1200.0448
-1300,120,600,-1300.99915,124.434242,600.040405
900,120,-400,900.999023,124.464859,-400.04364
100,120,-400,100.998924,124.473671,-400.046356
-100,120,400,-100.999031,124.473747,400.044006
1252,-93,450,1251.67688,-88.5108109,449.05365
1251,-141,456,1250.76758,-136.486633,455.027405
400,120,100,400.045349,124.522247,100.99897
-400,120,-100,-400.043274,124.522324,-100.999062
1297,-136,398,1296.00195,-131.467407,397.937561
1279,-157,387,1278.73242,-152.341507,387.963531
774,440,-1905,774.534912,444.661133,-1905.84485
574,293,-257,574.732483,297.665466,-257.680695
1251,-141,456,1251.73352,-136.192169,455.320343
1241,-156,449,1241.73267,-151.191254,448.319427
1300,-158,421,1299.0116,-153.190659,420.848175
-933,357,779,-933.240662,361.855377,778.029419
963,184,-2578,963.772827,188.865219,-2578.63452
-1095,336,792,-1094.00098,340.95224,792.043091
2396,276,-997,2396.24316,281.026917,-997.969971
1279,-157,387,1278.87317,-151.972382,387.991913
1253,-135,384,1252.69543,-129.898361,384.952484
1253,-135,384,1252.71582,-129.836594,384.958771
1254,-93,391,1254.85974,-87.6682434,391.51059
1028,298,-1044,1027.38525,303.444275,-1044.7887
1700,120,-2800,1700.98718,125.453415,-2800.15894
1038,282,-1046,1037.3656,287.455627,-1046.77295
900,120,-2800,900.988098,125.5336,-2800.15308
1294,-136,444,1293.00195,-130.41362,443.937561
1142,-140,362,1141.51123,-134.412079,361.127594
400,120,-2500,399.841187,125.652893,-2500.9873
672,429,-1920,672.998962,434.761414,-1920.04456
1300,-158,421,1299.03979,-152.182114,420.720734
-100,120,400,-100.989853,125.818581,400.141998
100,120,-400,100.988823,125.818954,-400.148987
400,120,-900,399.854248,125.873444,-900.989319
1331,317,-2358,1331.77368,322.9198,-2357.36646
1375,267,428,1375.99316,272.92511,427.883301
1200,120,-2500,1200.03992,125.953903,-2500.99902
1200,120,-1700,1200.04285,125.968903,-1700.99902
1331,284,577,1331.63452,290.019318,576.227112
900,120,-400,900.999023,126.101967,-399.955841
-1300,120,600,-1300.9989,126.107498,599.955078
-400,120,-100,-399.956543,126.119644,-100.999054
400,120,100,399.984924,126.120308,100.999886
1700,120,-1200,1700.99915,126.140274,-1199.95898
1700,120,-2000,1700.99915,126.197525,-1999.95874
-1011,284,808,-1010.07379,290.544128,808.376953
1403,262,-1789,1402.03503,268.687561,-1788.73767
676,357,-1903,675.005737,363.783813,-1902.89307
223,164,-1741,223.971893,170.848068,-1741.23535
-972,371,787,-972.042969,378.015686,786.000977
212,83,-1728,211.891266,90.0419388,-1728.99402
600,123,-2311,599.000977,130.209488,-2311.04321
608,257,-1009,607.792969,264.390594,-1009.97833
600,123,89,599.000916,130.47052,88.957222
-600,123,-89,-599.000854,130.471878,-88.9586716
1294,-93,400,1293.00098,-85.4985733,400.043152
1290,-93,438,1289.65137,-85.4471283,437.062744
1400,123,-2311,1399.00098,130.601044,-2311.04297
889,123,-600,888.955872,130.630951,-599.000977
600,123,-711,599.000977,130.630951,-711.042969
706,240,-2595,706.920471,247.6884,-2595.39062
1400,123,-1511,1399.00098,130.756027,-1511.04297
223,164,-1741,223.997009,171.813934,-1740.92285
1400,123,-711,1399.00098,130.911026,-711.042969
1710,130,-600,1710.04248,137.981247,-599.000916
1253,-135,384,1253.91016,-127.017227,384.414246
-1288,123,800,-1287.95728,131.105438,799.000916
1688,123,-600,1687.95593,131.112244,-599.000977
889,123,-2200,888.955872,131.172058,-2199.00098
254,68,-1773,253.022934,76.3456192,-1772.78711
1688,123,-1400,1687.95593,131.373276,-1399.00098
1252,-93,450,1251.78662,-84.6172867,449.023041
-1310,130,800,-1310.04297,138.414185,799.000977
670,418,-1936,670.995056,426.438873,-1936.09912
910,130,-600,910.042664,138.533737,-599.000916
1254,-93,391,1253.77637,-84.4308777,391.97467
1710,130,-1400,1710.04004,138.629044,-1399.00085
1688,123,-2200,1687.95593,131.656082,-2199.00098
1290,-93,438,1289.01453,-84.2736053,437.8302
600,130,110,599.000916,139.089447,110.042755
-600,130,-110,-599.000916,139.089447,-110.042755
254,68,-1773,253.955826,77.1565094,-1772.00098
-1095,332,762,-1095.4668,341.249756,762.884338
1710,130,-2200,1710.03528,139.271988,-2199.00073
600,130,-690,599.000916,139.31076,-689.957275
1365,62,-8,1364.95703,71.4930038,-8.99907589
1345,62,-8,1344.95703,71.4930038,-8.99907589
1365,62,-8,1364.95703,71.4930038,-8.99907589
910,130,-2200,910.040283,139.808334,-2199.00098
1400,130,-690,1399.00073,139.940796,-689.962891
709,120,-2200,708.000977,130.367432,-2200.04297
600,130,-2290,599.000977,140.407669,-2289.95605
700,120,-2000,699.000977,130.451111,-2000.04333
1400,130,-1490,1399.00085,140.483597,-1489.95874
709,120,200,708.000916,130.711578,199.95723
1500,120,-2000,1499.00098,130.773636,-2000.04382
700,120,400,699.000916,130.794312,399.957245
211,45,-1777,210.955826,55.9982872,-1776.00098
1400,130,-2290,1399.00073,141.032852,-2289.96289
1000,120,-709,999.955078,131.056641,-708.001038
709,120,-600,708.000977,131.058533,-600.043701
1500,120,-1200,1499.00098,131.113998,-1200.04382
-1109,120,800,-1108.00098,131.12529,800.042358
1200,120,-700,1199.95593,131.140335,-699.000977
700,120,-400,699.000916,131.141266,-400.042267
-1100,120,600,-1099.00098,131.208023,600.04303
1290,-93,438,1289.52942,-81.7003555,437.117645
1200,120,-1500,1199.95593,131.441208,-1499.00098
1500,120,-400,1499.00098,131.452499,-400.04361
1174,370,-2556,1173.06384,381.566986,-2556.35156
1200,120,-2300,1199.93762,131.745865,-2299.00195
2000,120,-1500,1999.95593,131.781586,-1499.00098
1381,310,-1854,1380.02905,321.809448,-1853.76074
-1000,-77,1511,-1000.06226,-64.9161987,1510.00195
2000,120,-2300,1999.95593,132.08812,-2299.00098
1355,-23,-139,1355.97449,-10.8888254,-138.775558
-1000,-80,1691,-1000.04297,-67.795723,1691.99902
-800,-80,1700,-800.042969,-67.7744446,1700.99902
-1400,-77,1511,-1399.95593,-64.5831146,1510.00098
-1400,-80,1691,-1399.95703,-67.5646439,1691.99902
-1600,-80,1700,-1599.95605,-67.5433578,1700.99902
-163,219,-167,-162.909332,232.029739,-167.99588
1079,377,-2458,1079.91077,390.666809,-2457.58716
1774,257,-1787,1774.995,270.667053,-1787.09949
1774,257,-1787,1774.87708,270.71994,-1786.51965
1375,267,428,1375.30273,281.004181,428.953003
1326,298,-2357,1326.79175,312.539185,-2356.38916
1294,-93,400,1293.64368,-78.2614517,400.934357
1800,120,-2308,1800.98718,135.320374,-2308.15918
202,17,-1743,202.981125,32.3281937,-1742.80664
891,120,-2600,890.860596,135.347855,-2600.99023
1691,120,-2600,1690.85388,135.387131,-2600.98926
1800,120,-1508,1800.98816,135.391052,-1508.15308
1691,120,-1800,1690.84668,135.675781,-1800.98816
202,17,-1743,202.951477,32.708004,-1742.69238
1000,120,-2308,1000.99109,135.720947,-2308.13281
1000,120,-1508,1000.98816,135.738617,-1508.15308
1000,120,-709,1000.98816,135.750397,-709.153198
1691,120,-1000,1690.84863,135.807343,-1000.98846
709,120,200,709.132812,135.994873,200.991135
-1291,120,400,-1290.86523,136.040283,400.990875
200,120,91,200.990906,136.044937,90.8655243
-91,120,200,-90.8656235,136.044937,200.990921
91,120,-200,90.8579102,136.045181,-200.989853
-200,120,-91,-200.989853,136.045181,-90.8579102
891,120,-200,890.865234,136.094894,-200.990875
788,497,-1998,787.004822,513.18927,-1998.09766
1508,120,-600,1508.13086,136.221664,-599.008606
709,120,-600,709.131348,136.256516,-599.008667
-600,120,91,-599.010498,136.305115,90.855484
600,120,-91,599.009644,136.306107,-90.8614578
-1109,120,800,-1109.13806,136.334579,799.009583
600,120,-891,599.008789,136.356171,-890.867737
1508,120,-1400,1508.13098,136.421951,-1399.00867
1252,-93,450,1251.88086,-76.505867,449.007141
600,120,-2491,599.008606,136.508362,-2490.86914
-163,219,-167,-163.998978,235.62149,-166.954803
1400,120,-891,1399.00769,136.641876,-890.876221
1508,120,-2200,1508.13171,136.681152,-2199.00879
1400,120,-1691,1399.00867,136.70668,-1690.86865
709,120,-2200,709.130676,136.74202,-2199.00879
1400,120,-2491,1399.00867,136.779327,-2490.86865
1272,-93,447,1271.52563,-75.8796234,446.11969
1375,267,428,1375.64844,284.214813,428.761108
1343,301,-1834,1343.78821,318.427979,-1834.61523
-206,210,-197,-206.193329,228.350052,-196.018875
1513,64,-2600,1512.87537,83.4199448,-2600.99219
1273,-121,449,1272.73242,-101.426041,448.036469
-200,123,89,-199.936447,142.845428,89.9979782
1513,64,-2600,1513.04199,84.5011749,-2600.99902
1807,200,-1812,1806.04456,221.361725,-1812.29492
-200,64,86,-200.999039,85.9002075,85.9561691
-200,64,86,-200.999039,86.2958832,85.9561691
1688,123,-2200,1688.99805,145.534912,-2200.06177
889,123,-2200,889.998108,145.648987,-2200.06128
1688,123,-1400,1688.99805,145.872803,-1400.06201
1400,123,-711,1400.0437,146.158722,-710.000977
-1288,123,800,-1288.99902,146.167389,800.042725
1688,123,-600,1688.99805,146.210709,-600.062012
1400,123,-1511,1400.04102,146.23381,-1510.00085
889,123,-600,889.998047,146.308899,-600.061462
1400,123,-2311,1400.04321,146.329117,-2310.00098
1511,123,-2600,1510.00098,146.380142,-2599.95605
600,123,89,600.063477,146.400055,89.9979782
-600,123,-89,-600.061523,146.400406,-89.9981003
600,123,-711,600.043884,146.489395,-710.000977
889,123,200,889.997986,146.641022,199.936584
600,123,-2311,600.041199,146.664124,-2310.00098
89,123,200,89.9979706,146.730728,199.936325
200,123,-89,199.9384,146.731079,-89.9981003
-89,123,-200,-89.9981003,146.731079,-199.9384
1000,123,-2488,999.937561,146.808517,-2488.99805
711,123,-200,710.000977,146.821518,-199.955826
1000,123,-1688,999.937561,146.88649,-1688.99805
-1111,123,400,-1110.00195,146.950027,399.937561
1000,123,-889,999.937561,146.971695,-889.998047
1800,123,-2488,1799.95593,147.131973,-2488.99902
1800,123,-1688,1799.93762,147.221497,-1688.99805
1511,123,-1000,1510.00098,147.247498,-999.956055
1511,123,-1800,1510.00098,147.585388,-1799.95605
1272,-93,447,1271.88098,-68.2087555,446.007111
711,123,-2600,710.000977,147.812103,-2599.95605
1400,120,-2491,1400.04187,144.853119,-2491.99902
1200,120,-2500,1200.04248,144.935867,-2500.99902
-200,58,106,-200.998993,83.0437012,105.955139
1400,120,-1691,1400.04321,145.159653,-1691.99902
600,120,-2491,600.038086,145.180328,-2491.99927
1200,120,-1700,1200.0437,145.244278,-1700.99902
400,120,-2500,400.03952,145.263077,-2500.99902
-1291,120,400,-1291.99902,145.389069,399.955841
891,120,-200,891.999084,145.452072,-199.95723
1400,120,-891,1400.04382,145.453949,-891.999023
-1300,120,600,-1300.9989,145.46994,599.955078
1691,120,-1000,1691.99902,145.488739,-999.956055
900,120,-400,900.998962,145.534821,-399.955658
1200,120,-900,1200.04309,145.536697,-900.999023
1700,120,-1200,1700.99902,145.573364,-1199.95593
200,120,91,199.953629,145.761063,91.9989243
91,120,-200,91.9989243,145.761063,-199.953629
-91,120,200,-91.9989777,145.761063,199.954803
-200,120,-91,-199.954651,145.761063,-91.99897
600,120,-891,600.04364,145.799026,-891.999023
1691,120,-1800,1691.99902,145.82724,-1799.95605
400,120,100,399.953308,145.843811,100.998909
100,120,-400,100.998909,145.843811,-399.953308
-100,120,400,-100.998978,145.843811,399.954803
-400,120,-100,-399.954651,145.843811,-100.99897
400,120,-900,400.042328,145.881775,-900.999084
1700,120,-2000,1700.99902,145.911865,-1999.95593
1508,120,-2200,1507.00098,146.047256,-2200.04321
600,120,-91,600.043091,146.107193,-91.9990692
-600,120,91,-600.044922,146.107193,91.9989853
1691,120,-2600,1691.99902,146.167618,-2599.95605
400,120,-100,400.043365,146.189941,-100.999054
-400,120,100,-400.045288,146.189941,100.99897
1700,120,-2800,1700.99902,146.252228,-2799.95605
1508,120,-1400,1507.00098,146.387634,-1400.04321
891,120,-2600,891.998962,146.486359,-2599.95508
900,120,-2800,900.999084,146.570038,-2799.95728
1000,120,-1508,999.955872,146.714844,-1507.00098
1508,120,-600,1507.00098,146.72612,-600.042969
1000,120,-2308,999.937561,147.019485,-2307.00195
1800,120,-1508,1799.95593,147.055222,-1507.00098
1800,120,-2308,1799.95593,147.36174,-2307.00098
1490,130,-2600,1490.04077,157.625076,-2600.99902
1490,130,-1800,1490.04102,157.895538,-1800.99915
690,130,-2600,690.040588,158.016525,-2600.99902
1490,130,-1000,1490.04333,158.105499,-1000.99902
600,130,-2290,599.000977,158.247833,-2290.04395
1400,130,-2290,1399.00098,158.571671,-2290.04297
711,123,-2600,711.043579,151.788696,-2600.99902
690,130,-200,690.043823,158.799423,-200.999039
1710,130,-600,1709.95508,158.881271,-599.001038
1511,123,-1800,1511.04028,151.90834,-1800.99915
1400,130,-1490,1399.00098,158.956009,-1490.04297
600,130,-690,599.000977,159.050308,-690.043579
1511,123,-1000,1511.04236,152.172104,-1000.99908
110,130,200,109.95652,159.204666,200.999054
-110,130,-200,-109.954575,159.205109,-200.998962
200,130,-110,200.999023,159.209991,-109.955818
1000,123,-889,1000.99902,152.333893,-888.955872
1400,130,-690,1399.00098,159.343887,-690.042969
1000,130,-910,1000.99896,159.368805,-909.955078
-89,123,-200,-88.9565201,152.444366,-200.999054
89,123,200,88.9583054,152.445374,200.99913
200,123,-89,200.999084,152.446396,-88.957222
1800,130,-1710,1800.99902,159.450653,-1709.95593
-1111,123,400,-1111.04199,152.459656,400.999115
600,130,110,599.000916,159.473785,109.957222
1800,123,-1688,1800.99915,152.522873,-1687.95996
889,123,200,888.957947,152.602417,200.999115
910,130,200,909.956055,159.610336,200.999023
711,123,-200,711.04303,152.610565,-200.999069
1800,123,-2488,1800.99927,152.677872,-2487.96191
1000,123,-1688,1000.99915,152.821976,-1687.95874
1800,130,-2510,1800.99902,159.842102,-2509.95605
910,130,-600,909.955078,159.895477,-599.001038
1000,123,-2488,1000.99915,152.976974,-2487.95874
-1310,130,800,-1309.95508,160.169495,799.001038
1000,130,-2510,1000.99896,160.208633,-2509.95605
910,130,-2200,909.937561,160.37944,-2199.00195
1710,130,-1400,1709.95593,160.507553,-1399.00098
1710,130,-2200,1709.93762,160.763779,-2199.00195
-600,130,-110,-599.002869,160.890564,-109.924316
1234,-93,422,1234.90881,-61.15485,422.416962
1800,130,-2510,1800.9989,161.991821,-2510.04492
1800,130,-1710,1800.99902,162.541077,-1710.04297
1711,128,-2600,1711.03149,160.572693,-2600.99927
1000,130,-2510,1000.99896,162.605698,-2510.04492
911,128,-2600,911.03418,160.883026,-2600.99927
1000,130,-1710,1000.99902,163.15979,-1710.04297
1711,128,-1800,1711.03674,161.167496,-1800.99927
690,130,-2600,689.955872,163.213104,-2600.99902
1000,130,-910,1000.99902,163.713898,-910.042969
1000,130,-1710,1000.99133,163.738068,-1709.86865
1490,130,-2600,1489.95593,163.76236,-2600.99902
1711,128,-1000,1711.03955,161.798935,-1000.99921
2374,210,-1008,2374.46484,244.252899,-1008.88531
910,130,200,910.041016,164.351593,200.999146
1490,130,-1800,1489.95593,164.392395,-1800.99902
-600,128,111,-599.001892,162.400024,110.938515
-1311,128,400,-1311.04199,162.45517,400.999115
1800,128,-1488,1800.99915,162.594177,-1487.95898
600,128,-2511,599.000977,162.73642,-2511.04297
911,128,-200,911.042969,162.789749,-200.999069
1000,128,-689,1000.99908,162.867874,-688.957275
-110,130,-200,-110.043526,164.90126,-200.999039
110,130,200,110.042427,164.902069,200.999084
200,130,-110,200.99913,164.903275,-110.041527
1800,128,-2288,1800.99902,162.947617,-2287.95605
1490,130,-1000,1489.95593,165.046646,-1000.99902
690,130,-200,689.956909,165.119751,-200.999069
-200,128,-111,-200.999039,163.139954,-111.043526
200,128,111,200.999069,163.141037,111.043106
111,128,-200,111.042427,163.141037,-200.999084
-111,128,200,-111.041527,163.142105,200.99913
1000,128,-1488,1000.99902,163.223465,-1487.95605
-1090,130,400,-1089.95801,165.245346,400.999115
1400,128,-2511,1399.00098,163.331223,-2511.04297
600,128,-911,599.000977,163.421738,-911.042969
689,128,200,688.957947,163.493393,200.999115
1000,128,-2288,1000.99915,163.583374,-2287.95874
1400,128,-1711,1399.00098,163.693283,-1711.04297
600,128,-111,599.000916,163.775177,-111.042526
-600,128,111,-599.000793,163.77948,111.039734
-86,64,-197,-85.956871,99.8510513,-197.999069
1400,128,-911,1399.00098,164.051025,-911.042969
689,128,-600,688.955872,164.124298,-599.000977
-1089,128,800,-1088.96021,164.475586,799.000793
1488,128,-600,1487.95593,164.477737,-599.000977
1488,128,-1400,1487.95593,165.124268,-1399.00098
997,64,-1686,997.999084,101.142265,-1685.95728
689,128,-2200,688.955872,165.400131,-2199.00098
1800,128,-2288,1800.9989,165.622635,-2288.04492
1000,128,-2288,1000.99896,165.713318,-2288.04468
1488,128,-2200,1487.95593,165.753555,-2199.00098
1800,128,-1488,1800.99902,166.080856,-1488.04297
1488,128,-600,1488.04346,166.374405,-599.000977
1488,128,-1400,1488.04272,166.419739,-1399.00098
1488,128,-2200,1488.03772,166.505661,-2199.00073
-1089,128,800,-1089.04321,166.582031,799.000977
1000,128,-689,1000.9989,166.615433,-689.044556
689,128,200,689.041992,166.719254,200.999115
689,128,-600,689.043701,166.806366,-599.000977
689,128,-2200,689.037903,166.963882,-2199.00073
111,128,-200,110.954475,167.15062,-200.998962
200,128,111,200.999054,167.15123,110.95652
-111,128,200,-110.95652,167.15123,200.999054
-200,128,-111,-200.999054,167.15123,-110.95652
600,128,-111,599.000916,167.238327,-110.957222
911,128,-2600,910.955872,167.47937,-2600.99902
911,128,-200,910.956177,167.583191,-200.999039
1711,128,-2600,1710.95508,167.584381,-2600.99878
600,128,-911,599.000916,167.667908,-910.957275
-1311,128,400,-1310.95605,167.776505,400.999023
1400,128,-911,1399.00085,167.780075,-910.958679
1711,128,-1800,1710.95593,167.894638,-1800.99902
1711,128,-1000,1710.95593,167.982941,-1000.99902
1400,128,-1711,1399.00098,168.233536,-1710.95593
602,64,-2313,601.000977,104.462379,-2313.0437
1402,64,-2313,1401.00098,104.468941,-2313.04297
600,128,-2511,599.000977,168.472183,-2510.95605
1400,128,-2511,1399.00085,168.686981,-2510.95874
1513,64,-1797,1513.04041,104.96447,-1797.99915
1513,64,-1797,1513.03967,105.011002,-1797.99915
1513,64,-997,1513.03003,105.067825,-997.999512
1402,64,-1513,1401.00098,105.146515,-1513.04297
602,64,-2313,601.000977,105.261002,-2313.04297
713,64,-2597,713.016296,105.352417,-2597.99976
1513,64,-997,1513.04382,105.385864,-997.999023
-1113,64,397,-1113.04199,105.414268,397.999115
713,64,-2597,713.006836,105.657974,-2597.99976
1402,64,-2313,1401.00098,105.744827,-2313.04395
713,64,-197,713.041992,105.754692,-197.999115
602,64,-713,601.000977,105.793488,-713.042969
1402,64,-713,1401.00098,105.819717,-713.042969
-1113,64,397,-1113.04199,106.04805,397.999115
197,64,-86,197.999069,106.419701,-85.956871
602,64,86,601.000916,106.457947,85.957222
1402,64,-1513,1401.00098,106.502884,-1513.04297
713,64,-197,713.042969,106.505669,-197.999069
86,64,197,85.9583054,106.732803,197.99913
-602,64,-86,-601.000488,106.785812,-85.9687576
602,64,-713,601.000977,106.895294,-713.042969
997,64,-886,997.999329,107.056839,-885.963379
886,64,197,885.957947,107.088531,197.999115
886,64,-602,885.955872,107.122414,-601.000977
886,64,-2202,885.955872,107.196724,-2201.00098
1402,64,-713,1401.00098,107.260941,-713.042969
197,64,-86,197.999084,107.568069,-85.957222
-86,64,-197,-85.957222,107.568626,-197.999084
86,64,197,85.9583054,107.570297,197.99913
1797,64,-1686,1797.99988,107.72567,-1685.98535
1686,64,-602,1685.95593,107.789055,-601.000977
-1286,64,802,-1285.96887,107.793427,801.000488
1686,64,-1402,1685.95593,107.834953,-1401.00098
1686,64,-2202,1685.95593,107.87867,-2201.00098
997,64,-886,997.999268,107.920898,-885.961792
602,64,86,601.000916,107.954346,85.957222
-602,64,-86,-601.000854,107.956573,-85.9586716
886,64,197,885.957947,108.310524,197.999115
1797,64,-1686,1797.99927,108.322227,-1685.96179
1797,64,-2486,1797.99927,108.381386,-2485.96191
997,64,-2486,997.999573,108.392319,-2485.97095
997,64,-1686,997.999146,108.656662,-1685.95874
886,64,-602,885.955078,108.685654,-601.001038
1797,64,-2486,1797.99939,109.080284,-2485.96509
1000,128,-1488,1000.99506,173.093201,-1488.09924
-1286,64,802,-1285.95728,109.15609,801.000916
997,64,-2486,997.999268,109.390198,-2485.96191
1686,64,-602,1685.95593,109.421417,-601.000977
886,64,-2202,885.955872,109.481613,-2201.00098
1686,64,-1402,1685.95593,109.856186,-1401.00098
1686,64,-2202,1685.95593,110.23967,-2201.00098
1294,-93,400,1293.58997,-45.824379,400.912048
-1011,284,808,-1010.79297,333.439362,807.021667
2151,210,-1129,2151.4668,260.709991,-1129.88428
1274,-93,391,1273.95605,-41.21138,391.999023
1274,-93,391,1273.5813,-41.1205597,391.908081
507,8,-1812,506.13855,74.6568604,-1812.50781
906,51,-197,905.956543,119.282684,-197.999054
1355,-23,-139,1355.36523,45.7633095,-139.930908
1234,-93,422,1234.74622,-22.2015705,422.665619
693,58,-2597,693.039246,132.755859,-2597.99902
1493,58,-2597,1493.04102,132.916443,-2597.99902
1493,58,-1797,1493.0426,133.423904,-1797.99902
-1090,130,400,-1090.26648,205.562012,400.963837
1493,58,-997,1493.04102,134.673721,-997.999146
693,58,-197,693.042969,135.833725,-197.999069
602,58,-2293,601.000977,136.259445,-2293.0437
602,58,-693,601.000977,136.748962,-693.043396
1402,58,-2293,1401.00098,136.772446,-2293.04297
1402,58,-1493,1401.00098,137.056366,-1493.04297
1797,58,-1706,1797.99902,137.106461,-1705.95593
1241,-93,405,1241.74622,-13.8841915,405.66568
1402,58,-693,1401.00098,137.340271,-693.044128
1797,58,-2506,1797.99902,137.382034,-2505.95605
997,58,-906,997.998962,137.970688,-905.955078
997,58,-2506,997.998962,138.468582,-2505.95508
197,58,-106,197.999039,138.643265,-105.956169
-106,58,-197,-105.956169,138.643265,-197.999039
106,58,197,105.95652,138.643265,197.999054
906,58,197,905.957947,138.889069,197.999115
602,58,106,601.000916,139.560593,105.957222
906,58,-602,905.955078,139.803268,-601.001038
1706,58,-602,1705.95508,140.054306,-601.001038
-1306,58,802,-1305.95593,140.154724,801.000977
1706,58,-1402,1705.95593,140.738922,-1401.00098
906,58,-2202,905.955872,141.356857,-2201.00098
1797,51,-2293,1797.9989,134.400452,-2293.04468
1706,58,-2202,1705.95593,141.640778,-2201.00098
997,51,-2293,997.998901,136.22377,-2293.04468
1797,51,-1493,1797.99902,136.55423,-1493.04309
997,51,-693,997.999023,140.434464,-693.042969
906,51,-2597,905.955872,141.283432,-2597.99902
1493,51,-602,1493.04211,141.739258,-601.000916
693,51,197,693.041992,142.145233,197.999115
-1093,51,802,-1093.0437,143.209305,801.000977
1493,51,-1402,1493.04309,143.346054,-1401.00098
1706,51,-2597,1705.95593,143.471405,-2597.99902
1254,-93,391,1253.95654,-0.409848839,391.999054
693,51,-602,693.041992,143.841766,-601.000916
106,51,-197,105.955818,144.244888,-197.999023
-197,51,-106,-197.999023,144.244888,-105.955818
-106,51,197,-105.956871,144.246307,197.999069
197,51,106,197.999115,144.247742,105.957939
1493,51,-2202,1493.04114,145.044006,-2201.00098
1706,51,-1797,1705.95593,145.169357,-1797.99902
602,51,-106,601.000916,145.938568,-105.957222
1706,51,-997,1705.95508,146.747665,-997.998962
-1306,51,397,-1305.95728,146.975571,397.999084
693,51,-2202,693.039795,147.186386,-2201.00098
602,51,-906,601.000977,148.046768,-905.955872
-1168,47,2116,-1167.00098,144.845749,2115.95605
1402,51,-906,1401.00085,149.807388,-905.958679
1234,-127,422,1234.88098,-26.4041786,421.526855
-1168,49,2084,-1167.50977,149.679642,2084.87158
1402,51,-1706,1401.00098,151.961182,-1705.95593
602,51,-2506,601.000977,152.25177,-2505.95605
-1112,49,2116,-1112.5072,151.167313,2115.13818
1402,51,-2506,1401.00098,154.103561,-2505.95605
-1112,46,2084,-1112.50708,149.22728,2084.86182
-1140,46,2068,-1140.50708,149.22728,2068.86182
-1168,49,2084,-1167.00098,153.342682,2083.95605
-1112,49,2116,-1112.99988,153.766937,2116.0022
936,24,-1707,935.47168,129.314026,-1707.849
-1140,46,2068,-1139.51172,156.4935,2068.87256
-1112,49,2116,-1112.99902,160.93544,2115.95605
-1112,49,2116,-1112.5072,167.166824,2115.13818
-1140,49,2132,-1140.5022,167.644012,2131.13525
-1140,46,2068,-1140.50708,165.475922,2068.86182
-1264,49,1441,-1264.50696,170.387329,1440.13806
-955,20,25,-954.683594,147.756577,25.9486141
-1038,49,1453,-1038.50232,194.955582,1452.13538
1254,-93,391,1254.74536,59.9212494,391.666656
-1168,47,2116,-1167.51172,204.425812,2115.12744
379,4,-1534,378.335815,163.13649,-1534.74756
443,4,-1661,442.000946,168.821777,-1660.95654
936,24,-1707,935.465576,192.689774,-1707.84521
-1140,49,2132,-1139.50977,218.154739,2131.12842
-1400,0,1000,-1400.04297,174.104584,999.000977
307,8,-1401,306.00708,182.512955,-1401.11877
1206,-152,161,1206.73157,30.2382069,161.681702
1403,262,-1789,1402.86719,444.805481,-1789.99109
1511,123,-2600,1510.8678,331.969147,-2600.99121
-163,219,-167,-163.993835,438.72287,-167.110718
-1122,-9,1717,-1121.49634,211.321671,1717.86389
-1067,49,1436,-1066.00098,277.645386,1435.95593
-1080,-9,1741,-1080.50195,222.0401,1740.13513
-1067,49,1436,-1066.00098,281.324738,1435.95593
717,16,-1633,717.293396,251.507477,-1633.95593
-1080,-9,1741,-1080.99902,227.961792,1740.95593
1290,-93,438,1289.05371,143.995605,437.676697
-1080,-12,1717,-1080.50195,227.713974,1717.86487
-1080,-12,1717,-1080.99902,235.465683,1716.95593
-1122,-9,1717,-1121.49634,238.711472,1717.86389
-1101,-9,1705,-1100.5033,238.914581,1705.86792
-1121,-10,1221,-1121.48828,237.973328,1220.12732
-1161,-10,1221,-1160.49634,248.685745,1220.13611
-1101,-12,1753,-1101.5022,249.356735,1752.13525
2299,24,-792,2298.00098,292.181549,-792.042969
2299,24,-792,2298.00098,293.303558,-792.042969
2299,24,-913,2298.00098,293.303558,-913.042969
-1101,-9,1705,-1101.50256,266.835602,1705.8645
-1067,49,1436,-1066.49719,334.827881,1436.86438
-1293,45,1391,-1293.51172,335.167328,1391.85901
-1264,49,1408,-1264.50684,343.121613,1408.86194
-938,20,75,-938.707092,314.694092,74.2928848
-1038,49,1453,-1038.99902,343.989502,1452.95593
-1038,46,1436,-1038.50195,341.856232,1436.86487
-1038,46,1436,-1038.50195,342.008606,1436.86487
-1293,45,1391,-1292.51062,342.699829,1391.87207
-1264,49,1441,-1264.99902,348.25351,1440.95593
-1264,49,1408,-1264.99902,348.25351,1407.95593
-1264,49,1441,-1264.99902,348.25351,1440.95593
-1038,46,1436,-1038.99902,349.817902,1435.95593
-1067,49,1436,-1066.5033,354.96994,1436.86792
1803,246,-1775,1802.57495,560.429504,-1775.90515
-1264,49,1441,-1264.50195,366.70578,1440.13513
-1053,49,1461,-1053.50195,374.603943,1460.13513
-1053,49,1461,-1053.50195,375.142395,1460.13513
760,16,-1620,760.292358,348.656036,-1620.9563
1296,-93,419,1295.05237,253.977859,418.680664
-1101,-12,1753,-1100.50293,346.842133,1752.13232
-1053,49,1461,-1052.50977,416.406342,1460.12842
-1122,-11,1741,-1121.49622,380.329468,1740.13623
-1321,45,1441,-1320.49634,447.836792,1440.13611
-1321,45,1441,-1320.49634,448.09848,1440.13611
-1122,-9,1717,-1121.00098,412.545563,1716.95593
-1122,-9,1717,-1121.00098,412.799896,1716.95593
-1161,-10,1221,-1160.51062,421.441681,1220.12793
-1293,45,1457,-1292.50293,492.097137,1456.13232
-1318,50,1876,-1318.50684,501.357849,1876.86182
-1053,49,1461,-1052.51172,516.753479,1460.12732
-1333,50,1868,-1332.49719,520.073669,1868.86438
-1318,47,1892,-1318.99902,517.536438,1891.95593
-1053,46,1428,-1053.51172,520.441284,1428.85901
-1333,50,1868,-1333.50684,530.610657,1868.86194
-1333,47,1901,-1333.50232,529.685303,1900.13538
-1318,47,1892,-1318.50195,533.565796,1891.13513
-1318,50,1876,-1318.99902,539.013855,1875.95593
-1333,50,1868,-1332.49634,541.953613,1868.86389
-1321,45,1441,-1320.00098,566.861206,1440.95593
-1321,49,1408,-1320.51062,571.869324,1408.87207
-1141,-10,1231,-1141.4812,516.625,1230.12341
-1321,49,1408,-1320.00098,576.586182,1407.95593
694,22,-1704,694.949463,558.179688,-1703.68616
-1121,-10,1221,-1121.5022,548.517761,1220.13525
-1347,50,1892,-1346.00098,642.905762,1891.95593
-1347,50,1892,-1346.00098,652.338318,1891.95593
-1318,47,1892,-1318.50195,673.680908,1891.13513
-1333,50,1868,-1333.51172,780.991089,1868.85901
-1141,-10,1231,-1140.50293,845.574219,1230.13232
-600,210,138,-599.01062,1091.18616,137.85466
-1347,50,1892,-1346.50977,965.582458,1891.12842
-1347,50,1892,-1346.50977,971.433044,1891.12842
1303,-152,173,1302.29297,1436.71802,173.707169
1303,-152,173,1302.2959,2869.91235,173.710068
1331,-152,194,1330.31152,3565.39111,194.72525
