2513,-40,1383,2512.38477,-39.9681473,1383.78833
4193,-46,7806,4192.41309,-45.9571457,7806.80957
1415,-120,8451,1415.44971,-119.956398,8451.89258
4485,-110,7537,4485.98438,-109.930244,7537.17578
5165,30,8511,5165.04395,30.073534,8510.00098
-7168,-312,5521,-7168.71631,-311.923584,5520.30225
1227,-9,6892,1226.02905,-8.89267921,6891.76074
-7987,-122,8843,-7987.87256,-121.890274,8843.48828
4953,-27,3152,4953.95117,-26.8804321,3151.69141
-3012,-297,-587,-3012.7002,-296.852448,-587.713745
895,-105,7744,894.587891,-104.822899,7743.08887
-3012,-297,-587,-3012.95117,-296.817444,-587.308289
5364,-60,3606,5364.50293,-59.8168449,3605.13574
4018,-60,2067,4017.29785,-59.794239,2067.71191
4177,-60,1813,4177.23975,-59.7768745,1812.02917
4458,-115,7581,4458.63379,-114.776657,7581.77344
4787,-60,5292,4786.00293,-59.7619781,5292.07422
4692,-39,3380,4691.33203,-38.7515907,3380.74414
-7048,-412,9087,-7048.34961,-411.747253,9087.93652
-1838,186,5921,-1838.53418,186.282211,5921.84521
3679,-60,1699,3679.20142,-59.7063255,1698.02051
4953,-27,3152,4953.67773,-26.7033195,3151.26489
3652,68,1508,3652.73364,68.3029556,1508.67944
2222,-182,8063,2221.854,-181.691559,8063.98926
-7048,-412,9087,-7048.34961,-411.686646,9087.93652
5156,-81,4081,5156.53467,-80.6753159,4081.84473
5243,-60,4067,5243.55078,-59.6725388,4067.83447
4018,-60,2067,4017.70776,-59.6472931,2067.9563
3738,257,5274,3737.00977,257.353027,5273.86084
5198,-60,3781,5197.32959,-59.6375237,3781.74194
3679,-60,1699,3679.20581,-59.6349945,1698.02148
-6015,-577,15884,-6015.7168,-576.634277,15884.6973
4802,-24,3998,4801.42578,-23.6291046,3997.1814
3018,-20,1412,3018.37231,-19.6283779,1411.0719
2897,-60,1651,2896.38086,-59.6028137,1651.78528
-1979,254,5951,-1979.53784,254.406738,5951.84277
4446,-60,2023,4446.69629,-59.590744,2022.28235
1378,0,493,1377.3501,0.409267545,493.76001
4158,125,7828,4158.64502,125.417549,7828.76416
2222,-182,8063,2221.84131,-181.581635,8063.9873
5071,-60,4213,5071.99219,-59.5808792,4213.12256
-1821,272,6110,-1821.63342,272.430756,6110.77344
5020,-60,4713,5020.88379,-59.5649948,4712.53223
4446,-60,2023,4446.69727,-59.5606155,2022.2832
1185,-110,8597,1185.49585,-109.557281,8597.86816
5972,-60,4059,5972.18066,-59.5541153,4059.9834
5198,-60,3781,5197.34619,-59.5465508,3781.75659
4914,-60,3188,4914.95117,-59.5405426,3187.69141
4294,-112,1987,4294.69727,-111.53083,1986.2832
4294,-112,1987,4294.69727,-111.524529,1986.2832
3676,155,450,3676.7002,155.488358,449.286072
-5271,-414,10736,-5270.18359,-413.504608,10735.4229
3618,274,4467,3617.10913,274.497498,4467.4541
3393,348,5329,3392.00098,348.502319,5329.04346
2076,0,1127,2075.4082,0.502833426,1127.80603
-1821,272,6110,-1821.52698,272.513367,6110.84961
4718,-60,3359,4717.06348,-59.4767456,3359.35059
4446,-60,2023,4446.77295,-59.4679146,2022.3656
3018,-20,1412,3018.37231,-19.465889,1411.0719
1604,0,266,1604.74646,0.534600854,265.334595
2525,-60,1361,2524.38013,-59.459095,1361.78467
4752,-60,2659,4752.95117,-59.4583778,2658.69141
3679,-60,1699,3679.26855,-59.4531021,1698.03674
1185,-110,8597,1185.46582,-109.45166,8597.88477
1937,0,647,1937.75134,0.549131453,646.340088
3422,325,5082,3421.00195,325.555145,5082.05957
1185,-110,8597,1185.33679,-109.444786,8597.94141
3437,-28,1594,3437.2627,-27.4369946,1593.03516
1768,0,827,1767.33984,0.574198365,827.751099
4914,-60,3188,4914.64502,-59.4243965,3187.23584
2554,-105,1309,2553.41895,-104.413895,1309.81384
3109,-60,1733,3108.57471,-59.4076996,1733.90503
4387,-60,2433,4386.0498,-59.4045372,2433.31152
4468,-24,2845,4467.05859,-23.4040432,2845.33691
3282,139,6091,3281.42188,139.599426,6090.18408
4532,62,7568,4531.86816,62.6026611,7568.99121
4495,219,7620,4495.48926,219.611008,7619.12793
2897,-60,1651,2896.63574,-59.387291,1651.93127
2554,-105,1309,2553.53125,-104.381821,1309.8833
4210,-119,7849,4209.03027,-118.373116,7849.24414
3422,325,5082,3421.00098,325.62854,5082.04297
4387,-60,2433,4386.28418,-59.3647003,2433.69824
1235,-114,7336,1234.14087,-113.356941,7335.48828
5198,-60,3781,5197.00098,-59.3561134,3781.0332
4177,-60,1813,4177.61377,-59.3537521,1812.21057
-5381,-309,983,-5380.91113,-308.352966,983.996033
6481,-60,3965,6481.16943,-59.3506889,3965.98535
3517,278,5326,3516.09448,278.652832,5325.57617
4718,-60,3359,4717.33105,-59.3470268,3359.74316
5400,-20,3568,5400.67871,-19.3412075,3567.26562
-1638,0,482,-1638.79211,0.66110152,482.610352
5400,-20,3568,5400.48926,-19.3329029,3567.12793
4468,-24,2845,4467.05078,-23.3277111,2845.31445
-8569,-217,7556,-8569.86816,-216.324585,7556.49609
1023,-78,7581,1022.38953,-77.3237991,7580.20801
4512,-60,2816,4511.07031,-59.3197403,2816.36816
4914,-60,3188,4914.92578,-59.3168106,3187.62207
3109,-60,1733,3108.63574,-59.3166122,1733.93127
4512,-60,2816,4511.06348,-59.3124962,2816.35059
5972,-60,4059,5971.74463,-59.3121338,4059.9668
4741,-60,4711,4740.00098,-59.3090248,4711.04395
3618,27,1536,3618.62793,27.7026978,1536.77808
4512,-60,2816,4511.05078,-59.2952003,2816.31445
3393,348,5329,3392.08984,348.705872,5328.58594
2097,-60,1091,2096.46387,-59.2875938,1091.84412
-5381,-309,983,-5380.82324,-308.281525,983.984253
4741,-60,4711,4740.01074,-59.2803993,4711.14502
4745,-45,5290,4744.00098,-44.2661247,5290.03564
1203,-29,7113,1202.11157,-28.2655468,7112.54102
3046,249,409,3046.68555,249.741211,408.271973
4468,-24,2845,4467.05957,-23.2523079,2845.33984
4834,-60,4035,4833.00684,-59.2520485,4034.8833
1227,-9,6892,1226.04871,-8.25092888,6891.69189
-4949,-309,517,-4949.15723,-308.245239,516.012451
-4893,-7,6122,-4892.53125,-6.2417345,6121.1167
2000,187,9091,2000.41992,187.762558,9091.90723
4685,-60,2310,4685.76709,-59.2371292,2309.35864
2097,-60,1091,2096.44824,-59.2352562,1091.83398
5579,-60,3732,5579.49561,-59.2331085,3731.13159
5972,-60,4059,5972.18652,-59.2310982,4059.98242
4752,-60,2659,4752.99902,-59.2299118,2658.95605
2966,532,-468,2966.99805,532.770691,-467.937561
4177,-60,1813,4177.61377,-59.2187233,1812.21057
2997,-60,1453,2997.57324,-59.2163734,1452.18066
5966,-20,3833,5966.33447,-19.214222,3832.05762
5415,-60,3920,5414.7373,-59.2075272,3920.96484
-5069,-414,11033,-5068.17822,-413.206726,11032.4307
1151,-60,7316,1150.11597,-59.2001686,7315.53271
-2608,-292,-420,-2607.69556,-291.199585,-419.047485
5966,-20,3833,5966.37305,-19.1868725,3832.07227
4685,-60,2310,4685.97852,-59.1845512,2309.79395
-2794,-297,-366,-2793.71484,-296.183838,-365.041534
5364,-60,3606,5364.52686,-59.1827049,3605.15015
3018,-20,1412,3018.55688,-19.1792488,1411.16943
1023,-78,7581,1022.29578,-77.1778183,7580.29004
3900,-50,1733,3900.24365,-49.1753426,1732.03015
4914,-60,3188,4914.67773,-59.175312,3187.26489
5364,-60,3606,5364.68018,-59.1743851,3605.26709
3898,-60,1743,3898.24121,-59.1724625,1742.02954
5415,-60,3920,5415.21436,-59.171978,3920.97656
3738,257,5274,3737.00098,257.83252,5273.95605
-5271,-414,10736,-5270.05957,-413.165497,10735.6602
3687,-39,1677,3687.19604,-38.1642189,1676.01941
4387,-60,2433,4386.05078,-59.1619453,2433.31445
5579,-60,3732,5579.52246,-59.1548309,3731.14746
5579,-60,3732,5579.2832,-59.1535721,3731.04102
-5607,-35,5792,-5606.41504,-34.1510811,5791.18896
-7370,-432,7175,-7370.99707,-431.150696,7175.07178
3338,242,5841,3337.30273,242.854355,5840.2832
3593,-60,1924,3592.62769,-59.1455879,1924.9281
1076,-125,7632,1075.33801,-124.135994,7631.25049
3898,-60,1743,3898.29224,-59.1356506,1742.0437
5198,-60,3781,5197.4082,-59.1330414,3780.19409
3437,-28,1594,3437.2627,-27.1281834,1593.03516
5400,-20,3568,5400.49609,-19.1247768,3567.13184
4752,-60,2659,4752.98145,-59.1236649,2658.80835
1151,-60,7316,1150.1438,-59.123024,7315.4834
5966,-20,3833,5965.77197,-19.1080933,3832.02637
2997,-60,1453,2997.55469,-59.1046104,1452.16797
3461,181,5846,3460.42676,181.899261,5845.18066
2619,-60,1195,2619.55664,-59.0994415,1194.16931
1151,-60,7316,1150.13123,-59.0835266,7315.50488
3321,-60,1815,3320.62109,-59.0782204,1815.92542
4215,-60,2262,4214.2832,-59.0646858,2262.69727
3593,-60,1924,3592.79395,-59.0479126,1924.97852
3593,-60,1924,3592.60278,-59.0433273,1924.91772
-2608,-292,-420,-2607.76367,-291.03064,-419.028351
-2765,-342,-435,-2764.73633,-341.026733,-434.0354
3817,-60,1970,3816.79443,-59.0201035,1970.97864
3422,-60,1626,3422.2627,-59.0187874,1625.03516
-2955,-292,-767,-2955.97437,-291.014618,-767.224487
3898,-60,1743,3898.19531,-59.0132141,1742.01929
4834,-60,4035,4833.4082,-59.0025024,4034.19409
3422,-60,1626,3422.25781,-58.9998474,1625.03381
4018,-60,2067,4017.29785,-58.9882164,2067.71191
180,0,660,179.95723,1.02098835,659.000916
-180,0,660,-180.042267,1.02098835,659.000916
-180,0,660,-180.042267,1.02098835,659.000916
5073,-33,4707,5073.7124,-31.9741344,4706.29834
3321,536,312,3321.66797,537.026367,311.255829
4741,-60,4711,4740.00781,-58.9705582,4710.87549
3687,-39,1677,3687.19531,-37.9627075,1676.01929
926,-124,7769,925.317627,-122.962334,7768.26904
-3675,477,5565,-3674.41992,478.046967,5565.81445
6481,-60,3965,6481.9707,-58.9276505,3965.24023
5053,-102,3953,5052.44141,-100.92379,3952.17065
3321,536,312,3321.66089,537.080505,311.249542
2619,-60,1195,2619.55176,-58.9098701,1194.16602
4446,-60,2023,4446.61377,-58.8995514,2022.21057
4837,-107,4377,4836.00488,-105.893959,4376.90137
-8590,-217,7516,-8590.89258,-215.889465,7516.4502
4018,-60,2067,4017.57056,-58.8822708,2067.90308
3674,277,4757,3673.01831,278.12561,4757.19043
-5387,-26,5894,-5386.65479,-24.8722229,5893.06152
1251,-61,7120,1250.12146,-59.8448105,7119.52246
-5874,-309,625,-5874.07568,-307.834564,624.002869
4954,312,6763,4954.99316,313.167419,6763.11572
1921,-60,976,1920.448,-58.8232231,976.833801
3338,242,5841,3337.35449,243.188782,5840.23633
4462,164,7628,4462.99219,165.191498,7628.12305
6675,-60,3229,6674.09668,-58.8032684,3228.57104
-2943,-341,-618,-2943.96948,-339.800812,-618.244873
2525,-60,1361,2524.42578,-58.7980728,1361.8186
2525,-60,1361,2524.53125,-58.7967606,1361.8833
3753,444,1144,3753.92041,445.20816,1143.60938
4834,-60,4035,4833.00879,-58.7894554,4034.86792
4387,-60,2433,4386.2959,-58.7850227,2433.70996
5972,-60,4059,5971.70703,-58.7689743,4059.95605
4214,-117,7799,4213.7168,-115.761902,7799.95898
5966,-20,3833,5965.82422,-18.7566013,3832.01562
-5801,-109,10462,-5801.92529,-107.741394,10462.3789
3615,388,967,3615.93652,389.267334,966.649414
4495,219,7620,4495.02148,220.270813,7620.99951
3046,249,409,3046.32715,250.271027,408.055054
4834,-60,4035,4833.4082,-58.7084885,4034.19409
4193,-46,7806,4192.41309,-44.7048073,7806.80957
-8591,-217,7596,-8591.87793,-215.702332,7595.52148
2531,270,8,2531.88525,271.311737,7.53496122
3582,585,701,3582.90063,586.321472,700.56543
5166,22,8398,5165.95605,23.3382587,8398.99902
-6882,407,5031,-6882.79199,408.34079,5030.38965
-8837,-52,8222,-8837.87305,-50.6320992,8222.4873
-5417,-309,592,-5417.07568,-307.629395,591.002869
5198,-60,3781,5197.42188,-58.628437,3780.18408
-6250,-577,15649,-6250.72559,-575.618958,15649.6875
-5873,-309,1025,-5872.91211,-307.591034,1025.99609
4954,312,6763,4954.88867,313.412842,6763.45801
3321,536,312,3321.39551,537.43811,311.081543
2531,270,8,2531.41821,271.445404,7.09165144
3468,595,256,3467.71484,596.455872,255.041519
-6882,407,5031,-6882.88574,408.457825,5030.53613
-8935,-76,8024,-8935.31445,-74.522171,8024.94922
1921,-60,976,1920.46106,-58.5184784,976.842285
3018,-20,1412,3018.55103,-18.5103111,1411.16553
-3991,510,5796,-3990.45288,511.49054,5796.83691
2525,-60,1361,2524.47241,-58.4956703,1361.84949
3422,-60,1626,3422.37231,-58.4938774,1625.0719
3817,-60,1970,3816.57446,-58.489399,1970.90491
-6224,-454,7936,-6224.97949,-452.488434,7936.20117
2997,-60,1453,2997.36426,-58.4685555,1452.06873
2478,124,8825,2478.41602,125.532181,8825.90918
-1784,0,400,-1784.7002,1.53346729,399.286072
5126,22,8398,5125.95605,23.5344639,8398.99902
3727,153,8056,3727.31445,154.543808,8056.94922
2076,0,1127,2075.46387,1.55323887,1127.84412
-3991,510,5796,-3990.50488,511.555298,5796.86865
4158,24,7797,4158.35059,25.5773258,7797.93652
4215,-60,2262,4214.29883,-58.4118347,2262.71289
6675,-60,3229,6675.96289,-58.4078369,3229.26953
2096,0,799,2096.69702,1.62384021,798.282959
2997,-60,1453,2997.36768,-58.3413811,1452.07007
-3675,477,5565,-3674.53784,478.659607,5565.88672
4495,219,7620,4495.99512,220.664459,7620.09766
3753,444,1144,3753.87695,445.665009,1143.51953
4189,-48,7848,4188.16602,-46.3332253,7847.44824
4528,601,1948,4528.7915,602.686829,1947.38892
-2955,-292,-767,-2955.94116,-290.297516,-767.33783
4485,-110,7537,4485.85205,-108.293747,7537.52344
2076,0,1127,2075.30078,1.72350776,1127.71484
3109,-60,1733,3108.63574,-58.2716484,1733.93127
6406,-60,3782,6405.08984,-58.2569046,3781.58594
2000,187,9091,2000.42468,188.743271,9091.90527
4521,186,8291,4520.01855,187.745758,8291.19141
5415,-60,3920,5415.62842,-58.2463379,3920.77783
2235,0,939,2235.42505,1.7550528,938.094849
3582,585,701,3582.91479,586.765991,700.59613
-6015,-577,15884,-6015.87256,-575.231018,15883.5117
1937,-60,647,1937.73218,-58.2273445,646.318909
3817,-60,1970,3816.67578,-58.213501,1970.94592
4459,-120,8290,4459.48877,-118.21257,8290.87207
2235,0,939,2235.50293,1.79090679,938.135681
4802,-24,3998,4801.00879,-22.1892872,3997.86792
4158,24,7797,4157.42969,25.8137798,7797.82129
3321,-60,1815,3320.64893,-58.180706,1815.93628
-7544,-112,8852,-7543.81348,-110.174049,8852.98242
2531,270,8,2531.47754,271.82663,7.12138987
2880,264,238,2880.66016,265.856781,237.248886
-7168,-312,5521,-7168.93408,-310.139557,5520.64355
3321,536,312,3321.90894,537.863586,311.583099
4173,-116,7771,4172.16553,-114.1138,7771.55078
4248,181,8262,4247.07031,182.886765,8262.36816
3796,572,1118,3796.84473,573.893066,1117.46484
5243,-60,4067,5243.63965,-58.0986366,4067.76855
2159,270,-602,2159.78857,271.901978,-602.614807
3656,27,1505,3656.62915,28.9035778,1505.7771
2880,264,238,2880.66016,265.935211,237.248886
1937,0,647,1937.6781,1.96972799,646.265076
2619,-60,1195,2619.50732,-58.0282516,1194.13831
4741,-60,4711,4740.00488,-57.9776039,4710.90137
-8569,-217,7556,-8569.87207,-214.971054,7555.51074
4123,-120,7842,4123.90137,-117.958611,7842.43262
4537,-47,7545,4536.8833,-44.9522285,7545.99316
-7537,-419,8525,-7537.11621,-416.937836,8524.00684
5134,-80,8357,5133.95605,-77.9355927,8356.00098
1921,0,976,1920.29993,2.0654068,976.713989
4173,-116,7771,4173.70898,-113.931671,7771.70508
4500,168,7589,4499.04395,170.087982,7589.29297
4127,153,7923,4127.30859,155.097519,7923.95117
4492,-121,8249,4491.95605,-118.902351,8249.99902
4210,-119,7849,4209.51953,-116.893288,7848.12305
-2881,121,1674,-2880.33105,123.111855,1673.25671
-2689,133,1333,-2688.30103,135.112259,1333.71509
-4895,-309,901,-4894.82324,-306.875854,901.984253
3753,444,1144,3753.58716,446.158783,1143.19055
4483,-118,7627,4483.97852,-115.839378,7626.79395
-7412,-430,6665,-7412.99707,-427.821564,6665.07422
5055,393,6291,5055.99414,395.18512,6291.10742
-7386,-436,6107,-7386.99902,-433.811188,6106.95605
3618,27,1536,3618.73071,29.1897888,1536.68237
5458,553,2912,5458.65234,555.190491,2911.24219
-4547,177,-999,-4547.55371,179.194534,-999.832581
-3871,61,-1211,-3871.4375,63.2149086,-1211.89893
1464,158,10463,1464.98425,160.226364,10462.8232
4478,-122,8339,4478.99902,-119.766411,8338.95605
4462,164,7628,4462.48047,166.257599,7627.12305
5055,393,6291,5055.92578,395.262054,6291.37793
5199,627,2528,5199.78906,629.27533,2527.38574
4458,-115,7581,4458.63965,-112.71582,7580.23145
-5417,-309,592,-5417.15283,-306.707733,591.01178
5199,627,2528,5199.82129,629.293762,2527.42969
4459,-120,8290,4459.92578,-117.701126,8289.62207
-8591,-217,7596,-8591.04297,-214.698868,7595.00098
4193,-46,7806,4192.00391,-43.6932526,7805.91211
-6224,-454,7936,-6224.97363,-451.689362,7936.22754
-7412,-430,6665,-7412.99805,-427.683167,6664.93799
4268,598,1731,4268.86377,600.319824,1730.49622
4537,-108,7538,4536.42676,-105.677788,7538.81934
4214,-117,7799,4213.08887,-114.67524,7798.58789
2880,264,238,2880.7002,266.350128,237.286057
4537,-108,7538,4537.32031,-105.648758,7538.94727
-8637,-217,7596,-8637.04297,-214.630737,7595.00098
4492,-121,8249,4492.93164,-118.628372,8249.36328
3640,23,1590,3640.90967,25.3804779,1589.58496
3796,572,1118,3796.69678,574.390686,1117.28271
-8658,-217,7559,-8657.19336,-214.598282,7559.59082
2478,124,8825,2478.48047,126.426178,8825.87695
1571,263,9365,1571.99915,265.426483,9365.04004
-5635,-347,9936,-5634.03027,-344.572723,9935.75586
1571,263,9365,1571.46777,265.427551,9365.88379
4128,-118,7792,4128.11523,-115.56739,7792.99316
-7045,-66,9126,-7045.27637,-63.561821,9126.96094
2096,0,799,2096.70728,2.4447,798.293091
2215,-60,952,2215.52148,-57.5349998,951.14679
3582,585,701,3582.80884,587.467224,701.587769
-3310,496,5356,-3309.5752,498.47171,5356.90527
2215,-60,952,2215.73511,-57.5090332,951.322083
4459,-120,8290,4459.73047,-117.497681,8289.31738
-2345,111,988,-2344.2832,113.506149,988.697266
-7544,-112,8852,-7543.92383,-109.481277,8852.99707
-7045,-66,9126,-7045.24414,-63.4785805,9126.96973
-3310,496,5356,-3309.48633,498.52298,5356.85791
-2146,121,714,-2145.18018,123.536758,714.572571
3618,27,1536,3618.91772,29.5608101,1535.60278
3272,275,487,3272.35889,277.563538,486.06662
4485,-110,7537,4484.63184,-107.395508,7537.92969
3732,666,527,3732.76343,668.628174,527.645874
4530,-124,8347,4530.45605,-121.369095,8346.11035
2235,0,939,2235.7168,2.64825988,938.302734
4470,-53,7581,4470.84473,-50.330883,7581.53516
4277,198,7824,4277.93457,200.724976,7824.35498
-4547,177,-999,-4547.38965,179.751724,-999.920959
4521,186,8291,4520.0166,188.767349,8290.81934
4757,661,2224,4757.55127,663.77887,2223.16577
5143,-14,8360,5143.26904,-11.2206297,8360.96289
2159,270,-602,2159.81885,272.779877,-602.573914
4577,94,7603,4576.55322,96.7882004,7603.89453
-8637,-217,7596,-8637.04297,-214.205566,7595.00098
-8637,-217,7596,-8636.13184,-214.199844,7595.50391
3881,669,341,3881.76221,671.813965,341.647278
-6533,-474,8447,-6533.61914,-471.182831,8446.21484
-8591,-217,7596,-8591.91406,-214.159729,7595.59473
-8569,-217,7556,-8569.88574,-214.149933,7556.46387
-1558,0,182,-1558.70044,2.88064146,181.286301
4505,-60,8254,4505.30811,-57.1161613,8254.95117
-3871,61,-1211,-3871.24316,63.8933372,-1211.96997
-1844,186,7689,-1844.6095,188.896088,7688.20752
-11048,456,7297,-11048.4727,458.902283,7297.88086
-6224,-454,7936,-6224.92725,-451.091736,7936.37402
3881,669,341,3881.77954,671.914978,341.626221
3732,666,527,3732.81934,668.924072,527.573242
-5971,-75,9994,-5971.74316,-72.0731888,9994.66895
4530,186,8334,4529.02148,188.939774,8334.20508
-2881,121,1674,-2880.15039,124.021393,1674.52734
-8636,-217,7517,-8636.04297,-213.973083,7517.99902
5140,140,8624,5140.89648,143.030853,8624.44238
4495,219,7620,4494.41309,222.050629,7619.19043
4494,-60,8329,4494.92578,-56.9440956,8328.62207
-2689,133,1333,-2688.12793,136.075333,1333.48938
-5792,-217,9463,-5791.00781,-213.897095,9462.87598
4173,-116,7771,4172.41309,-112.889442,7771.80957
4478,-122,8339,4477.77637,-118.887138,8338.02539
4081,574,1424,4081.73438,577.112915,1423.32129
4521,186,8291,4520.8833,189.183594,8291.99316
4757,661,2224,4757.80908,664.212402,2223.41235
4459,-120,8290,4459.75195,-116.711983,8290.65918
4081,574,1424,4081.8833,577.329895,1423.53125
-6844,-431,7660,-6844.13184,-427.660645,7660.99121
4528,601,1948,4528.64551,604.346191,1947.23633
-8658,-217,7559,-8657.15527,-213.639954,7558.46484
4193,-46,7806,4192.00391,-42.629982,7805.91211
-7370,-432,7175,-7370.99219,-428.622162,7174.87549
-2599,167,1926,-2598.30225,170.388977,1925.28369
4478,-59,8288,4478.92969,-55.5556068,8287.63184
3881,669,341,3880.34448,672.473511,341.755157
4478,-59,8288,4478.76855,-55.5149002,8288.63965
4532,62,7568,4531.854,65.5071716,7568.98926
-8658,-217,7559,-8657.14746,-213.467209,7558.47754
4478,-59,8288,4478.76855,-55.4332008,8288.63965
-3476,0,-1297,-3476.23926,3.57164836,-1297.97095
3679,573,941,3679.8335,576.594543,940.44751
-8658,-217,7559,-8657.11523,-213.389923,7559.46582
5162,479,4239,5162.8833,482.611359,4239.46875
5199,627,2528,5199.53809,630.66925,2527.15723
5147,-80,8555,5146.91211,-76.3125763,8555.99609
-1844,186,7689,-1844.58594,189.692352,7688.18994
5503,433,4646,5503.99707,436.723114,4645.92383
4562,-125,8306,4561.00488,-121.246353,8305.90137
3468,595,256,3467.4707,598.757935,255.151566
-8590,-217,7516,-8590.04297,-213.218582,7516.99902
4460,153,7580,4459.87549,156.790726,7580.99219
-4547,177,-999,-4547.29199,180.792603,-999.95636
2354,260,-322,2354.89746,263.802185,-322.441071
-5971,-75,9994,-5971.94629,-71.1946182,9994.32324
-1610,381,7508,-1610.99902,384.891724,7507.95605
-8636,-217,7517,-8635.11621,-212.940811,7517.46777
-2212,173,2146,-2211.51172,177.075684,2145.12744
-5387,-628,15695,-5386.22656,-623.862549,15695.6338
3693,23,1581,3692.82324,27.1406689,1580.01575
-7279,-249,5811,-7279.94678,-244.825653,5810.67871
6564,460,3940,6564.96484,464.183685,3940.26221
6732,460,3301,6732.96094,464.189178,3301.27637
-7392,-24,6079,-7392.96484,-19.7876625,6078.7373
-1551,246,6210,-1551.99512,250.240692,6209.90137
-4174,118,-1127,-4174.36768,122.248093,-1127.92981
-7040,-449,8472,-7040.07568,-444.751801,8471.00293
3640,23,1590,3639.81836,27.2488441,1589.01672
-8588,1,7616,-8588.86816,5.2710743,7615.50391
4478,-122,8339,4478.15137,-117.727173,8338.01172
4577,94,7603,4576.78516,98.300705,7602.02344
3321,536,312,3321.42578,540.319641,311.095184
-1981,342,5952,-1981.98145,346.348267,5951.80859
4458,-115,7581,4458.8623,-110.641479,7580.49365
1548,155,10934,1548.46753,159.360611,10933.1162
-6325,-448,7713,-6325.92773,-443.637482,7713.37305
-6165,-461,8169,-6165.60645,-456.633698,8168.20508
4562,-125,8306,4561.46191,-120.624237,8305.15723
4494,-60,8329,4494.1582,-55.6229477,8328.0127
-6844,-431,7660,-6844.04297,-426.609589,7660.99902
4530,-124,8347,4529.04395,-119.588303,8346.70703
-7045,-66,9126,-7045.52686,-61.56604,9126.84961
3656,27,1505,3655.79395,31.4356709,1505.97852
4528,601,1948,4528.60254,605.458252,1947.20203
4517,44,8267,4517.70117,48.4934921,8267.71289
4496,55,7562,4495.95605,59.5661926,7562.99902
1548,155,10934,1548.45984,159.581985,10933.1123
3656,27,1505,3655.92358,31.631094,1505.99707
4494,-60,8329,4494.1582,-55.3401909,8328.0127
-7045,-66,9126,-7045.50586,-61.3262444,9126.8623
5162,479,4239,5162.75146,483.759033,4238.34033
4537,-108,7538,4536.95605,-103.229507,7538.99902
4173,-116,7771,4173.4043,-111.217438,7771.91455
-7040,-449,8472,-7040.11621,-444.186859,8471.00684
-8588,1,7616,-8588.88477,5.84326363,7615.53418
4214,-117,7799,4213.00293,-112.149414,7798.92383
-7271,-362,5812,-7271.91406,-357.126007,5811.59473
-8588,1,7501,-8588.85449,5.88290215,7501.51855
-8588,1,7616,-8587.96289,5.93753147,7615.00098
4189,104,7644,4189.96777,108.971191,7643.74854
-7271,-362,5812,-7271.91113,-357.013123,5811.58789
-5635,-347,9936,-5634.11475,-342.010773,9935.53516
4483,-118,7627,4482.68555,-113.005371,7626.05078
-1551,246,6210,-1551.97046,251.040131,6209.75879
3522,353,292,3521.42822,358.082764,291.179596
4158,-46,7783,4157.41309,-40.9126778,7783.80957
1954,76,11189,1954.5498,81.0922012,11188.165
3708,651,90,3707.46411,656.094421,89.1557159
4277,198,7824,4277.94629,203.140625,7824.32324
4491,-55,7620,4491.86768,-49.8459816,7619.50293
5789,423,3272,5789.97363,428.199005,3272.22754
-7165,284,5520,-7165.50684,289.22406,5519.13818
-4319,-278,10883,-4319.27637,-272.681976,10882.0391
-1638,380,5857,-1637.16541,385.360779,5857.55078
5162,479,4239,5162.77246,484.406799,4238.36523
-8872,-42,7069,-8872.99902,-36.5843277,7068.95605
3693,27,1513,3692.79395,32.4189911,1513.97852
4493,-49,7544,4493.86084,-43.5615234,7544.50879
-2944,381,5117,-2943.58691,386.470703,5117.91064
-8434,-89,8595,-8434.43066,-83.4865112,8595.90234
4497,10,8329,4497.92578,15.5305605,8328.62207
4376,175,8412,4376.69727,180.531601,8412.7168
-7186,-221,5523,-7186.95312,-215.441132,5522.69775
4123,16,7810,4123.38965,21.6168957,7810.9209
-7896,-35,6150,-7896.19092,-29.312685,6149.01855
-7896,-35,6150,-7896.2627,-29.3057671,6149.03516
-8370,-20,6278,-8370.67969,-14.085865,6277.2666
-7040,-449,8472,-7040.0752,-443.045502,8471.00293
-2910,381,8099,-2910.04297,387.018707,8098.00098
-8588,1,7616,-8588.04297,7.01941061,7615.00098
-8651,1,7616,-8651.04297,7.01941061,7615.00098
-3520,-499,13290,-3519.49219,-492.978729,13289.1387
4500,168,7589,4499.86816,174.037552,7589.99121
4150,135,7866,4149.73047,141.04538,7865.03711
-8569,-35,6466,-8569.69922,-28.9053612,6465.28516
4235,184,7715,4235.19092,190.176086,7714.01855
4517,44,8267,4517.2793,50.2642479,8267.95996
-8651,1,7501,-8651.04297,7.2976079,7501.99902
-8588,1,7501,-8588.04297,7.2976079,7501.99902
4235,184,7715,4235.03857,190.367081,7714.00098
4493,-49,7544,4492.95605,-42.6111183,7544.99902
-1784,0,400,-1784.67578,6.45465231,399.262909
4470,-53,7581,4470.86768,-46.5257607,7580.50293
3693,23,1581,3692.1228,29.4904251,1580.5199
-8569,-35,6466,-8569.7002,-28.5092831,6465.28613
-2020,397,5643,-2020.47949,403.537048,5643.87744
-3776,177,7896,-3775.47363,183.566315,7895.1499
-8569,-35,6466,-8569.7002,-28.3760452,6465.28613
4004,14,2048,4003.08569,20.6261692,2048.40479
4135,97,7812,4135.97852,103.688232,7812.20557
4150,135,7866,4150.75195,141.711182,7865.34082
3713,23,1545,3712.12207,29.72962,1544.52124
4277,198,7824,4277.95508,204.799942,7824.2959
-9894,292,6771,-9893.7168,298.832153,6771.95898
-7312,-28,5806,-7312.96484,-21.1522961,5805.7373
-8434,-89,8595,-8434.5127,-82.1076355,8595.8584
4154,131,7540,4154.92529,137.926498,7539.62109
-8370,-20,6278,-8370.27637,-13.0233412,6277.03906
4491,-55,7620,4491.30811,-48.0143166,7619.04883
-2020,397,5643,-2020.50745,404.009064,5643.86133
3640,23,1590,3639.95605,30.0401649,1589.00098
4490,41,8293,4490.95508,48.0423851,8292.7041
4490,41,8293,4490.75684,48.0511513,8293.65332
-8434,-89,8595,-8434.57715,-81.8026581,8595.81641
-8554,1,7556,-8554.8623,8.33521271,7556.50586
4500,168,7589,4499.51855,175.36116,7589.87646
5789,423,3272,5789.57031,430.398224,3271.17871
5143,-21,8373,5143.99902,-13.5453777,8372.95605
-7279,-249,5811,-7279.95898,-241.537888,5810.7168
-8636,-217,7517,-8636.04297,-209.479263,7517.99902
4148,34,7886,4147.34082,41.5328636,7885.24805
5140,140,8304,5140.90332,147.716187,8303.57129
-6844,-431,7660,-6844.09766,-423.231018,7660.99512
4537,-47,7545,4536.95605,-39.1208611,7545.99902
3919,130,1768,3918.04077,138.006729,1768.28259
3693,27,1513,3692.13818,35.020092,1513.50696
5260,477,4047,5260.74268,485.055695,4047.66943
-8554,1,7556,-8554.86426,9.25942039,7555.49707
-8651,1,7616,-8650.14453,9.26246262,7615.48242
-3520,-499,13290,-3519.49878,-490.733551,13289.1348
-7392,-24,6079,-7392.15186,-15.7064171,6078.01172
-8554,1,7556,-8554.88379,9.30123425,7556.46777
-8872,-42,7069,-8872.99902,-33.6983948,7068.95605
4574,48,8248,4574.31396,56.3539658,8248.94922
-9157,-15,7503,-9157.03711,-6.57602739,7502.00098
-8837,-52,8222,-8837.9834,-43.5619392,8222.18066
4496,55,7562,4496.78906,63.6101112,7562.61426
4128,-118,7792,4128.96484,-109.256966,7791.7373
4305,191,7727,4305.17578,199.791794,7726.01562
-5824,-102,1033,-5823.89209,-93.1250839,1033.99414
4188,28,7821,4187.39355,36.9946327,7821.79492
-2137,284,7902,-2137.6145,293.014771,7901.21143
4126,112,7843,4126.78906,121.056213,7842.38574
4211,39,2266,4210.28516,48.161068,2266.69922
3881,669,341,3880.41602,678.229797,341.811707
-7312,-28,5806,-7312.95508,-18.6200066,5805.7041
-8778,-30,6828,-8778.99902,-20.5329342,6827.95605
-5801,-109,10462,-5801.93994,-99.3935394,10462.3408
-1610,381,7266,-1610.99902,390.649963,7265.95605
-7312,-28,5806,-7312.9541,-18.2063408,5805.70068
-3427,381,8099,-3426.49121,390.920593,8098.13916
4027,14,2111,4026.05347,24.0371475,2111.32251
-2722,381,5240,-2722.50195,391.116638,5240.86475
-3776,177,7896,-3775.48828,187.154175,7895.14111
-5843,-252,8990,-5842.00293,-241.788803,8989.92383
-8651,1,7501,-8650.12598,11.2345238,7501.48584
-6557,-87,9246,-6557.86768,-76.6679459,9246.49707
5143,-14,8360,5143.99609,-3.61666846,8359.91211
-1610,381,7266,-1610.99902,391.391327,7265.95605
4537,-63,8336,4536.20508,-52.5838814,8335.39355
-7733,-401,8268,-7732.22021,-390.52121,8267.37402
-2961,-499,13640,-2960.49365,-488.112885,13639.1377
6732,460,3301,6732.95898,470.905762,3301.2832
5147,-80,8567,5147.99902,-69.0523453,8566.95605
5147,-80,8555,5147.99902,-69.0523453,8554.95605
-6322,-98,9633,-6322.89014,-87.0016861,9633.45508
4126,112,7843,4126.93652,123.21804,7843.35059
-4405,381,6990,-4404.00049,392.307159,6990.00537
5260,477,4047,5260.59473,488.368958,4047.80371
4462,164,7628,4461.23096,175.61824,7627.36084
-8588,1,7501,-8588.04297,12.6583462,7501.99902
4473,48,7591,4473.85205,59.6780434,7591.52344
3693,23,1581,3692.16577,34.739399,1580.44861
5332,-38,8369,5332.07471,-26.2025146,8368.00293
4158,-46,7783,4158.39551,-34.1940079,7783.91846
-3712,-499,13172,-3711.49707,-487.107941,13171.1357
-5786,-62,11858,-5786.94727,-50.0740662,11857.6797
4535,-53,7636,4535.3335,-40.9925766,7635.05762
-2261,406,5503,-2261.50732,418.140289,5503.86133
3106,4,1738,3105.63086,16.1446972,1738.92932
-10875,516,7070,-10875.6807,528.180176,7069.26758
3652,68,1508,3651.95605,80.2543564,1508.99902
-1610,381,7266,-1610.99902,393.27652,7265.95605
4506,139,8355,4505.2832,151.284714,8354.30273
-2501,381,5363,-2501.50269,393.320709,5363.86426
4007,14,2056,4006.08154,26.4094906,2056.39551
-3520,-499,13290,-3519.48218,-486.574585,13289.1445
-1513,403,5946,-1513.53418,415.534637,5946.84521
-8685,1,7556,-8684.13184,13.6936998,7555.50391
-5902,-102,1033,-5902.04297,-89.3057098,1033.99902
-5824,-102,1033,-5824.04297,-89.3057098,1033.99902
5332,-38,8369,5332.11572,-25.2953568,8368.00684
-4423,383,7300,-4422.00195,395.718689,7300.05957
-8651,1,7501,-8650.15918,13.8142567,7501.54102
-1609,381,6482,-1609.99902,393.834351,6481.95605
4007,14,2056,4006.05957,26.9112835,2056.33984
-1609,381,6482,-1609.99915,394.022278,6482.04102
-2722,381,5240,-2722.50195,394.051788,5240.86475
-1610,381,7508,-1610.58984,394.135895,7507.19287
4007,14,2056,4006.07397,27.251152,2056.37744
-4400,381,5963,-4399.00488,394.313934,5963.09814
4158,-46,7783,4158.39551,-32.6709595,7783.91846
3708,651,90,3707.23364,664.424866,89.3575897
-4017,381,5739,-4016.41235,394.486084,5739.80908
-2020,397,5643,-2020.53711,410.563904,5643.84326
-2910,381,8099,-2910.04297,394.735199,8098.00098
-3427,381,8099,-3427.04297,394.735199,8098.00098
-5902,-102,611,-5902.09766,-88.2268448,610.004822
3469,348,704,3469.94019,361.845215,703.659363
-2137,284,7902,-2137.53809,297.853668,7901.15723
4530,-124,8347,4529.20508,-110.010567,8346.39355
-6322,-98,9633,-6322.73438,-83.9109726,9633.67871
4117,23,7846,4117.97852,37.0993385,7846.20605
-7165,284,5520,-7165.75195,298.167358,5519.34082
-3334,376,5306,-3333.52246,390.217194,5306.87842
-1610,381,7023,-1610.99902,395.218842,7022.95605
-2501,381,5363,-2501.48047,395.297913,5363.87695
3699,68,1510,3698.95508,82.3519897,1510.9989
-1610,381,7023,-1610.99902,395.352173,7022.95605
-9203,-42,7413,-9202.0752,-27.540144,7412.61963
-2722,381,5240,-2722.49512,395.573883,5240.86865
3683,348,1193,3683.87646,362.663879,1192.51855
-2261,406,5503,-2261.51172,420.761688,5503.85889
-3335,-499,13403,-3334.47754,-484.16217,13402.1475
-8872,-42,7069,-8872.9707,-27.12784,7068.75977
-3701,377,5508,-3700.5332,391.953949,5508.88428
-4400,381,5963,-4399.49951,396.253723,5963.86572
-3335,-499,13403,-3334.49365,-483.650208,13402.1377
5332,-38,8543,5332.07568,-22.6277122,8543.99707
-3334,376,5306,-3333.57422,391.419983,5306.90479
-3335,-499,13403,-3334.48706,-483.421021,13402.1416
3106,4,1738,3105.63086,20.0189133,1738.92932
-1513,403,5946,-1513.98523,419.042358,5945.8291
-1651,200,2275,-1651.61328,216.100052,2274.21021
4167,112,7804,4167.25488,128.248535,7804.9668
-2451,381,8092,-2451.04297,397.298431,8091.00098
-2944,381,5117,-2944.48926,397.308716,5117.87207
-2136,381,7892,-2136.55078,397.32016,7891.16553
-2910,381,8099,-2910.04297,397.445496,8098.00098
5107,30,8454,5107.99512,46.4901657,8454.09766
5147,-80,8567,5147.99902,-63.5041924,8566.95605
-1651,200,2275,-1651.81921,216.520187,2274.42651
5733,452,3472,5733.88379,468.579102,3472.46777
5733,452,3472,5733.95605,469.225891,3472.29297
4128,-118,7792,4128.99414,-100.643829,7792.10645
-4017,381,5739,-4016.42188,398.418365,5739.81592
-5619,-132,10896,-5619.99902,-114.400589,10896.041
3693,27,1513,3692.19263,44.6407089,1513.58984
-4169,381,7651,-4168.50293,398.754822,7650.13232
-1610,381,7023,-1610.99915,398.843781,7023.04102
-2451,381,8092,-2451.04297,399.147156,8091.00098
-5598,-154,11338,-5598.99902,-135.780121,11338.04
-2146,121,714,-2145.25513,139.222549,714.667175
2131,520,-572,2130.28345,538.266052,-572.69751
-1771,80,1660,-1771.7627,98.4504471,1660.64648
3683,348,1193,3683.64624,366.657959,1192.23694
-4400,382,6632,-4399.00049,400.678772,6632.01025
-10875,516,7070,-10875.668,534.766113,7069.25586
-3497,284,-1320,-3497.32251,302.882233,-1320.94653
-9894,292,6771,-9894.93262,311.349304,6771.35938
-2136,381,7892,-2136.58594,400.35495,7891.18994
1311,-25,29,1310.29102,-5.44169426,28.2947769
-1609,381,6482,-1609.98425,400.610077,6481.82324
-1771,80,1660,-1771.86462,99.687294,1660.50195
3882,666,-17,3882.75122,685.975281,-17.6599045
-8685,1,7556,-8684.13184,21.092989,7555.50391
-5902,-274,8526,-5901.41309,-253.712173,8526.80957
-8685,1,7556,-8684.15918,21.390007,7556.54102
4182,32,7858,4181.01172,52.5222282,7857.84766
-9157,-15,7503,-9156.10352,5.71074057,7502.55713
4211,39,2266,4210.28906,60.2500229,2266.70312
4564,-63,8302,4563.22656,-41.5239487,8301.36621
-4017,381,5739,-4016.50488,402.700409,5739.86865
5080,211,4224,5080.74365,233.400055,4224.66846
-4017,381,5739,-4016.51172,403.840271,5739.87256
3318,65,1819,3317.64844,87.9893951,1819.93616
-4423,383,7300,-4422.21094,406.21936,7299.38574
4518,163,7628,4517.2832,186.555222,7627.30273
-1825,200,2409,-1825.61853,223.629074,2408.21436
4135,97,7812,4135.34717,120.734619,7812.9375
-5878,-66,1555,-5878.87646,-41.7412987,1554.51855
-5843,-252,8990,-5842.00977,-226.900101,8989.86133
-2451,381,8092,-2451.55078,406.451172,8091.16553
5332,-38,8543,5332.07422,-12.3127708,8543.99707
-5824,-102,611,-5824.04297,-76.0403214,610.000977
-5902,-102,611,-5902.04297,-76.0403214,610.000977
-4400,382,6632,-4399.00098,408.177216,6631.95605
-10875,516,7070,-10875.792,542.608521,7069.38965
-2451,381,8092,-2451.55371,407.615417,8091.16748
4518,163,7628,4517.53809,189.711441,7627.11328
-1847,381,7691,-1847.56738,407.762146,7690.17676
-4169,381,7651,-4168.19043,408.060181,7650.41309
4449,299,2019,4449.76855,326.707977,2018.36023
-4423,383,7300,-4422.00098,410.861542,7300.04297
-1518,200,2080,-1518.83398,228.211716,2079.44824
-1543,-56,428,-1543.7041,-27.5203114,428.709991
3318,65,1819,3317.62109,93.7481232,1819.92529
-1513,403,5946,-1513.573,431.804993,5946.81934
2990,520,-1450,2989.2832,549.181274,-1450.69727
4014,117,2073,4013.28418,148.475479,2073.69824
4188,28,7821,4187.00293,60.2984276,7820.92383
-10875,516,7070,-10875.668,548.647278,7069.25586
-180,620,680,-179.955826,653.133789,679.000977
-2961,-499,13640,-2960.63672,-465.388702,13640.9316
-2048,340,597,-2047.30176,374.753326,597.71582
4574,48,8248,4573.03906,83.7258224,8247.72363
4483,-118,7627,4483.35059,-81.4385071,7626.06348
5421,436,3923,5421.58691,473.639191,3923.80957
-5792,-217,9463,-5791.01562,-177.627991,9462.82422
-5462,-341,10363,-5461.1123,-301.014465,10362.54
-1638,380,5857,-1637.22656,421.951355,5857.63379
3677,414,458,3677.70215,456.217957,458.712006
3522,353,292,3521.33032,395.463684,291.257355
4537,-63,8336,4536.20508,-20.5061398,8335.39355
3677,414,458,3677.75562,457.535553,458.654999
-2056,17,584,-2055.28369,64.0352936,584.697693
-1224,0,741,-1224.69824,48.0346794,741.715759
-5462,-341,10363,-5461.08154,-291.137878,10362.6045
4449,299,2019,4449.61035,348.972412,2018.20789
-1821,340,371,-1820.29651,390.675812,371.710693
-1543,0,428,-1543.7041,51.2755432,428.710022
4530,186,8334,4529.35254,237.42485,8333.23828
1961,520,-741,1961.65845,571.717224,-741.752625
1605,520,259,1604.26489,571.819824,258.322052
-5792,-217,9463,-5791.05371,-164.854568,9462.67676
-2235,453,6129,-2234.96094,506.090668,6129.99902
5140,140,8304,5140.0293,193.372086,8303.00098
-2056,17,584,-2055.30249,70.7842026,584.716553
-1981,342,5952,-1981.84412,397.2099,5951.46387
3592,134,1929,3591.62109,191.293152,1929.92542
3622,67,1542,3622.92456,127.945778,1541.61914
4522,55,7632,4522.14551,116.891167,7631.01074
-1821,340,371,-1820.29517,404.877319,371.709351
-5878,-66,1555,-5878.99951,0.622406662,1555.03088
4014,117,2073,4013.02515,192.208511,2073.22266
4193,119,7827,4192.32129,194.621796,7827.73438
3780,448,355,3780.70239,524.803284,355.711731
943,40,929,943.697327,117.611794,929.716736
3780,448,355,3780.70239,527.516724,355.7117
5421,436,3923,5421.74414,528.568176,3923.66797
1378,520,494,1377.26636,613.1474,493.320465
4497,10,8329,4497.13867,105.023659,8328.00977
-2955,-292,-767,-2954.29883,-192.658768,-767.712952
-2078,177,1299,-2078.99902,278.417297,1298.95593
-3434,0,-1255,-3433.2832,104.752167,-1255.69727
1605,520,259,1604.29407,627.347168,259.708221
-1638,380,5857,-1637.19043,490.141571,5857.58691
1464,158,10463,1464.99402,273.189117,10463.1084
1464,158,10463,1464.99902,278.968842,10462.9561
3919,167,1767,3918.04077,289.423279,1767.28223
-180,340,688,-180.999069,466.623444,687.956909
-2608,-292,-420,-2607.29883,-163.478577,-420.712982
3571,14,1925,3571.33887,145.610229,1925.9408
-2926,0,-737,-2925.28809,143.034256,-737.702148
1112,0,227,1112.7002,146.822784,226.286057
1112,-25,227,1111.29492,121.84124,226.290878
3648,406,198,3647.39453,561.086304,197.204132
1618,-45,334,1617.29309,110.186417,333.292725
-2608,-292,-420,-2607.29834,-127.669823,-420.712463
3652,68,1508,3652.63281,234.36908,1508.77417
793,40,1080,793.696777,210.778183,1080.71729
4561,49,8313,4560.02246,223.691284,8312.79004
4449,299,2019,4449.61035,490.177826,2018.20789
-5873,-309,1025,-5872.8833,-112.036583,1025.99316
-1821,459,6110,-1820.96387,659.516724,6110.99902
3710,195,1490,3709.2478,410.464905,1490.65881
4017,303,1487,4017.89429,522.913635,1486.55273
3522,353,292,3521.38721,575.449097,291.209778
3810,195,1605,3809.2417,441.173645,1605.65186
-1941,476,693,-1941.71582,726.006042,693.698181
2682,156,139,2682.64258,418.169067,138.23378
4182,32,7858,4181.16797,300.371796,7857.44531
-6421,-300,1024,-6421.04297,-28.9634018,1024.99902
-2315,473,6045,-2315.29248,757.052734,6044.04395
3902,168,1777,3902.83179,484.183258,1776.44495
-2056,17,584,-2055.30225,393.516083,584.716309
-2056,476,577,-2056.71655,906.11322,577.69751
3810,195,1605,3809.16553,630.884827,1605.55078
5080,211,4224,5080.77734,671.685364,4223.37109
3810,158,1605,3809.24756,623.818787,1605.65857
-180,340,600,-180.999069,819.902527,599.956909
3522,353,292,3521.28027,853.496094,291.305756
1281,520,-62,1280.29309,1085.63025,-61.2926979
1378,0,493,1378.70093,631.673035,492.286774
3018,161,441,3018.30078,802.932922,440.046326
-7537,-189,8539,-7536.21094,464.927002,8538.38574
3634,195,1684,3633.02832,899.492554,1684.23535
3600,195,1553,3599.02905,973.410278,1553.23926
3320,102,1820,3319.63086,2935.9104,1820.92932
3615,194,1686,3615.99512,3129.90454,1685.90137
4211,73,2266,4210.30078,7500.771,2266.71484
3597,132,1952,3597.36304,8650.98633,1951.06824
