-1305,308,3115,-1305.23926,308.001465,3114.02905
-91,403,192,-91.0415268,403.03656,192.99913
-91,403,192,-91.0415268,403.03656,192.99913
-8,403,192,-8.04161263,403.03656,192.99913
-2062,474,2179,-2062.99512,474.038116,2178.90137
991,601,3712,991.994934,601.171997,3711.90039
1024,601,4030,1024.99402,601.173523,4029.8916
-215,429,192,-215.273132,429.179047,191.038025
-2062,474,2179,-2062.9668,474.210114,2178.74463
-283,112,703,-283.904755,112.214508,702.574097
3721,450,-1165,3721.68018,450.216309,-1164.26697
3673,450,-1120,3673.6792,450.216797,-1119.26611
2934,460,3914,2934.58594,460.236115,3914.80981
-80,296,72,-80.0125427,296.245911,72.9999008
-80,296,72,-80.0125427,296.245911,72.9999008
-20,296,72,-20.0125427,296.245911,72.9999008
2515,601,1958,2515.4668,601.248596,1958.88428
-283,112,703,-282.664612,112.259918,703.942078
-2062,474,2179,-2062.99414,474.283905,2179.10645
-1850,559,1409,-1850.80884,559.29303,1408.41211
-1046,196,2821,-1046.99902,196.302231,2820.95605
-1709,38,2223,-1709.97046,38.3575058,2222.75879
-558,121,631,-557.214722,121.365082,631.619141
-1030,227,3073,-1030.97046,227.392365,3073.24097
991,601,3712,990.003845,601.393372,3711.9126
3687,450,-997,3687.90332,450.393677,-997.428711
3660,450,-1056,3660.90479,450.39505,-1056.42542
1012,601,3483,1011.00482,601.397888,3482.9021
3660,450,-1056,3660.90479,450.401855,-1056.42554
1380,112,3528,1379.34668,112.402275,3528.75708
991,601,3712,990.004822,601.408569,3712.09766
1024,601,4030,1023.00488,601.41333,4030.09839
-1636,0,2244,-1636.81384,0.413711369,2243.41895
-1166,298,2966,-1166.97046,298.425842,2966.24121
-558,121,631,-558.904846,121.440788,630.57428
-600,121,722,-600.904846,121.441093,721.57428
-1727,0,2368,-1727.80908,0.444377184,2367.41235
-1636,0,2244,-1636.80884,0.44486028,2243.41211
-304,121,748,-303.091461,121.450851,748.417786
-1709,38,2223,-1709.80884,38.4648972,2222.41211
1330,121,3533,1330.08789,121.470406,3533.99585
1231,121,3542,1231.06152,121.471451,3542.99805
3403,62,-1152,3402.95605,62.5007629,-1152.99902
3421,62,-1152,3420.95605,62.5007629,-1152.99902
-1305,308,3115,-1305.6781,308.504944,3114.26514
1012,601,3483,1012.99207,601.51239,3483.12476
3445,62,-1128,3445.99902,62.5130119,-1128.04297
3445,62,-1110,3445.99902,62.5130119,-1110.04297
-1207,308,3048,-1207.66821,308.51825,3047.2561
3785,450,-1172,3785.1167,450.541626,-1171.00684
3785,450,-1172,3785.0979,450.542114,-1171.00488
3721,450,-1165,3721.09814,450.542267,-1164.00488
3661,130,-1027,3660.88281,130.544205,-1027.99304
3717,130,-1034,3716.86792,130.544861,-1034.99121
3428,61,-984,3427.48828,61.5466805,-984.859131
3445,61,-994,3444.49194,61.5468712,-994.861267
-1573,0,2000,-1573.97058,0.550453186,1999.75928
-1636,0,2244,-1636.96973,0.553892612,2243.75586
3491,61,-948,3491.85254,61.5575562,-947.477356
3481,61,-931,3481.86084,61.55793,-930.491211
2572,373,4355,2572.81934,373.558899,4355.57324
113,429,192,113.269302,429.560364,191.036957
2102,477,4624,2102.30811,477.562195,4624.95117
-962,153,2730,-962.993103,153.577515,2730.11719
3776,536,2590,3776.90991,536.58136,2589.58521
-1032,399,1850,-1031.02136,399.599548,1849.79443
-1046,196,2821,-1045.93762,196.61615,2821.99805
-1339,559,981,-1339.64453,559.628479,980.235474
-1850,559,1409,-1850.64502,559.629944,1408.23584
-953,492,1596,-953.904724,492.639832,1596.42578
-1207,308,3048,-1207.9646,308.641724,3047.73633
-2062,474,2179,-2062.97827,474.643188,2179.20679
-489,601,1055,-489.074493,601.673767,1054.00281
894,646,3002,893.593933,646.677063,3001.08618
991,601,3712,991.994995,601.695984,3712.09937
-953,492,1596,-953.53418,492.69928,1595.15466
1012,601,3483,1012.995,601.699341,3483.09961
1024,601,4030,1024.87659,601.700073,4029.5188
3776,536,2590,3776.99902,536.702209,2590.04126
-778,601,917,-777.46405,601.705933,916.155762
3673,450,-1120,3673.97461,450.713898,-1119.77612
1571,94,815,1571.61328,94.7182922,814.210144
1601,94,838,1601.61438,94.7185287,837.210999
-778,601,917,-778.427673,601.719421,917.903931
3007,83,2554,3007.13135,83.7281647,2554.99121
3040,83,2549,3040.13184,83.7290497,2549.99121
-1032,399,1850,-1032.98425,399.734802,1850.17676
-778,601,917,-777.574219,601.738525,916.095215
1638,94,833,1637.8678,94.7444458,832.008789
1601,94,838,1600.86719,94.744873,837.008911
-195,646,1462,-194.060944,646.746338,1462.34375
1024,601,4030,1023.00488,601.75116,4030.09863
-489,601,1055,-488.589081,601.770264,1054.08838
3049,83,2632,3048.86719,83.7726212,2631.00903
3017,83,2636,3016.854,83.7726212,2635.01074
-778,601,917,-777.574219,601.776245,916.095215
3428,61,-931,3427.47656,61.7867775,-930.147949
3445,61,-921,3444.49121,61.7871552,-920.13916
-888,84,3166,-888.115784,84.79953,3165.00684
-861,84,3163,-861.123779,84.8000336,3162.00781
1627,94,739,1627.13208,94.8019943,739.991211
1590,94,744,1590.12305,94.8025284,744.992371
3619,130,-1119,3619.99829,130.803833,-1118.94238
3616,130,-1061,3616.99829,130.804932,-1060.94165
-1166,298,2966,-1166.15259,298.808929,2966.98828
1601,94,838,1601.04272,94.8131485,837.000916
3436,62,-1144,3436.86792,62.8455467,-1144.49658
3445,62,-1128,3445.86401,62.8455467,-1128.50342
-214,646,1325,-213.011826,646.847473,1325.15332
-1032,399,1850,-1032.99915,399.850952,1850.04102
-1036,399,1736,-1036.99902,399.851044,1736.04297
3744,450,-965,3744.47949,450.855377,-965.877502
3687,450,-997,3687.48828,450.856171,-997.87262
1573,94,777,1573.98828,94.8665161,776.847412
1103,631,4578,1102.00098,631.867371,4578.04346
3379,62,-1110,3378.00098,62.8761711,-1110.04297
3379,62,-1128,3378.00098,62.8761711,-1128.04297
3421,62,-1086,3420.95605,62.8884201,-1085.00098
3403,62,-1086,3402.95605,62.8884201,-1085.00098
1363,646,1253,1362.16541,646.899902,1253.55078
-1850,559,1409,-1850.61353,559.912598,1408.21033
-600,121,722,-599.094666,121.914307,722.424683
-558,121,631,-557.094543,121.916458,631.424438
1406,112,3807,1405.89197,112.930031,3806.00586
1103,631,4578,1102.84119,631.940002,4578.9873
-283,112,703,-283.937256,112.948181,703.348633
894,646,3002,893.006714,646.949219,3002.11523
894,646,3002,893.441406,646.95166,3001.17065
3785,450,-1172,3784.49609,450.956268,-1171.13635
3842,450,-1140,3841.49609,450.956635,-1139.13635
268,493,192,268.46228,493.959839,191.113281
3721,450,-1165,3721.67847,450.963593,-1164.26538
1231,121,3542,1230.90137,121.964195,3541.00488
1330,121,3533,1329.8833,121.965248,3532.00684
-1366,297,3191,-1366.84241,297.965363,3190.46118
3066,83,2569,3065.38477,83.9971924,2569.78833
3040,83,2549,3039.38477,83.9974365,2549.78833
-489,601,1055,-489.795807,601.997498,1055.60547
-537,112,586,-537.911377,113.00502,585.58844
1103,631,4578,1102.01758,632.010925,4578.18652
1573,94,777,1573.99805,95.0132446,777.06073
1571,94,815,1571.99805,95.0135269,815.060913
1380,112,3528,1379.2179,113.022552,3527.37695
-372,493,192,-372.475311,494.024994,192.879807
1024,601,4030,1024.87659,602.026917,4029.5188
-304,121,748,-303.21228,122.029854,748.616028
2572,373,4355,2572.42456,374.039368,4355.90527
1380,112,3528,1379.90137,113.039406,3527.00488
991,601,3712,991.998962,602.041382,3711.95508
-8,403,192,-8.04361343,404.043884,191.000961
-8,403,192,-8.04361343,404.043884,191.000961
-91,403,192,-91.0435257,404.043884,191.000961
-489,601,1055,-489.440063,602.055115,1055.89795
268,493,192,268.475372,494.057922,192.879745
-778,601,917,-778.425842,602.05896,917.904785
-1850,559,1409,-1850.94006,560.085266,1408.65918
1356,121,3812,1355.84741,122.092445,3812.98828
-1296,453,3546,-1296.83337,454.092712,3546.55249
-372,493,192,-372.462219,494.127045,191.113235
-1166,298,2966,-1166.29517,299.148682,2966.95532
3842,450,-1140,3841.49609,451.149658,-1139.13635
461,646,1117,461.388855,647.154907,1117.92126
1632,624,2703,1631.16589,625.162598,2702.44849
1627,94,739,1626.95593,95.1649323,739.999023
-211,601,1129,-210.748184,602.165466,1128.03223
188,646,1237,188.40921,647.165894,1237.91235
-489,601,1055,-488.747711,602.166626,1054.03235
113,429,192,113.265305,430.167542,192.964142
3040,83,2549,3039.44141,84.1723938,2549.82935
1406,112,3807,1405.2478,113.174767,3806.34106
3445,61,-994,3444.95605,62.1762886,-994.999023
3464,61,-994,3463.95605,62.1762886,-994.999023
3743,130,-1086,3742.00195,131.176651,-1086.0614
3747,130,-1143,3746.00195,131.177124,-1143.06055
-848,84,3138,-848.991089,85.1795502,3138.13281
1632,624,2703,1631.28235,625.188477,2702.30371
-1074,589,749,-1073.23059,590.197998,748.361267
2992,83,2583,2992.87646,84.199791,2583.48145
3007,83,2554,3007.87964,84.199791,2554.47534
2008,624,2317,2007.28235,625.203125,2316.30371
2886,499,1355,2886.88843,500.204529,1355.45874
2707,499,1719,2707.88916,500.208252,1719.45703
-778,601,917,-778.466797,602.214111,917.884338
-953,492,1596,-952.000977,493.225128,1595.95593
-558,121,631,-557.094543,122.230156,631.424438
2515,601,1958,2515.38452,602.238037,1958.9231
-1032,399,1850,-1032.85205,400.247498,1849.47656
-304,121,748,-304.904419,122.253349,747.573364
-346,121,839,-346.904419,122.253654,838.573364
3619,130,-1119,3619.71387,131.255356,-1118.2998
2991,83,2616,2991.99902,84.2781982,2616.04053
2992,83,2583,2992.99902,84.2793427,2583.04272
1702,127,3051,1701.42578,128.280212,3051.8186
3464,61,-921,3463.95508,62.2806168,-920.001038
3445,61,-921,3444.95508,62.2806168,-920.001038
-304,121,748,-303.091095,122.281197,748.416992
-346,121,839,-345.091095,122.281815,839.416992
1330,121,3533,1329.87537,122.288956,3533.99219
3436,62,-1095,3436.5127,63.2943039,-1094.14148
3421,62,-1086,3421.50293,63.2944031,-1085.13574
-888,84,3166,-887.955872,85.3203506,3165.00098
-215,429,192,-215.262711,430.327271,192.964874
3464,61,-994,3464.49512,62.3376503,-994.868713
3481,61,-984,3481.50684,62.3376503,-984.861877
-304,121,748,-304.953369,122.346748,747.698242
3418,61,-948,3417.00098,62.3508568,-948.042969
3418,61,-968,3417.00098,62.3508568,-968.042969
3481,61,-984,3481.84912,62.3513718,-984.527954
3491,61,-968,3491.84521,62.3517494,-968.534424
3388,62,-1095,3387.46387,63.3538551,-1094.15588
3403,62,-1086,3402.47192,63.3542519,-1085.15088
3619,130,-1119,3619.98535,131.364227,-1119.16968
-306,646,1901,-305.028809,647.36438,1901.23828
1356,121,3812,1356.0957,122.364525,3812.99512
-195,646,1462,-194.031006,647.367065,1462.24707
1726,98,3947,1726.98828,99.3695984,3946.84741
2034,624,2106,2034.17554,625.382324,2106.98438
1748,98,3997,1748.59387,99.3849792,3996.19556
1724,98,3979,1724.59094,99.3855362,3978.19336
3464,61,-921,3464.50684,62.3894997,-920.138
3481,61,-931,3481.50195,62.3896866,-930.135132
-537,112,586,-536.648926,113.393509,586.93634
-962,153,2730,-962.087219,154.408783,2730.99609
3661,130,-1027,3661.59766,131.412735,-1027.80151
3388,62,-1095,3387.13525,63.4128151,-1094.4978
3379,62,-1110,3378.13525,63.4128151,-1109.4978
3616,130,-1061,3616.58594,131.413193,-1061.81018
-868,84,3093,-867.867737,85.4153595,3093.99121
-896,84,3097,-895.867737,85.4158554,3097.99121
3436,62,-1095,3436.84961,63.4256744,-1094.47266
-861,84,3163,-861.883789,85.4257507,3162.53223
3445,62,-1110,3445.85522,63.4258728,-1109.48181
-848,84,3138,-848.885376,85.426651,3137.53516
-953,492,1596,-953.572754,493.433319,1595.1803
3064,83,2602,3063.16602,84.4412918,2601.44824
3421,62,-1152,3421.45898,63.4468575,-1152.88831
3436,62,-1144,3436.46094,63.4468575,-1144.88733
3673,450,-1120,3673.97754,451.44751,-1119.78931
3660,450,-1056,3660.97852,451.448151,-1055.79395
1256,121,3821,1256.0741,122.456245,3821.99707
1356,121,3812,1356.07495,122.457993,3812.99707
1627,94,739,1626.44263,95.4591446,739.830261
991,601,3712,990.000977,602.465393,3712.04346
2934,460,3914,2934.84937,461.482819,3914.52759
1793,98,3965,1792.16943,99.4923706,3964.44312
1330,121,3533,1329.78479,122.49971,3532.02344
3728,281,-1090,3727.38525,282.503784,-1089.2113
2991,83,2616,2991.60669,84.5106659,2615.20508
3017,83,2636,3017.60571,84.5116196,2635.20435
-537,112,586,-537.936157,113.515038,586.351562
2008,624,2317,2007.00671,625.531799,2316.88452
2008,624,2317,2007.00671,625.531799,2316.88452
3064,83,2602,3063.00781,84.5327225,2602.12354
1330,121,3533,1330.07458,122.535202,3533.99707
188,646,1237,188.041321,647.536316,1237.99915
3744,450,-965,3743.8833,451.536652,-965.993164
2034,624,2106,2033.00586,625.537354,2105.89209
1363,646,1253,1362.16553,647.571411,1253.55103
1632,646,1658,1631.16553,647.571411,1658.55103
3648,442,3349,3648.55762,443.572357,3349.83008
679,646,1120,679.205383,647.576355,1120.97864
1655,94,799,1654.16553,95.5806656,798.448975
1204,646,1011,1204.20544,647.582397,1011.97864
3857,450,-1017,3856.01831,451.583496,-1017.19043
1770,98,3915,1769.42578,99.5842209,3915.8186
1406,112,3807,1405.35364,113.590332,3807.76294
2034,624,2106,2034.24011,625.600708,2106.9707
3743,130,-1086,3742.0957,131.602859,-1086.42651
2102,477,4624,2101.87549,478.604828,4624.99219
3857,450,-1017,3856.32056,451.610382,-1017.7337
3809,450,-973,3808.32056,451.612213,-973.733643
3428,61,-931,3427.12793,62.6167259,-930.51062
3418,61,-948,3417.13135,62.6167259,-947.504639
1573,94,777,1573.82935,95.6260147,777.558411
-1032,399,1850,-1031.00098,400.636139,1849.95593
3869,450,-1081,3868.08496,451.638031,-1080.59668
-1036,399,1736,-1035.00098,400.638306,1735.95593
3842,450,-1140,3841.08496,451.639008,-1139.59668
1712,127,3144,1711.85388,128.643845,3143.01074
1675,127,3149,1674.84741,128.643845,3148.01172
1204,646,1011,1203.16565,647.646912,1011.55121
1363,646,1253,1362.16553,647.651245,1253.55103
3017,83,2636,3017.04346,84.6527328,2635.00098
3857,450,-1017,3856.01562,451.673096,-1017.17566
3869,450,-1081,3868.01465,451.675385,-1081.16931
3776,536,2590,3776.99805,537.677979,2590.05786
3064,83,2602,3063.09473,84.6809845,2601.5752
3049,83,2632,3048.09521,84.6820374,2631.57422
-306,646,1901,-305.012054,647.686584,1900.84521
1675,127,3149,1675.60547,128.701553,3148.20435
1646,127,3127,1646.61328,128.702103,3126.21021
3418,61,-968,3417.15039,62.7417297,-968.527344
3428,61,-984,3427.14722,62.7417297,-984.522034
-870,302,1450,-869.901367,303.746521,1450.99512
1256,121,3821,1255.90137,122.757896,3820.00488
1356,121,3812,1355.89197,122.758942,3811.00586
3743,130,-1086,3742.00098,131.764008,-1086.04309
1204,646,1011,1204.15137,647.769836,1011.98834
3701,130,-1178,3701.04126,131.782822,-1177.00085
1648,127,3089,1648.81885,128.793686,3089.57397
1724,98,3979,1724.99707,99.8163147,3979.07544
1726,98,3947,1726.99805,99.8163147,3947.06152
1655,94,799,1654.00891,95.8309555,799.132751
-862,400,289,-862.208557,401.831299,289.977997
3661,130,-1027,3661.55078,131.8452,-1027.83459
3491,61,-968,3491.99902,62.8612671,-968.042969
3491,61,-948,3491.99902,62.8612671,-948.042969
1748,98,3997,1748.55078,99.8833542,3996.16553
1012,601,3483,1011.04852,602.888672,3482.69238
3687,450,-997,3687.47949,451.897186,-997.877502
-1339,559,981,-1339.20508,560.897461,980.021301
3388,62,-1144,3387.51855,63.8987236,-1144.87646
3403,62,-1152,3402.53125,63.898922,-1152.8833
-1113,259,1913,-1112.47656,260.906281,1912.14795
3049,260,3180,3048.05249,261.907623,3180.31934
1729,127,3111,1728.0116,128.917007,3111.15137
1655,94,799,1654.00098,95.9291229,798.955872
1657,94,761,1656.00098,95.9294052,760.955872
1779,98,3993,1778.8606,99.9319382,3992.00977
1748,98,3997,1747.8678,99.9319382,3996.00879
-953,492,1596,-952.912109,493.932526,1596.99609
-908,84,3122,-907.011536,85.9377441,3121.84863
-888,84,3166,-887.447876,85.9795227,3165.16626
-211,601,1129,-211.26181,602.981689,1129.96509
-489,601,1055,-489.262238,602.983337,1055.96497
188,646,1237,187.803329,647.989746,1237.98047
3809,450,-973,3808.31738,451.997528,-973.730774
3701,130,-1178,3700.30127,132.002441,-1177.28467
3743,130,-1086,3742.10474,132.008682,-1086.44531
3717,130,-1034,3716.09473,132.009979,-1034.4248
3388,62,-1144,3387.12256,64.0118332,-1144.47961
3379,62,-1128,3378.1228,64.0122299,-1128.4801
-1032,399,1850,-1031.47205,401.030151,1849.15076
1648,127,3089,1648.99817,129.030579,3089.0603
1646,127,3127,1646.99805,129.031586,3127.06128
2992,83,2583,2992.98828,85.0407104,2582.84741
2886,499,1355,2886.88452,501.049805,1355.46643
1648,127,3089,1648.98718,129.097107,3088.84082
3645,130,-1170,3645.13135,132.113739,-1169.00867
1356,121,3812,1355.78418,123.113808,3811.02368
3701,130,-1178,3701.14502,132.115112,-1177.01062
1601,94,838,1601.5509,96.1180267,837.165466
3701,130,-1178,3700.38013,132.121414,-1177.21533
3747,130,-1143,3746.37524,132.121414,-1142.21924
-896,84,3097,-895.094727,86.1296005,3097.4248
-848,84,3138,-848.833313,86.1298523,3137.44727
-908,84,3122,-907.094727,86.1300659,3122.4248
1729,127,3111,1728.00098,129.137909,3110.95605
1731,127,3073,1730.00098,129.138916,3072.95605
1657,94,761,1656.41211,96.149826,761.808899
1627,94,739,1626.41223,96.1507111,739.809021
-558,121,631,-558.950867,123.166245,630.69043
1726,98,3947,1726.81885,100.167191,3947.57397
-1339,559,981,-1339.71716,561.178955,980.303101
1596,207,760,1595.73718,209.188095,760.964844
679,646,1120,678.955872,648.18811,1120.99902
1637,207,771,1636.73718,209.18959,771.964844
-953,492,1596,-952.094299,494.193756,1596.42383
1770,98,3915,1769.37988,100.217186,3915.78442
1795,98,3934,1794.38477,100.217186,3934.78833
3661,281,-1108,3661.88403,283.226196,-1107.53259
-214,646,1325,-213.009827,648.22644,1324.86023
-195,646,1462,-194.008911,648.227539,1461.86682
1729,127,3111,1728.10376,129.23735,3110.55664
1712,127,3144,1711.11365,129.238556,3143.53711
1626,207,813,1626.26184,209.244339,812.034912
1585,207,802,1585.26184,209.245621,801.034912
3645,130,-1170,3645.8833,132.247406,-1169.53125
3619,130,-1119,3619.88403,132.248093,-1118.53259
1793,98,3965,1792.09436,100.254272,3964.57617
1779,98,3993,1778.09436,100.254272,3992.57617
1820,646,1872,1819.24805,648.259888,1872.65918
1632,646,1658,1631.2478,648.27179,1658.65894
2324,295,3825,2323.24146,297.286835,3824.34839
2378,295,3764,2377.2478,297.291138,3763.34106
3639,281,-1027,3639.96069,283.29245,-1026.72266
3661,281,-1108,3661.9646,283.293304,-1107.73633
3040,83,2549,3039.95605,85.2944489,2549.99902
3621,401,-1149,3621.67896,403.304077,-1148.26587
3688,401,-1211,3688.67798,403.308228,-1210.26501
3809,450,-973,3808.86792,452.340179,-973.991211
1770,98,3915,1769.95593,100.340942,3915.99902
3744,450,-965,3743.87573,452.342224,-965.992249
34,89,-545,34.3573761,91.3501358,-545.93396
-110,89,-552,-109.374947,91.3507843,-551.219421
1675,127,3149,1675.03809,129.371765,3148.00073
2992,83,2583,2992.82056,85.4039078,2583.57129
-806,154,256,-806.234375,156.4095,256.972137
1702,127,3051,1701.93762,129.435394,3051.99805
1820,646,1872,1819.24719,648.438232,1872.6582
-792,154,286,-792.685547,156.449265,285.271973
-837,154,329,-837.700195,156.451385,328.286072
-859,154,248,-859.15332,156.454178,248.988174
-806,154,256,-806.15332,156.456055,256.988159
-846,84,3110,-846.997986,86.4628906,3109.9375
-848,84,3138,-848.997986,86.4639206,3137.9375
1665,127,3056,1665.12207,129.470383,3056.99243
1702,127,3051,1702.12268,129.470886,3051.99243
-1074,589,749,-1074.97046,591.49646,749.240967
3017,83,2636,3017.55103,85.5112762,2635.16553
3661,130,-1027,3661.15723,132.53566,-1027.98755
-889,267,1909,-889.884216,269.55307,1908.53296
-110,89,-552,-109.22036,91.5574265,-552.626221
3728,281,-1090,3727.73633,283.603699,-1089.0354
3661,281,-1108,3660.72949,283.604248,-1107.03735
-868,84,3093,-868.060547,86.6076965,3093.99805
-1074,589,749,-1074.06104,591.608704,749.998108
461,646,1117,460.955841,648.620911,1117.99902
679,646,1120,678.955872,648.620911,1120.99902
3869,450,-1081,3868.08496,452.644196,-1080.59668
1675,127,3149,1675.55078,129.657684,3148.16553
-908,84,3122,-907.169739,86.6744995,3122.55737
1712,267,3083,1711.73633,269.715363,3083.9646
1670,267,3072,1669.74451,269.716583,3072.9668
-1193,178,2273,-1192.44751,180.725403,2272.1665
1655,94,799,1654.09436,96.7390289,798.575989
1638,94,833,1637.09436,96.7390289,832.575989
1637,207,771,1636.03003,209.749115,770.756836
1626,207,813,1625.02917,209.750839,812.760254
-428,193,-720,-427.437134,195.761841,-720.826538
-409,193,-707,-408.437317,195.7621,-707.82666
34,89,-545,34.933567,91.762886,-544.641602
1793,98,3965,1792.0116,100.763145,3965.15137
3365,580,2025,3365.78833,582.76532,2024.38477
-846,84,3110,-846.620178,86.776947,3110.78442
-868,84,3093,-868.61554,86.7774963,3093.78809
1770,98,3915,1770.16992,100.788246,3915.98535
1740,98,3920,1740.14539,100.78875,3920.98926
1729,127,3111,1728.15649,129.790146,3110.46289
270,30,3517,269.118256,32.7941132,3516.52832
244,30,3566,243.113846,32.7967682,3565.53662
2692,646,1888,2692.15723,648.810547,1887.01245
2034,624,2106,2033.67603,626.84198,2105.05396
-888,84,3166,-887.388672,86.8445892,3165.20874
-910,84,3149,-909.3927,86.8445892,3148.20557
-944,259,2018,-943.463867,261.864105,2017.15588
2944,260,3087,2944.73169,262.868866,3087.6814
-1113,259,1913,-1112.48145,261.872437,1912.14502
2890,260,3148,2890.73169,262.873199,3148.6814
3661,281,-1108,3661.13135,283.87677,-1107.00867
1573,94,777,1573.88416,96.878067,777.467163
1590,94,744,1590.88452,96.87883,744.466431
-873,310,293,-872.139099,312.885529,293.508698
1748,98,3997,1748.03723,100.899048,3996.00073
-1454,420,1247,-1454.61353,422.903046,1246.21033
244,30,3566,243.119278,32.9064827,3565.52637
1793,98,3965,1792.00195,100.90834,3964.93774
1795,98,3934,1794.00195,100.909363,3933.93774
1626,207,813,1625.09436,209.933472,812.575989
1702,127,3051,1701.39307,130.020538,3051.79468
1731,127,3073,1730.38574,130.021088,3073.78906
-891,154,256,-890.763733,157.067657,256.97168
-859,154,248,-858.763672,157.068741,248.971664
3039,188,2615,3038.8606,191.092026,2614.00977
3066,83,2569,3065.00098,86.0935287,2568.95605
3064,83,2602,3063.00098,86.094696,2601.95605
-908,84,3122,-907.002869,87.0950165,3122.0752
-910,84,3149,-909.002869,87.0960464,3149.0752
1726,98,3947,1726.88318,101.100807,3947.46875
1740,98,3920,1740.88318,101.102013,3920.46875
34,89,-545,33.067585,92.1573563,-545.361389
313,177,-934,312.557922,180.166733,-934.896973
293,177,-924,292.557922,180.166733,-924.896973
293,177,-924,292.557922,180.166733,-924.896973
-1850,559,1409,-1850.52661,562.223755,1408.1499
-868,84,3093,-868.573242,87.2405701,3093.81934
1648,127,3089,1648.87646,130.248734,3089.48145
1665,127,3056,1665.88318,130.249939,3056.46875
2219,295,3732,2219.75098,298.295532,3732.66016
2273,295,3671,2273.74146,298.296661,3671.67065
-407,97,-686,-407.999054,100.305473,-685.956543
1769,214,3977,1768.03687,217.311096,3976.7312
1779,214,3943,1778.0387,217.312561,3942.72461
3023,260,3103,3022.78491,263.314545,3103.97656
-837,154,329,-837.318359,157.345291,328.052032
-894,154,315,-893.493042,157.408142,314.138031
1585,207,802,1585.9646,210.413971,802.263428
1596,207,760,1596.9646,210.415543,760.263489
2515,601,1958,2514.62109,604.462463,1957.07458
2378,295,3764,2377.05249,298.537384,3764.31958
2352,295,3687,2351.05054,298.54126,3687.31348
-360,789,2539,-359.132996,792.574524,2539.49829
-306,646,1901,-305.004974,649.636658,1901.09961
-367,646,2517,-366.004883,649.641235,2517.09863
-376,116,4062,-376.710968,119.644875,4062.70312
-891,154,256,-890.139038,157.679276,256.508606
-908,154,285,-907.139038,157.680466,285.508636
3639,281,-1027,3639.99805,284.685547,-1026.93945
2034,624,2106,2033.67883,627.699524,2105.05298
3603,401,-1060,3603.97949,404.77417,-1059.79858
3621,401,-1149,3621.97827,404.775238,-1148.79297
-428,193,-720,-427.473267,196.78537,-720.849976
-1770,162,2203,-1770.87207,165.815689,2202.51074
-1780,162,2221,-1780.87646,165.815689,2220.51855
-409,97,-742,-409.999054,100.83139,-741.956543
-407,97,-686,-407.999054,100.832214,-685.956543
2034,624,2106,2033.08228,627.919312,2106.39722
2995,260,3241,2994.23096,263.968872,3240.36084
-1792,162,2202,-1792.04297,165.970917,2202.99902
-1770,162,2203,-1770.04297,165.972336,2203.99902
-398,116,4068,-398.316315,119.975166,4067.05151
3023,260,3103,3022.81348,263.988647,3103.98242
2944,260,3087,2943.79297,263.989746,3087.97827
-1174,178,2285,-1173.47192,181.998001,2284.15088
-1193,178,2273,-1192.46411,181.998962,2272.15576
-1174,82,2251,-1174.99915,86.0394058,2251.04102
-1172,82,2306,-1172.99902,86.0426788,2306.0437
2324,295,3825,2323.2356,299.04892,3824.35547
1668,254,-334,1668.51843,258.050903,-334.855103
3039,188,2615,3039.26172,192.195175,2614.03491
-1780,162,2221,-1780.86365,166.196609,2220.49609
3002,188,2605,3002.24316,192.197205,2604.03003
2352,295,3687,2351.79858,299.215424,3687.97949
2273,295,3671,2272.78418,299.216522,3671.97632
-817,310,259,-816.763733,314.218323,259.97168
2916,260,3225,2916.19116,264.231537,3224.01855
2916,260,3225,2916.19531,264.286774,3224.01929
2995,260,3241,2995.19043,264.287872,3240.01831
-1792,162,2202,-1791.15161,166.316406,2201.4707
-406,342,-727,-405.437042,346.332733,-727.826477
3012,188,2568,3012.96265,192.349274,2568.27051
3002,188,2605,3002.9646,192.350952,2605.26343
-869,154,337,-868.338013,158.372391,336.250488
-894,154,315,-893.338013,158.373093,314.250488
-110,89,-552,-110.623215,93.3925323,-552.782043
1735,214,3968,1735.24316,218.404114,3967.03003
1769,214,3977,1769.23926,218.405289,3976.02905
-900,188,3140,-899.400391,192.442749,3139.19995
1779,214,3943,1778.38916,218.444809,3943.79175
-1023,302,1464,-1022.92285,306.508545,1464.99695
-870,302,1450,-869.922852,306.510406,1450.99695
313,177,-934,312.536774,181.527969,-933.11377
-869,188,3148,-869.885498,192.551575,3147.5354
4211,312,-1725,4211.1958,316.604675,-1725.98059
3995,312,-1768,3995.18726,316.606934,-1768.9823
2936,224,-393,2935.01758,228.607605,-393.186615
2515,601,1958,2514.46387,605.613647,1957.15588
2944,260,3087,2944.73364,264.614044,3087.67944
2352,295,3687,2351.78418,299.624146,3687.97632
-110,89,-552,-110.781494,93.6392899,-551.376099
34,89,-545,33.6316528,93.7325745,-544.070312
1769,214,3977,1768.09436,218.772446,3976.57617
-1173,327,2256,-1172.0437,331.793701,2255.70776
-1170,327,2266,-1169.04456,331.794495,2265.70483
-837,154,329,-837.230957,158.839401,328.027039
-869,154,337,-869.232361,158.840561,336.027374
3002,188,2605,3002.60986,192.845673,2604.20752
-1759,125,2198,-1759.06055,129.847214,2198.99805
2936,224,-393,2935.08813,228.884979,-393.41037
-873,310,293,-872.480591,314.896423,293.854523
-817,310,259,-816.48114,314.899811,259.854858
3620,145,-1808,3619.66211,149.905838,-1807.05884
787,441,3708,787.969482,445.922791,3707.75488
-1803,125,2195,-1802.16541,129.925369,2194.44922
-848,310,327,-847.337891,314.951508,326.25061
-1589,167,1669,-1589.87659,171.952133,1668.5188
-1578,167,1649,-1578.87646,171.954041,1648.51855
-894,154,315,-893.0224,158.972733,314.789551
4492,464,-1216,4492.92578,468.981323,-1216.37781
-920,275,1784,-920.970398,280.003143,1784.24109
1626,207,813,1625.86719,212.011215,812.008911
-460,789,2713,-459.69986,794.015686,2712.04614
2245,295,3809,2245.18457,300.052826,3808.01733
1585,207,802,1585.99805,212.111572,802.060852
-769,302,1654,-769.904785,307.116241,1654.42578
1659,267,3114,1659.60217,272.137421,3113.20166
1637,207,771,1636.00098,212.181396,770.955872
3012,188,2568,3011.72949,193.188705,2568.96265
3049,188,2578,3048.73633,193.189728,2578.9646
2890,260,3148,2890.94604,265.196716,3147.67603
-992,423,1017,-992.310608,428.22641,1016.0495
293,177,-924,293.999115,182.237747,-924.041992
293,177,-945,293.999115,182.237747,-945.041992
293,177,-945,293.999115,182.237747,-945.041992
-870,302,1450,-870.904724,307.241302,1450.42578
-769,302,1654,-769.904846,307.247711,1654.42566
-1549,294,1674,-1549.07593,299.283234,1674.99707
2789,303,-1183,2788.00684,308.285309,-1182.8833
-460,789,2713,-459.022034,794.306702,2713.20874
-438,789,2610,-437.022034,794.308899,2610.20874
-410,193,-730,-409.494415,198.317337,-729.137268
-1603,167,1647,-1602.15466,172.325806,1646.46582
253,126,3547,253.891876,131.374664,3546.54785
243,126,3527,243.893051,131.375153,3526.55005
243,126,3527,243.893051,131.375153,3526.55005
1834,90,-80,1833.49902,95.4033737,-79.1345444
1848,90,-72,1847.49902,95.405304,-71.1345444
3388,62,-1095,3388.85498,67.4301605,-1095.51843
1659,267,3114,1659.26221,272.473602,3113.03516
1701,267,3125,1701.23926,272.474762,3124.02905
1796,90,-42,1796.99902,95.4786148,-42.0425262
1796,90,-58,1796.99902,95.4786148,-58.0425262
1796,90,-58,1796.99902,95.4786148,-58.0425262
265,275,3532,265.893768,280.486969,3531.55176
-1561,294,1674,-1560.14978,299.512665,1673.47363
-1555,294,1684,-1554.14978,299.51413,1683.47363
1744,214,3933,1744.13818,219.517365,3933.99023
2378,295,3764,2377.0498,300.541779,3764.31152
2219,295,3732,2219.94604,300.547241,3731.67603
-1578,167,1649,-1578.06079,172.6297,1649.99805
3606,312,-1981,3605.10815,317.639832,-1981.45227
-861,188,3117,-861.99707,193.709137,3116.92358
2273,295,3671,2273.7334,300.709961,3671.67969
-1615,126,1639,-1614.15845,131.730743,1638.45984
1624,254,1563,1623.24146,259.74353,1562.34839
1637,207,771,1636.41223,212.753937,771.809021
3049,188,2578,3048.38477,193.769058,2578.78833
-769,302,1654,-769.64502,307.775818,1653.23584
1995,254,1134,1994.23547,259.776123,1133.35547
-391,116,4047,-391.711975,121.821274,4047.70215
-376,116,4062,-376.711975,121.821274,4062.70215
-837,154,329,-837.675781,159.828079,328.262909
3049,188,2578,3048.03003,193.829666,2577.75684
3039,188,2615,3038.03003,193.829666,2614.75684
3989,69,-1006,3989.85791,74.8426514,-1006.51361
3728,281,-1090,3727.03296,286.850098,-1090.25403
2219,295,3732,2219.948,300.860809,3731.68188
2245,295,3809,2245.948,300.864075,3808.68188
3706,281,-1009,3705.03003,286.86441,-1009.24316
2245,295,3809,2245.18457,300.886841,3808.01733
2324,295,3825,2324.18652,300.889038,3824.01758
3049,260,3180,3048.24731,265.917572,3179.3418
2995,260,3241,2994.2356,265.917572,3240.35547
-806,154,256,-806.945984,159.93605,256.324188
-889,267,1909,-889.911011,272.989288,1908.58765
1769,214,3977,1768.85388,220.040024,3976.01074
-1561,294,1674,-1561.04297,300.058929,1674.99902
-1549,294,1674,-1549.04297,300.058929,1674.99902
-398,116,4068,-398.26886,122.061256,4067.03687
-376,116,4062,-376.26181,122.063042,4061.03491
-900,188,3140,-899.754883,194.082458,3139.03052
-869,188,3148,-868.754883,194.083633,3147.03052
-1172,82,2306,-1172.99805,88.1060638,2306.06128
-1578,167,1649,-1578.08777,173.111206,1649.99609
-1603,167,1647,-1603.07605,173.113373,1647.99707
4492,464,-1216,4492.86768,470.125092,-1216.49695
-891,154,256,-890.695374,160.243408,256.952454
-1561,294,1674,-1560.16736,300.25351,1673.44629
-406,342,-727,-406.200562,348.291565,-727.979675
-396,342,-729,-396.200531,348.292511,-729.979675
-1589,126,1682,-1589.86792,132.304886,1681.5033
3049,260,3180,3048.0498,266.328918,3180.31152
3023,260,3103,3022.05151,266.333313,3103.31665
-892,188,3109,-892.261719,194.345459,3109.96509
-861,188,3117,-861.261719,194.346664,3117.96509
-1193,178,2273,-1192.52051,184.347778,2273.87744
-1175,178,2263,-1174.50977,184.347778,2263.87158
-1175,178,2263,-1174.50977,184.347778,2263.87158
2587,253,750,2587.88452,259.349792,750.46637
-1603,167,1647,-1602.16541,173.445877,1646.44922
-1589,167,1669,-1588.15466,173.447327,1668.46582
286,140,-914,286.999115,146.460556,-914.041992
286,140,-955,286.999115,146.460556,-955.041992
286,140,-955,286.999115,146.460556,-955.041992
3631,101,-1810,3630.28345,107.514671,-1810.69751
3602,101,-1781,3601.28296,107.514671,-1781.69702
3602,101,-1781,3601.28296,107.514671,-1781.69702
3012,188,2568,3012.16406,194.553711,2568.98633
3481,61,-984,3480.49121,67.5610733,-983.13916
2890,260,3148,2890.94702,266.604492,3147.67896
2916,260,3225,2916.94604,266.608917,3224.67603
-808,397,299,-808.799072,403.634033,299.601227
1856,90,-58,1855.13123,96.6433334,-57.5047951
3728,281,-1090,3727.00195,287.687378,-1090.06152
-394,79,4035,-394.711273,85.6960831,4035.70288
-364,79,4064,-364.712219,85.6986237,4064.7019
3049,188,2578,3048.00098,194.704971,2577.95605
3428,61,-931,3428.48633,67.8004456,-931.873596
-408,79,4078,-407.047241,85.8125687,4078.30371
-394,79,4035,-393.046936,85.8182983,4035.30273
3481,61,-931,3480.12793,67.8535461,-931.489197
1744,214,3933,1743.71655,220.915436,3933.95898
1779,214,3943,1778.72266,220.916611,3943.96069
-892,188,3109,-891.030029,194.947845,3109.24316
-900,188,3140,-899.030029,194.950974,3140.24316
4392,498,-929,4392.93652,504.968933,-928.649414
3002,188,2605,3002.99902,194.978943,2605.03931
4023,70,-1053,4022.13525,77.0039368,-1052.4978
1735,214,3968,1735.5791,221.039627,3967.18481
2244,282,-51,2243.19971,289.082092,-51.599556
-391,116,4047,-390.047241,123.092804,4047.30371
-1792,162,2202,-1791.15466,169.111023,2201.46582
-1780,162,2221,-1779.15466,169.11235,2220.46582
2403,282,-259,2402.19971,289.113068,-259.599518
275,275,3535,275.278992,282.179565,3534.03979
265,275,3532,265.292145,282.179565,3531.0437
-806,154,256,-806.911682,161.18866,256.410889
-792,154,286,-792.911682,161.18866,286.410858
-920,275,1784,-920.658203,282.190216,1783.24719
-848,310,327,-847.199646,317.225342,326.400482
-873,310,293,-872.199463,317.228271,292.400726
-861,188,3117,-861.609558,195.229599,3117.79272
-1770,162,2203,-1770.07605,169.239456,2203.99707
1701,267,3125,1700.02905,274.248932,3124.76074
1712,267,3083,1711.02905,274.250397,3082.76074
787,441,3708,787.9646,448.257141,3707.73633
-1023,302,1464,-1022.13513,309.280029,1464.50195
-869,188,3148,-869.969482,195.298126,3147.75488
-861,188,3117,-861.970459,195.298477,3116.75879
-1176,125,2256,-1175.5033,132.30072,2256.86792
2692,325,1888,2691.46387,332.31015,1887.15588
-873,310,293,-872.099121,317.341309,292.565948
1804,90,-72,1804.85608,97.3674774,-71.4831619
1596,207,760,1596.88538,214.371094,760.464844
3598,145,-1815,3598.95093,152.42485,-1815.3092
3605,145,-1793,3605.94897,152.426514,-1793.31506
1804,90,-27,1804.50391,97.4623795,-27.8637028
2244,282,-51,2244.125,289.476593,-51.9921341
-1161,327,2263,-1161.32239,334.557068,2262.05347
-1170,327,2266,-1170.31665,334.557068,2265.05151
-908,154,285,-907.097168,161.616928,284.570007
-894,154,315,-893.097168,161.617264,314.570007
1735,214,3968,1735.96558,221.692032,3968.25977
1744,214,3933,1744.96948,221.694077,3933.24512
787,441,3708,787.999023,448.705444,3708.04272
3464,61,-994,3463.47656,68.7224045,-993.147949
3481,61,-984,3480.48145,68.7224045,-983.144958
1796,90,-42,1796.85889,97.7388916,-42.5121613
3445,62,-1110,3444.14087,69.7932892,-1110.51172
-406,342,-727,-405.047455,349.799957,-727.304382
-409,342,-736,-408.047363,349.800537,-736.304077
-1197,88,2950,-1196.00195,95.8214493,2949.93774
1818,90,-80,1818.49023,97.8407669,-79.1284103
1804,90,-72,1804.49109,97.8440857,-71.128891
-1151,275,1687,-1150.01746,282.855988,1686.81409
-391,116,4047,-390.047943,123.860016,4047.30591
-398,116,4068,-397.049927,123.861824,4068.31201
3464,61,-921,3463.49609,68.9872208,-921.863708
3445,61,-921,3445.48828,68.9906235,-921.87262
3428,61,-931,3428.49512,68.9906235,-931.868713
3598,145,-1815,3598.95581,153.003677,-1815.29346
3598,145,-1815,3597.68188,153.021973,-1814.052
3620,145,-1808,3619.67676,153.023819,-1807.05371
1701,267,3125,1700.10767,275.099823,3124.54883
2993,303,-636,2992.04077,311.112152,-636.282227
3620,145,-1808,3619.28638,153.117722,-1808.70044
3605,145,-1793,3604.2832,153.117722,-1793.69727
3605,145,-1793,3604.2832,153.117722,-1793.69727
-428,193,-720,-427.504486,201.137177,-719.131409
-410,193,-730,-409.526062,201.137177,-729.119446
-1151,275,1687,-1150.0155,283.137329,1686.82471
1834,90,-19,1833.95703,98.1743774,-19.9990749
1818,90,-19,1817.95703,98.1743774,-19.9990749
1818,90,-19,1817.95703,98.1743774,-19.9990749
3491,61,-948,3490.13525,69.3274155,-948.501953
3481,61,-931,3480.1355,69.3302689,-931.502502
3445,62,-1110,3444.13525,70.3469315,-1110.5022
3436,62,-1095,3435.13818,70.3497238,-1095.5072
1856,90,-58,1855.00098,98.3677063,-58.0425262
1856,90,-42,1855.00098,98.3677063,-42.0425262
1856,90,-42,1855.00098,98.3677063,-42.0425262
1585,207,802,1585.61328,215.403854,801.210144
3379,62,-1128,3379.87158,70.4040298,-1127.50977
-448,140,-716,-447.473297,148.405182,-716.850037
-410,140,-692,-409.474274,148.413895,-692.850647
867,262,4510,866.716553,270.424683,4510.95898
-1589,167,1669,-1589.86389,175.495392,1668.49634
3989,69,-1053,3989.2832,77.5168991,-1052.04102
4006,69,-1058,4006.28296,77.5203018,-1057.04089
3403,62,-1152,3402.95605,70.5483398,-1151.00098
3403,62,-1152,3402.95605,70.5483398,-1151.00098
3421,62,-1152,3420.95605,70.5483398,-1151.00098
3193,303,-1710,3192.78442,311.563171,-1710.97644
-1138,620,-154,-1138.99109,628.626221,-154.132462
-221,789,2851,-220.56543,797.674927,2850.09937
-276,789,2824,-275.564941,797.674927,2823.09961
243,126,3527,242.955826,134.707306,3527.99902
264,126,3527,263.955841,134.707306,3527.99902
264,126,3527,263.955841,134.707306,3527.99902
4023,70,-1053,4022.70605,78.7514877,-1052.04419
2022,282,-79,2022.58789,290.766449,-79.8088531
1712,267,3083,1711.38477,275.768036,3083.78833
-869,188,3148,-869.12384,196.804733,3147.00781
1818,90,-19,1818.48828,98.8175888,-19.8726559
1804,90,-27,1804.48889,98.8183212,-27.8723431
-364,79,4064,-364.316315,87.8184891,4063.05151
-408,79,4078,-408.308136,87.8206406,4077.04883
3445,61,-994,3445.49512,69.8419418,-993.131226
-1589,126,1682,-1589.86389,134.859604,1681.49634
-1565,126,1642,-1565.85828,134.868561,1641.48682
-908,154,285,-907.070984,162.917053,285.370026
2554,304,1705,2554.85547,312.985077,1704.48218
3418,61,-948,3418.85791,70.0142365,-948.513672
-394,79,4035,-393.046936,88.0156555,4035.30273
4023,70,-1006,4022.71655,79.0443649,-1006.95898
3589,101,-1824,3589.95581,110.238312,-1824.29358
1596,207,760,1596.13086,216.239883,760.991394
1818,90,-80,1817.98706,99.2981644,-79.0000839
1834,90,-80,1833.98706,99.2981644,-79.0000839
1834,90,-80,1833.98706,99.2981644,-79.0000839
2843,303,-1415,2842.02515,312.32724,-1415.22266
2098,279,514,2098.95093,288.33252,514.309265
3491,61,-968,3490.00098,70.4001083,-968.042969
3491,61,-948,3490.00098,70.4001083,-948.042969
3491,61,-948,3490.00098,70.4001083,-948.042969
3612,280,-1812,3612.95093,289.444733,-1812.30933
379,888,3206,378.320465,897.481995,3205.26636
-1023,302,1464,-1022.12732,311.484955,1464.48828
3995,312,-1768,3995.81372,321.494324,-1768.58093
787,441,3708,787.997009,450.518646,3707.92285
-1138,620,-154,-1138.99219,629.522156,-154.124695
-408,79,4078,-408.295044,88.5530014,4077.04468
3436,62,-1144,3435.11938,71.5601196,-1143.52625
265,275,3532,265.958435,284.571625,3532.28516
268,275,3522,268.958435,284.571625,3522.28516
293,177,-945,292.518646,186.596176,-944.123474
313,177,-934,312.518768,186.596588,-933.123413
3428,61,-984,3428.86084,70.6300201,-983.491211
3989,69,-1006,3989.80908,78.6345139,-1006.58752
3979,69,-1020,3979.81934,78.6385727,-1020.57324
-438,789,2610,-437.022034,798.690247,2610.20874
3421,62,-1086,3420.95605,71.7416077,-1086.99902
3421,62,-1086,3420.95605,71.7416077,-1086.99902
3403,62,-1086,3402.95605,71.7416077,-1086.99902
-364,79,4064,-364.711975,88.7554016,4064.70215
1701,267,3125,1700.8606,276.76059,3124.00977
1670,267,3072,1670.11621,276.781982,3072.99316
3481,61,-931,3480.49146,70.829689,-931.861023
3464,61,-921,3463.49634,70.831749,-921.863892
1848,90,-27,1847.11304,99.846489,-27.4616699
1856,90,-42,1855.11877,99.8477631,-42.4724808
-981,432,-530,-981.964844,441.89035,-530.262817
3039,188,2615,3038.09448,197.89711,2614.57593
1848,90,-72,1847.48535,99.9366455,-71.142601
3589,101,-1824,3589.95874,110.982292,-1824.28381
3602,101,-1781,3602.95581,110.985565,-1781.29382
218,888,2907,218.893906,898.026306,2907.44824
458,888,3136,457.333893,898.082825,3135.25415
379,888,3206,378.334442,898.095642,3205.25366
1659,267,3114,1659.9646,277.107147,3114.26367
1670,267,3072,1670.96948,277.111206,3072.24487
1779,214,3943,1778.00195,224.197388,3942.93774
3436,62,-1144,3435.1228,72.3048172,-1143.5199
3445,62,-1128,3444.12305,72.3048172,-1127.51953
4492,464,-1216,4492.87158,474.309723,-1216.49023
379,888,3206,379.455658,898.371582,3205.10986
324,888,3179,324.428009,898.373596,3178.09644
4034,70,-1020,4033.21094,80.3971558,-1020.61426
4023,70,-1006,4022.21045,80.3971558,-1006.61365
3403,62,-1086,3403.50342,72.5032349,-1086.86401
3388,62,-1095,3388.50195,72.5032349,-1095.86487
2843,303,-1415,2842.35498,313.545013,-1415.76416
2834,303,-834,2833.00684,313.546967,-833.883301
2789,303,-1183,2788.00684,313.549042,-1182.8833
3193,303,-1710,3192.35449,313.592773,-1710.76367
4492,464,-1216,4492.93652,474.642365,-1215.64941
1848,90,-27,1847.13171,100.673607,-27.4959297
1670,267,3072,1670.88318,277.678345,3072.46875
3421,62,-1086,3420.47754,72.8342743,-1086.85266
3436,62,-1095,3435.47754,72.8364639,-1095.85266
-1175,125,2301,-1174.44727,135.842178,2300.16675
-1212,125,2276,-1211.44165,135.842178,2275.17041
4150,320,-1889,4150.90967,330.847412,-1889.41504
2707,499,1719,2707.04395,509.859802,1719.99902
1744,214,3933,1744.88367,224.905197,3933.46802
4339,303,-831,4339.78857,313.93219,-830.385071
3481,61,-984,3480.1416,72.0583191,-983.487061
3491,61,-968,3490.14697,72.0583191,-967.478149
-1565,126,1642,-1565.06128,137.16011,1642.99805
-1615,126,1639,-1615.0752,137.166443,1639.99707
4034,70,-1020,4033.11572,81.2005692,-1020.4668
4211,312,-1725,4211.19092,323.339905,-1725.98157
3445,61,-994,3444.95605,72.3406296,-993.000977
3464,61,-994,3463.95605,72.3406296,-993.000977
3464,61,-994,3463.95605,72.3406296,-993.000977
-892,188,3109,-891.867737,199.506882,3109.99121
-817,310,259,-817.799255,321.561676,259.600983
-792,310,292,-792.799255,321.562592,292.600952
1796,90,-58,1796.86499,101.578407,-57.4982147
1804,90,-72,1804.8678,101.580978,-71.5030899
-162,789,2769,-162.76474,800.597961,2768.35571
-81,789,2675,-81.7562103,800.600525,2674.3457
-862,400,289,-861.199524,411.615845,288.400665
3436,62,-1144,3435.51074,73.618187,-1143.12793
3421,62,-1152,3420.53125,73.6210251,-1151.1167
-1138,620,-154,-1138.93616,631.665649,-154.35144
801,254,568,801.988159,265.667542,568.153076
-409,789,2747,-408.511536,800.703247,2746.12744
801,254,568,800.676697,265.706512,568.946289
-276,789,2824,-275.5065,800.707153,2823.13037
1712,267,3083,1711.00098,278.72168,3082.95605
3012,188,2568,3012.88379,199.735535,2568.46777
1070,254,660,1069.67615,265.748322,660.946106
-1170,327,2266,-1169.46411,338.792572,2265.15576
3989,69,-1006,3989.46094,80.968956,-1006.88721
286,140,-914,285.537109,151.974518,-914.886414
1659,267,3114,1659.99902,279.072052,3114.04395
4289,425,-1573,4289.91797,437.16687,-1573.39648
192,888,3103,192.558899,900.217224,3102.1709
140,888,3068,140.556107,900.217224,3067.16895
-390,229,4054,-390.662811,241.23616,4054.74854
3606,312,-1981,3605.00098,324.239471,-1981.04297
-383,229,4060,-383.653198,241.242081,4060.75708
3388,62,-1144,3388.86084,74.2811203,-1143.49121
3379,62,-1128,3379.86401,74.2834473,-1127.49658
3428,61,-984,3428.50195,73.3491669,-983.135132
3445,61,-994,3445.50269,73.3496857,-993.135559
2587,253,750,2587.90527,265.373016,750.424805
4006,69,-1001,4006.26172,81.4163971,-1001.96503
3989,69,-1006,3989.27539,81.4163971,-1006.96118
-1212,125,2276,-1211.53223,137.433807,2276.88379
-1176,125,2256,-1175.52051,137.438141,2256.87744
-840,417,319,-839.161438,429.495331,318.4552
3615,280,-1802,3615.95581,292.501099,-1802.29382
3612,280,-1812,3612.95093,292.501099,-1812.30933
1796,90,-42,1796.88037,102.559349,-42.4742317
1804,90,-27,1804.88037,102.560791,-27.4741707
3379,62,-1110,3379.84888,74.673996,-1110.5282
3388,62,-1095,3388.85498,74.6763992,-1095.51855
-360,789,2539,-359.33429,801.685547,2539.74609
-438,789,2610,-437.33429,801.693665,2610.74609
3418,61,-948,3418.99902,73.7080002,-948.042969
3418,61,-968,3418.99902,73.7080002,-968.042969
3418,61,-968,3418.99902,73.7080002,-968.042969
3631,101,-1810,3630.67676,113.750893,-1809.05371
3589,101,-1824,3588.65942,113.753433,-1823.05981
1560,254,1080,1559.87537,266.796173,1080.99219
679,262,4455,678.317627,274.802002,4455.73096
1995,254,1134,1994.8833,266.827057,1134.99316
3193,303,-1710,3192.35498,315.860107,-1710.76416
2789,303,-1183,2788.02319,315.903381,-1183.21387
2843,303,-1415,2842.02637,315.921448,-1415.22729
867,262,4510,866.723267,274.95105,4510.96094
679,262,4455,678.723267,274.976013,4455.96094
3418,61,-948,3418.86084,73.9801254,-948.508728
3428,61,-931,3428.86157,73.9846725,-931.507629
4492,464,-1216,4492.92969,477.047333,-1215.63171
3979,69,-1038,3979.99902,82.118927,-1038.04297
3979,69,-1020,3979.99902,82.118927,-1020.04297
3979,69,-1038,3979.99902,82.118927,-1038.04297
3631,101,-1810,3630.65942,114.183014,-1809.05981
-1780,125,2234,-1780.87207,138.252335,2233.51074
3418,61,-968,3418.84229,74.3551331,-967.460999
3428,61,-984,3428.84424,74.3551331,-983.46405
-221,789,2851,-221.86705,802.355713,2850.50195
3403,62,-1152,3403.46484,75.4023056,-1151.11462
3388,62,-1144,3388.46802,75.4029007,-1143.11633
4023,70,-1006,4022.53149,83.4530487,-1006.88342
3445,62,-1128,3444.00098,75.4809647,-1128.04297
3445,62,-1128,3444.00098,75.4809647,-1128.04297
3445,62,-1110,3444.00098,75.4809647,-1110.04297
-889,267,1909,-889.978333,280.505585,1909.20703
286,140,-955,285.536774,153.650543,-954.11377
326,140,-934,325.536774,153.652359,-933.11377
-1615,126,1639,-1614.14978,139.684113,1638.47363
-1589,126,1682,-1588.14685,139.687119,1681.47839
-448,140,-716,-447.438202,153.806137,-716.827271
3379,62,-1110,3379.99902,75.81073,-1110.04297
3379,62,-1110,3379.99902,75.81073,-1110.04297
3379,62,-1128,3379.99902,75.81073,-1128.04297
3421,62,-1152,3420.48682,75.8408432,-1151.14172
1834,90,-19,1833.49414,103.997559,-19.8625679
2244,282,-51,2244.12549,296.06604,-51.9920921
2022,282,-79,2022.125,296.070892,-79.9921417
3388,62,-1144,3388.4812,76.085434,-1143.12341
4034,70,-1020,4033.00098,84.0985413,-1020.04297
4034,70,-1038,4033.00098,84.0985413,-1038.04297
4034,70,-1020,4033.00098,84.0985413,-1020.04297
4006,69,-1058,4005.95605,83.1239777,-1057.00098
-981,432,-530,-981.948914,446.215302,-530.315369
3464,61,-921,3463.95605,75.4601822,-921.999023
3445,61,-921,3444.95605,75.4601822,-921.999023
3445,61,-921,3444.95605,75.4601822,-921.999023
-1175,125,2301,-1175.99902,139.569962,2301.04248
326,140,-934,325.526306,154.602875,-933.119324
-900,188,3140,-899.002869,202.818878,3140.0752
-1780,125,2234,-1780.86841,139.872574,2233.50415
-1759,125,2198,-1759.86389,139.880432,2197.49634
-1759,125,2198,-1759.08716,139.889084,2198.99609
-1803,125,2195,-1803.08765,139.89476,2195.99609
-409,789,2747,-408.504608,804.021606,2746.13135
1848,90,-27,1847.50098,105.119324,-27.8665257
1834,90,-19,1833.50293,105.122368,-19.8676872
1818,90,-80,1818.49927,105.233353,-79.1335526
1856,90,-58,1855.12744,105.272057,-57.5114937
1848,90,-72,1847.12341,105.273384,-71.5187607
326,140,-934,325.557922,155.456024,-934.896973
286,140,-914,285.560669,155.462875,-914.898315
140,888,3068,140.282623,903.541321,3067.04077
3630,312,-2062,3629.03906,327.547791,-2062.27612
3606,312,-1981,3605.03979,327.547791,-1981.27893
4006,69,-1001,4005.95605,84.5484314,-1001.99902
3436,62,-1095,3435.49219,77.8854218,-1095.86145
244,73,3560,243.116287,89.0936356,3559.53198
224,73,3520,224.893906,89.3622284,3519.55176
746,254,1004,746.991211,270.375824,1004.13226
801,254,568,801.991211,270.432251,568.132263
1735,214,3968,1735.99805,230.637985,3968.06079
-1509,105,3059,-1509.76282,121.688164,3059.64648
-221,789,2851,-221.811035,805.752258,2850.41504
-162,789,2769,-162.822601,805.755005,2768.4314
3403,62,-1086,3403.47754,78.7828445,-1086.87842
218,888,2907,218.895782,904.931274,2907.44434
140,888,3068,140.896194,904.96582,3068.4436
3491,61,-968,3490.13574,78.0886536,-967.497009
-892,188,3109,-891.095215,205.123367,3109.42578
2993,303,-636,2992.21021,320.447784,-635.386658
2834,303,-834,2833.20728,320.470276,-833.390442
3979,69,-1038,3979.83447,86.7412186,-1037.44897
-383,229,4060,-383.295044,247.050476,4059.04468
-393,229,4063,-393.278992,247.057495,4062.03979
-412,140,-737,-412.998993,158.101059,-736.955139
-410,140,-692,-410.998962,158.104736,-691.955078
-412,140,-737,-411.48938,158.216187,-736.140198
-448,140,-716,-447.499481,158.221634,-715.134277
4023,70,-1053,4022.18066,88.2644119,-1052.42676
4034,70,-1038,4033.18994,88.2644119,-1037.4137
-1509,105,3059,-1509.7113,123.358772,3059.70288
-1565,126,1642,-1565.07544,144.438049,1642.99707
-410,140,-692,-410.998993,158.473663,-691.955139
2098,279,514,2098.42505,297.756836,513.094849
-412,140,-737,-411.504913,158.790939,-736.131165
296,290,-930,295.557922,308.861908,-930.896973
3837,312,-1993,3837.99316,330.890259,-1992.88379
3845,312,-2068,3845.99316,330.910858,-2067.8833
3979,69,-1038,3979.82959,87.9496765,-1037.44165
3989,69,-1053,3989.83398,87.9533386,-1052.44824
-460,789,2713,-459.437683,808.049927,2712.1731
-409,789,2747,-408.440186,808.057373,2746.17139
-1212,125,2276,-1211.44751,144.492508,2275.1665
2174,220,219,2174.30273,239.515381,219.953049
3989,69,-1053,3989.5,88.6972961,-1052.13403
-1780,125,2234,-1779.14978,145.341278,2233.47363
-1803,125,2195,-1802.13513,145.345642,2194.49805
224,73,3520,223.955826,93.5175323,3520.99902
266,73,3520,265.955841,93.5175323,3520.99902
266,73,3520,265.955841,93.5175323,3520.99902
3845,312,-2068,3844.95605,332.521515,-2068.99902
-848,310,327,-848.532227,330.689697,326.153412
-792,310,292,-792.532288,330.698883,291.153442
224,73,3520,224.893143,94.2293625,3519.55029
244,73,3560,244.890884,94.2372055,3559.5459
2098,279,514,2098.9646,300.314209,514.26355
1070,254,660,1069.62195,275.404724,660.925781
3837,312,-1993,3837.80225,333.51593,-1993.59656
3995,312,-1768,3995.81934,333.549713,-1768.57324
1668,254,-334,1667.2981,275.787445,-334.71225
4023,70,-1053,4022.47168,92.1664352,-1052.151
-862,400,289,-861.48175,422.361084,289.855225
2834,303,-834,2833.23071,325.732513,-833.361145
-817,310,259,-817.154114,333.88443,259.988037
-1052,111,3064,-1051.38867,135.079849,3063.20874
-1786,275,2206,-1786.04297,299.24884,2206.99902
-1776,275,2206,-1776.04297,299.24884,2206.99902
324,888,3179,324.479431,912.37677,3178.12256
192,888,3103,192.48645,912.411926,3102.12646
324,888,3179,324.680298,913.045715,3178.26709
-1175,125,2301,-1175.99902,150.274368,2301.04395
-1176,125,2256,-1176.99902,150.279343,2256.04395
192,888,3103,192.493652,913.702698,3102.13037
244,73,3560,243.118103,99.8693161,3559.52856
266,73,3520,265.127319,99.8718719,3519.51172
1995,254,1134,1994.84668,282.002747,1134.98816
-276,789,2824,-275.318176,817.213806,2823.26855
-1786,275,2206,-1785.15515,303.924896,2205.46509
306,290,-934,305.623444,319.128204,-934.926392
296,290,-930,295.623444,319.128204,-930.926392
-383,229,4060,-383.712128,258.278961,4060.7019
306,290,-934,305.558929,319.592285,-933.102539
296,290,-939,295.557922,319.595734,-938.103027
-1776,275,2206,-1776.91504,305.547302,2205.59668
-1780,275,2215,-1780.91504,305.552155,2214.59668
-840,417,319,-840.532532,447.730865,318.153595
306,290,-934,305.525726,321.037231,-933.119629
-1421,85,3145,-1421.81885,118.226669,3145.57397
-1421,85,3145,-1421.7334,120.893578,3145.67944
-840,417,319,-840.547852,454.229095,318.163452
-1780,275,2215,-1780.87646,315.105194,2214.51855
-393,229,4063,-393.26886,271.480408,4062.03687
2355,222,156,2355.33521,265.331787,156.942123
296,290,-930,296.999115,334.839203,-930.041992
296,290,-939,296.999115,334.839203,-939.041992
296,290,-939,296.999115,334.839203,-939.041992
-848,310,327,-848.232117,355.005188,326.027313
-390,229,4054,-389.047943,274.242462,4054.30591
-390,229,4054,-389.047943,274.242462,4054.30591
-393,229,4063,-392.048828,274.246826,4063.30859
-1197,88,2950,-1196.36536,134.022507,2949.22729
-1780,275,2215,-1779.1803,321.250305,2214.42725
-1786,275,2206,-1785.18018,321.250305,2205.42749
2355,222,156,2355.82178,271.319611,156.569672
2845,224,-80,2844.04077,274.964569,-80.2823944
-1776,275,2206,-1776.06152,326.006927,2206.99805
2936,224,-393,2935.03491,275.090698,-393.261841
3630,312,-2062,3630.03369,370.670288,-2062.99927
-792,310,292,-792.911682,373.163116,292.410797
-887,146,4059,-887.652405,222.049301,4059.75781
-832,146,4106,-832.658569,222.061752,4106.75244
3489,303,-1752,3488.84668,394.015015,-1752.98816
3193,303,-1710,3192.85352,394.132111,-1710.98914
-878,70,2640,-877.938477,163.695007,2640.99805
1070,254,660,1069.07874,355.116272,660.388855
2403,282,-259,2402.14771,396.25528,-259.523041
