25,-51,7060,25.6690578,-50.9716034,7059.25684
95,-142,-7212,94.9375381,-141.941299,-7211.00195
-340,-294,-8763,-340.749298,-293.940979,-8763.66211
-752,-294,-8318,-752.751953,-293.94043,-8318.65918
-32,-336,-2703,-32.9069786,-335.921234,-2703.42114
25,-51,7060,25.9917603,-50.8666153,7060.12793
76,-51,6667,76.9917679,-50.8643456,6667.12793
-118,-221,-5093,-118.338364,-220.827164,-5092.05908
-414,-221,-5192,-414.322662,-220.82547,-5191.05371
-723,585,-6420,-723.936096,585.202026,-6420.35156
-234,12,-6748,-234.854477,12.2191563,-6748.51904
564,-509,-8382,564.628906,-508.780792,-8382.77734
-239,4,-6721,-239.854202,4.21940041,-6721.51953
65,-212,-3989,64.0675659,-211.77652,-3989.36133
601,-38,6354,601.227173,-37.7521973,6354.97363
25,-51,7060,25.9918461,-50.72789,7060.12744
918,-51,7042,917.282715,-50.7229042,7041.30322
639,-51,7325,638.283203,-50.7211647,7324.30273
918,-51,7042,917.000977,-50.7174568,7042.04395
918,-51,7042,917.282288,-50.6898575,7041.30371
-352,-249,-2543,-352.776611,-248.662933,-2543.62988
902,-51,6675,901.230957,-50.6441612,6675.63916
94,-433,-8461,93.6219406,-432.638092,-8461.92578
-1485,-124,2529,-1484.90137,-123.622421,2529.99512
-1346,-124,2514,-1345.91174,-123.622131,2514.99609
291,-51,6404,291.279938,-50.6187592,6404.95996
-105,-133,-4837,-104.091545,-132.611816,-4837.41797
-234,12,-6748,-233.009811,12.3938837,-6748.13965
-201,246,-356,-200.111191,246.402206,-355.541748
-272,-496,-6797,-271.378601,-495.585236,-6797.7832
-1218,100,-1713,-1217.02344,100.41774,-1712.78479
-595,182,-7248,-594.345703,182.420013,-7248.75586
-957,77,-2536,-956.957031,77.4262619,-2535.00098
-237,-239,-7339,-236.027863,-238.556732,-7339.23438
886,-571,-7972,886.985291,-570.556641,-7972.17041
-649,126,-497,-648.020386,126.449142,-496.799133
564,-509,-8382,564.730774,-508.54837,-8382.68262
816,-359,985,816.130859,-358.54071,984.008606
407,-265,1865,407.250793,-264.535858,1865.96802
-602,164,-7207,-601.4198,164.467102,-7207.81445
-113,-114,-6300,-112.00106,-113.524635,-6300.0459
920,-600,-7484,920.9646,-599.522644,-7484.26318
-723,585,-6420,-723.871277,585.519043,-6420.49023
-238,-7,-6782,-238.302399,-6.48029184,-6782.95312
966,-200,-435,965.732422,-199.47348,-435.963531
-1680,-68,-1147,-1679.95874,-67.4705276,-1147.99915
391,-119,-6960,391.722382,-118.469521,-6960.69141
-957,77,-2536,-957.998962,77.5408707,-2535.95508
564,-509,-8382,564.137817,-508.455231,-8382.99023
-238,-7,-6782,-238.831375,-6.45499945,-6782.55566
-384,-474,-8235,-384.258728,-473.452515,-8235.96582
639,-51,7325,639.060669,-50.431385,7324.00195
283,-51,7301,283.060974,-50.4302483,7300.00195
283,-51,7301,283.060974,-50.4302483,7300.00195
-708,-444,-7034,-708.714905,-443.42688,-7033.30078
-844,-51,-3166,-843.691345,-50.4189301,-3165.04883
522,-509,-6704,522.243896,-508.412018,-6703.03027
-92,58,-6703,-92.9949265,58.5916634,-6703.10059
-273,-15,-6759,-272.000885,-14.4001894,-6759.04199
-709,-549,-7929,-709.970398,-548.395752,-7929.24121
-1239,-253,897,-1238.95728,-252.393692,896.000916
-1414,-145,1554,-1413.95874,-144.390106,1554.99915
-1346,-124,2514,-1345.92358,-123.387489,2514.99707
-259,-150,-6409,-259.278931,-149.367798,-6408.04004
39,-423,-6660,38.340229,-422.36377,-6660.75146
818,90,16,817.879883,90.6382751,16.9927559
-1075,-13,-1022,-1075.65137,-12.36059,-1022.75854
-1138,16,-1006,-1138.65137,16.6396599,-1006.75873
-709,-549,-7929,-709.847168,-548.342163,-7929.53076
-569,183,-7232,-568.496155,183.657852,-7232.86377
-1414,-145,1554,-1413.97302,-144.329681,1554.99963
-567,165,-7190,-566.55896,165.677261,-7190.89746
-235,-570,-6839,-235.920029,-569.322327,-6839.3916
585,120,1457,584.860596,120.683022,1457.99023
-723,585,-6420,-723.808716,585.683289,-6420.58789
-333,-110,-6411,-333.978729,-109.314537,-6411.20459
-1676,-39,-1167,-1675.95593,-38.3088722,-1167.99902
331,-84,1148,331.920227,-83.3078613,1147.60864
-883,-13,-3126,-882.706055,-12.3067598,-3125.04419
920,-600,-7484,920.886292,-599.306519,-7483.53711
818,90,16,818.928406,90.7128601,15.6284323
1115,-626,566,1114.95593,-625.276611,566.999023
1054,-626,565,1053.95593,-625.276001,565.999023
-494,58,-4130,-493.958679,58.7330246,-4129.00098
-1143,11,-1676,-1143.9823,11.7332335,-1675.81274
556,710,-6603,556.969727,710.746094,-6602.75586
422,-408,1826,421.675751,-407.24118,1826.94592
-752,-294,-8318,-752.424744,-293.234375,-8318.90527
522,-509,-6704,522.844055,-508.22345,-6703.46387
331,-84,1148,330.202759,-83.2173004,1147.39636
-369,-296,-7403,-368.000885,-295.214142,-7403.04199
313,-394,27,313.0383,-393.204956,26.0007343
-493,86,-3690,-492.955841,86.8062744,-3690.99902
94,-433,-8461,93.9558182,-432.186951,-8461.99902
-799,59,-3684,-798.586914,59.8230591,-3684.91064
-333,-110,-6411,-333.514343,-109.174553,-6410.14258
-616,166,-7225,-615.287109,166.841599,-7225.70117
-111,-110,-6405,-110.001015,-109.157509,-6405.04492
-1239,-253,897,-1238.92285,-252.136993,896.002991
-1401,-253,884,-1400.92285,-252.136642,883.002991
949,-163,613,948.57428,-162.135956,612.095154
-569,183,-7232,-568.51062,183.866516,-7232.87207
-369,-296,-7403,-368.001862,-295.131165,-7403.06055
-170,-284,-7396,-169.976807,-283.125092,-7395.00049
963,-109,563,963.239258,-108.11026,563.970947
-238,-7,-6782,-237.296021,-6.10727549,-6781.29004
-299,-400,-6683,-299.269867,-399.104095,-6682.03711
-1425,-151,659,-1424.85352,-150.101151,658.010803
-1268,-151,682,-1267.86035,-150.10112,681.009827
-299,-400,-6683,-299.631348,-399.097198,-6682.22461
1,-400,-6603,0.744454026,-399.096222,-6602.0332
-1163,-31,-1670,-1162.30176,-30.0895271,-1670.71582
257,-200,-222,256.70816,-199.085999,-222.956467
966,-200,-435,965.708313,-199.084686,-435.956512
-1002,212,141,-1002.10052,212.915787,141.994934
-708,-444,-7034,-708.964539,-443.078186,-7033.73633
-384,-474,-8235,-384.438995,-473.070892,-8235.89844
2,-497,-6703,2.917521,-496.070526,-6703.39746
65,-212,-3989,64.0676575,-211.065247,-3989.36157
-235,-570,-6839,-234.829468,-569.064026,-6838.01465
224,420,-6399,224.862595,420.938263,-6398.49414
-1307,53,-1560,-1307.37732,53.957077,-1560.92603
291,-51,6404,291.763641,-50.037487,6404.64551
76,-51,6667,76.7709427,-50.0340385,6667.63672
331,-84,1148,331.789886,-83.0313339,1148.61316
-81,51,-6732,-81.9728012,51.977356,-6732.23145
1,-400,-6603,1.04382777,-399.015472,-6602.00098
76,-51,6667,76.7652206,-50.0128441,6667.64355
598,-188,654,597.586975,-187.012436,653.089294
-984,156,78,-983.156555,156.989395,78.5372086
-430,-133,-4972,-430.822754,-132.009888,-4971.43164
-341,-118,-6300,-341.983887,-117.006721,-6300.17871
-118,-221,-5093,-118.250832,-220.00325,-5092.03223
-723,585,-6420,-723.79187,585.997314,-6420.61035
963,-109,563,963.262817,-108.001038,562.035156
601,-38,6354,600.226929,-37.0001488,6354.63428
25,-51,7060,25.6688652,-49.9901314,7059.25684
283,-51,7301,283.664703,-49.9861717,7300.25293
-310,-511,-6804,-309.373962,-509.981873,-6804.77979
-1297,-38,-845,-1296.2854,-36.9805527,-844.300476
286,-229,1746,286.619385,-227.98024,1745.21497
2,-497,-6703,1.81854069,-495.975891,-6702.0166
-699,15,-4152,-698.808289,16.0322037,-4151.01855
422,-408,1826,421.648773,-406.966797,1826.93628
106,-408,1710,105.656654,-406.960388,1710.93921
-384,-474,-8235,-384.542725,-472.959412,-8235.83984
-341,-118,-6300,-341.783478,-116.949104,-6300.62109
366,-138,674,366.754791,-136.942642,673.344055
331,-84,1148,331.146118,-82.9397888,1147.01074
816,-359,985,816.925598,-357.916748,984.621521
-272,-496,-6797,-271.964722,-494.897644,-6796.00098
95,-142,-7212,94.8473587,-140.883514,-7211.01172
-1676,-39,-1167,-1676.47961,-37.8824768,-1166.12256
-1036,87,-2489,-1036.53711,88.1182938,-2489.84351
-273,-15,-6759,-272.256256,-13.8772936,-6758.33154
2,-497,-6703,2.92249537,-495.87265,-6703.38574
816,-359,985,816.776611,-357.867096,985.629883
-957,77,-2536,-957.553772,78.1380997,-2536.83252
-259,-150,-6409,-259.042267,-148.854141,-6408.00098
-185,-150,-6407,-185.042267,-148.854141,-6406.00098
816,-359,985,815.210144,-357.849915,984.386719
-201,246,-356,-201.061401,247.151566,-355.001892
-299,-400,-6683,-299.247223,-398.842438,-6682.03125
818,90,16,818.777222,91.1607437,16.6292229
-1036,87,-2489,-1035.51904,88.1642532,-2488.12329
77,-438,-6668,76.3619843,-436.834167,-6668.77002
-957,77,-2536,-956.835266,78.1730652,-2535.01367
-1289,-12,-831,-1289.24341,-10.8239527,-831.96991
818,90,16,817.066345,91.1767731,16.3581505
-1149,11,-895,-1148.32031,12.1783066,-895.733459
331,-84,1148,330.852997,-82.8183212,1148.98914
818,90,16,817.202698,91.1866302,15.3964205
-111,-110,-6405,-110.74469,-108.794861,-6404.0332
117,65,3008,117.261337,66.21138,3007.03491
-752,-294,-8318,-752.700195,-292.776672,-8318.71387
-1276,-39,-1726,-1275.26526,-37.7683754,-1726.67834
-1276,-39,-1726,-1275.29114,-37.7632065,-1726.70532
427,-79,-7084,426.867737,-77.7627335,-7083.00879
-113,-114,-6300,-112.169907,-112.744797,-6300.55762
816,-359,985,815.074097,-357.74118,985.377747
816,-359,985,815.867188,-357.740692,985.991089
-1101,-58,-3091,-1100.47742,-56.7319794,-3090.14746
-1798,-31,-1260,-1798.9364,-29.7143612,-1260.35083
108,-62,716,107.744461,-60.7040291,715.033203
-558,205,-37,-557.000916,206.305176,-37.0425262
-1094,126,-194,-1094.58301,127.306351,-193.187546
-616,166,-7225,-615.472595,167.336853,-7225.84961
82,71,673,81.7555847,72.3389587,672.030334
818,90,16,818.13385,91.3413391,15.0089989
-1094,126,-194,-1093.46704,127.343063,-193.15387
-1036,87,-2489,-1036.61365,88.3534317,-2489.78955
-569,564,-6643,-569.644653,565.364807,-6642.23584
736,-509,-7188,736.733948,-507.61676,-7187.3208
-1812,143,-1242,-1811.81274,144.400833,-1242.9823
38,-443,-6628,38.9870872,-441.59903,-6628.16016
736,-509,-7188,736.910217,-507.577515,-7187.58594
522,-509,-6704,522.910156,-507.575439,-6703.58594
884,-507,614,883.366577,-505.573669,613.226196
39,-423,-6660,39.9776993,-421.569366,-6660.20996
-237,-239,-7339,-236.959686,-237.569275,-7338.00098
963,-109,563,962.775574,-107.567177,563.974487
-1307,53,-1560,-1306.00293,54.4390526,-1560.07605
-234,12,-6748,-233.160248,13.4437513,-6748.54297
-1289,-12,-831,-1288.28296,-10.5547829,-830.302979
-833,479,-6972,-833.628784,480.459045,-6971.22266
-494,58,-4130,-493.755829,59.4624557,-4130.96973
-235,-570,-6839,-234.860992,-568.532349,-6838.00977
-1036,87,-2489,-1035.60974,88.4682236,-2488.07935
-369,-296,-7403,-368.629211,-294.531311,-7402.07129
-1263,62,-1713,-1262.03003,63.4781952,-1712.75684
620,-172,991,619.041016,-170.513077,991.283386
-493,86,-3690,-492.867737,87.4883194,-3690.99121
-1154,143,-1691,-1153.50977,144.488556,-1691.87158
-799,59,-3684,-798.648804,60.4896317,-3684.93628
-1036,87,-2489,-1035.12256,88.491333,-2488.52051
426,-292,954,425.567993,-290.508026,954.901855
-1143,11,-1676,-1143.94617,12.49545,-1675.67639
-494,58,-4130,-493.798523,59.4957924,-4130.97949
-1218,100,-1713,-1218.75098,101.499298,-1713.66016
-1159,83,-911,-1158.13513,84.5003204,-910.498047
-235,-570,-6839,-235.928085,-568.499329,-6839.37207
-799,59,-3684,-799.1073,60.5088692,-3683.00586
-930,58,-2521,-930.997009,59.5102654,-2521.0769
-1159,-31,-876,-1158.34717,-29.4893913,-876.757446
-1138,83,-1695,-1138.79138,84.5274734,-1695.61121
585,120,1457,585.788269,121.529633,1457.61523
-600,-509,-8097,-600.678101,-507.458923,-8097.73486
-629,-9,-4179,-628.703674,-7.45866537,-4178.04492
342,-172,1768,342.645447,-170.452423,1767.23621
-1820,101,-1222,-1819.75879,102.571541,-1222.97046
-919,48,-2570,-919.997009,49.5893936,-2570.0769
2,-497,-6703,1.88327336,-495.385223,-6702.00684
20,255,-6395,20.7086315,256.615173,-6395.70557
385,-42,643,385.759796,-40.3821564,642.349854
331,-84,1148,330.081329,-82.3808899,1148.39502
-1579,-73,-1141,-1579.3623,-71.3591385,-1141.93201
224,420,-6399,224.64502,421.645691,-6399.76416
426,-292,954,426.106781,-290.352631,953.005737
342,-172,1768,341.081299,-170.351379,1768.3949
-1676,-39,-1167,-1676.50195,-37.3491402,-1166.13513
-1329,19,-1582,-1328.00488,20.6522045,-1581.90137
-2,-16,-6685,-2.97096014,-14.345356,-6685.23877
585,120,1457,584.067993,121.663116,1457.36243
-911,23,-3712,-911.115234,24.6831093,-3711.00684
-310,-511,-6804,-310.042267,-509.284607,-6803.00098
-1154,143,-1691,-1153.93958,144.719711,-1690.00183
-1094,126,-194,-1093.93762,127.730522,-194.998047
660,-109,599,659.823242,-107.26104,599.984253
585,120,1457,584.207153,121.74234,1456.39062
-1138,16,-1006,-1137.95593,17.745306,-1005.00098
-1052,72,-255,-1051.39062,73.7544327,-254.207123
-558,205,-37,-558.963623,206.769974,-36.7327385
-917,41,-2536,-917.991211,42.7803001,-2535.86792
113,-192,876,112.63073,-190.214417,876.929321
-481,16,-4163,-480.958679,17.7975655,-4162.00098
-699,15,-4152,-698.603394,16.8530655,-4152.91797
-1138,83,-1695,-1137.50977,84.8688736,-1694.12842
660,-109,599,659.937561,-107.124802,599.998047
-1101,-58,-3091,-1101.11523,-56.1217537,-3091.99316
585,120,1457,585.123779,121.887871,1456.00769
-558,205,-37,-557.020325,206.891281,-37.2005234
-649,126,-497,-649.999207,127.904533,-496.960693
963,-109,563,962.595703,-107.091629,562.085388
1115,-626,566,1115.04199,-624.088135,565.000916
1054,-626,565,1054.03906,-624.087952,564.000793
565,-229,969,565.63324,-227.086365,968.226074
-1002,212,141,-1001.19946,213.914505,141.599243
931,-478,565,930.609497,-476.079987,565.920593
-1101,-58,-3091,-1100.45801,-56.0794258,-3090.15967
-1350,-73,-1769,-1349.95874,-71.0768967,-1768.00085
-717,149,41,-717.512695,150.927658,41.8585472
391,-119,-6960,391.451202,-117.044785,-6960.89209
135,-57,1462,134.119476,-55.0212479,1462.474
-41,-531,-6739,-40.0208473,-529.009033,-6739.20312
-1152,101,-1712,-1151.95996,102.995941,-1711.00085
-201,246,-356,-200.820709,248.008865,-355.016205
963,-109,563,963.098633,-106.986954,562.004883
-1167,143,-897,-1166.255,145.024261,-896.332947
-1840,26,-1260,-1839.44446,28.0249119,-1259.16858
-919,48,-2570,-918.911743,50.0301132,-2569.00391
447,-105,354,446.076111,-102.956253,353.61734
-1266,-68,-1745,-1266.24316,-65.9494705,-1744.03003
135,-57,1462,135.754517,-54.9370232,1461.34375
-1321,163,-3066,-1321.99805,165.109131,-3065.93774
-1350,-73,-1769,-1349.18018,-70.885788,-1769.57251
-242,189,-294,-242.78746,191.114975,-294.616364
-1078,51,-1755,-1077.75879,53.1189079,-1755.97034
-1247,206,2623,-1246.12305,208.130753,2622.51953
77,-438,-6668,77.0091476,-435.868927,-6667.00049
207,-71,681,206.172546,-68.8635864,680.438477
-781,239,151,-781.041992,241.148788,151.9991
-1502,195,2696,-1502.88635,197.15065,2696.46289
-1180,101,-913,-1179.28284,103.157616,-912.303101
20,255,-6395,20.948595,257.158081,-6394.68359
-1276,-39,-1726,-1276.24414,-36.8117294,-1725.03027
-783,106,3138,-782.34668,108.270607,3137.24292
-833,479,-6972,-833.970825,481.273712,-6971.76025
113,-192,876,113.250313,-189.723282,875.03186
-1191,106,2780,-1190.33997,108.284332,2779.24878
-271,-516,-6764,-271.990845,-513.687866,-6764.13477
732,-169,582,732.243774,-166.664627,582.969788
-1819,11,-1259,-1818.42578,13.3511868,-1258.1814
172,24,671,172.663696,26.3585091,671.747986
-1579,-73,-1141,-1579.64502,-70.6365051,-1140.23584
585,120,1457,585.931519,122.376106,1456.63635
-699,15,-4152,-698.703674,17.3947849,-4152.95508
516,45,5011,516.89093,47.3961258,5010.5459
501,45,4981,501.893768,47.3975258,4980.55176
-1829,83,-1242,-1829.04407,85.401123,-1242.99902
82,71,673,82.0424271,73.4052658,673.999084
-1001,23,-1721,-1000.73676,25.4178829,-1721.96472
407,-265,1865,407.62619,-262.58017,1864.22034
82,71,673,81.9558182,73.4230194,673.999023
39,-423,-6660,38.9558182,-420.57486,-6659.00098
-1138,26,-912,-1138.99902,28.4904022,-911.955872
-1101,-58,-3091,-1100.82397,-55.4953003,-3091.98438
-250,-265,-7245,-249.748184,-262.458252,-7245.96777
-1078,51,-1755,-1078.52637,53.5617523,-1754.14978
-1271,66,-837,-1271.06128,68.5715866,-837.998108
540,-385,983,539.32074,-382.425659,983.733887
-1289,-12,-831,-1289.24341,-9.4240799,-831.96991
135,-57,1462,135.845444,-54.4161835,1461.46594
-261,-47,-6768,-261.042267,-44.4138756,-6767.00098
426,-292,954,425.476349,-289.406006,954.851868
-717,149,41,-716.345764,151.618256,40.2437096
-43,137,-4836,-42.000103,139.634415,-4835.98584
556,710,-6603,556.405029,712.652527,-6602.08594
-1579,-73,-1141,-1579.83179,-70.3441238,-1140.44495
113,-192,876,112.665123,-189.325531,876.942261
540,-385,983,539.41333,-382.32373,983.809814
-1143,11,-1676,-1142.2655,13.6780901,-1676.67859
-250,-265,-7245,-249.744461,-262.291016,-7245.9668
-51,106,-6300,-50.0000877,108.711487,-6299.98682
-59,106,-5876,-58.0000877,108.713287,-5875.98682
-380,391,-6581,-380.999023,393.729095,-6581.04395
-1167,143,-897,-1167.13086,145.729187,-897.991394
370,-349,975,369.936584,-346.26947,974.002014
660,-109,599,659.609802,-106.265129,598.079285
-201,246,-356,-201.774612,248.742493,-356.632416
553,-336,282,552.01062,-333.256439,281.854675
501,45,4981,501.88681,47.7445869,4980.53809
342,-172,1768,342.754944,-169.253616,1767.34424
-1154,143,-1691,-1153.38477,145.763702,-1691.78833
135,-57,1462,134.10228,-54.2338219,1462.44055
-51,106,-6300,-50.0000839,108.767632,-6299.9873
634,-304,1069,634.424011,-301.230225,1068.09436
-43,137,-4836,-42.0010109,139.781906,-4836.04492
-1361,-72,-808,-1360.15662,-69.2176895,-807.462708
113,-192,876,113.116249,-189.202454,875.006836
931,-478,565,930.441467,-475.182159,564.170532
-1829,83,-1242,-1829.23926,85.8278732,-1242.97095
-182,-559,-7276,-182.999054,-556.169739,-7276.04346
-493,86,-3690,-492.961761,88.8412857,-3689.00073
620,-172,991,619.078857,-169.131271,991.389221
-1550,206,2520,-1550.97034,208.87471,2520.24121
-1094,126,-194,-1093.88098,128.874725,-194.992889
-403,106,-6300,-403.997925,108.895905,-6300.06299
-395,106,-6427,-395.997955,108.897652,-6427.06348
-1812,143,-1242,-1812.78857,145.906784,-1241.38513
-1812,143,-1242,-1812.6969,145.921326,-1241.28284
-1167,143,-897,-1167.27625,145.96579,-897.96106
-1362,-51,-789,-1361.90076,-48.0183372,-789.995056
-1466,106,288,-1466.91663,108.984581,287.600281
-1149,11,-895,-1149.995,13.9873705,-894.900391
-1454,134,2871,-1454.8335,137.022491,2871.55249
385,-42,643,384.119904,-38.9644699,643.474792
172,24,671,171.17659,27.0504036,670.432556
-402,430,-6670,-402.996979,433.063293,-6669.92236
-293,-42,-6767,-293.042267,-38.9364395,-6766.00098
620,-172,991,620.658447,-168.92334,990.247375
-11,-15,-6652,-11.9678469,-11.9144039,-6652.25146
-1218,100,-1713,-1218.849,103.11393,-1713.52832
-883,-13,-3126,-883.097778,-9.8671875,-3126.99512
-781,239,151,-780.708008,242.139191,150.043594
-1111,376,-1677,-1110.02515,379.151886,-1676.77722
-272,-496,-6797,-272.981689,-492.840118,-6797.19043
385,-42,643,384.102844,-38.835186,643.441711
-191,-604,-6876,-191.999054,-600.825745,-6876.04297
-625,-509,-7489,-625.97467,-505.820343,-7488.77637
-1593,176,1792,-1593.9989,179.236084,1791.95508
-811,-84,-4197,-810.679565,-80.7438126,-4196.05273
-403,106,-6300,-403.986694,109.308975,-6300.16211
489,-424,1004,488.706024,-420.680756,1003.04419
-1350,-73,-1769,-1349.08191,-69.6637573,-1769.39636
-403,106,-6300,-403.997925,109.370667,-6300.06348
440,-162,413,439.053009,-158.626266,412.678741
-428,106,-5927,-428.997925,109.38398,-5927.06348
-1107,151,-2442,-1107.79431,154.391159,-2441.39258
-1271,66,-837,-1270.16541,69.4066849,-836.449158
-1138,83,-1695,-1137.3656,86.4176788,-1694.22705
-1127,376,-918,-1126.16541,379.431702,-918.550842
-1819,11,-1259,-1819.91455,14.4460573,-1259.4043
-708,-444,-7034,-708.994019,-440.541565,-7034.1084
-1924,16,-1208,-1924.08752,19.4613476,-1208.99609
-92,58,-6703,-91.6366196,61.4639397,-6703.93164
172,24,671,172.680588,27.4849129,671.732666
-892,165,-2865,-891.302002,168.517593,-2865.71606
342,-172,1768,341.03952,-168.471649,1768.27832
-1333,-90,-1777,-1333.06055,-86.4122772,-1776.00195
135,-57,1462,134.172546,-53.4019814,1462.56152
-1159,83,-911,-1159.99915,86.6028824,-910.958679
-833,106,-4388,-833.884766,109.630478,-4388.46582
447,-105,354,447.49353,-101.350998,354.86972
-902,166,-3804,-902.998962,169.661179,-3804.04419
-1589,-90,-1128,-1589.22266,-86.329567,-1128.97485
811,869,-7120,811.924561,872.702637,-7119.61914
1115,-626,566,1114.7605,-622.297302,566.970886
963,-109,563,962.824951,-105.27845,563.984558
-1321,163,-3066,-1321.99902,166.734909,-3065.95605
-1109,-38,-824,-1109.86389,-34.2621689,-823.496338
-1120,147,-1219,-1119.01746,150.768967,-1218.81409
-1466,106,288,-1466.99805,109.793968,287.937561
113,-192,876,112.745384,-188.199829,876.967041
423,-265,1889,423.835266,-261.150604,1888.4502
407,-265,1865,407.835236,-261.14975,1864.4502
-874,-78,-4171,-873.65918,-74.1354141,-4170.06006
-1758,-38,-1344,-1757.13123,-34.1300278,-1343.50488
-163,-434,-7405,-163.605164,-430.126007,-7404.2041
796,-215,582,795.441467,-211.118454,581.170532
685,-265,1088,684.003906,-261.113983,1088.08765
-1307,53,-1560,-1307.61328,56.8881187,-1560.78979
-1362,-51,-789,-1361.11609,-47.1049423,-788.532349
-59,106,-5876,-58.0000839,109.905106,-5876.0127
-1301,161,-2710,-1301.8186,164.918152,-2709.42578
-783,106,3138,-783.261719,109.924606,3137.03491
-1109,-38,-824,-1109.8833,-34.0729866,-823.53125
-1550,206,2520,-1550.98425,209.93634,2520.17627
-919,48,-2570,-918.802734,51.9753838,-2569.01978
-1829,83,-1242,-1828.44165,87.0546341,-1241.17041
-1159,83,-911,-1158.07397,87.0725861,-910.622559
-1301,161,-2710,-1301.84473,165.074844,-2709.46484
685,-265,1088,684.021301,-260.906464,1088.2052
796,-215,582,795.754883,-210.902557,582.969482
426,-292,954,425.957245,-287.882538,953.000916
-1303,181,2465,-1302.05371,185.152969,2464.67676
-467,106,-5216,-467.998993,110.191505,-5216.04443
-473,106,-5005,-473.998993,110.192856,-5005.04443
253,127,3044,253.398819,131.200531,3043.08301
-1606,106,2155,-1606.99707,110.280197,2154.92358
-1594,106,1976,-1594.99805,110.293076,1975.93762
-1502,195,2696,-1502.98816,199.32196,2696.15332
-428,106,-5927,-428.996918,110.322662,-5927.07764
-92,58,-6703,-91.081749,62.3939209,-6702.604
-51,106,-6300,-50.0000877,110.419891,-6299.98682
-49,106,-6403,-48.0000839,110.424591,-6402.9873
-1502,195,2696,-1502.97046,199.425278,2696.24121
-59,106,-5876,-58.0010109,110.435966,-5876.04492
-473,106,-5005,-473.995026,110.444939,-5005.09961
-634,144,-2599,-633.520508,148.447189,-2598.12256
-1466,106,288,-1466.99902,110.448219,287.955841
-1478,106,628,-1478.99902,110.448219,627.955872
-1138,16,-1006,-1137.09436,20.4495182,-1005.57599
-1101,-58,-3091,-1101.12341,-53.4775505,-3091.99219
-234,12,-6748,-234.180237,16.5487003,-6747.0166
-1737,-64,-1317,-1737.86438,-59.4150047,-1316.49719
-1055,146,-1538,-1054.11572,150.599045,-1537.53308
540,-385,983,539.771667,-380.389771,982.026428
-377,-316,-7263,-376.538727,-311.389496,-7263.88721
-1109,-38,-824,-1109.04407,-33.3760376,-824.999023
741,-269,634,740.365234,-264.346497,633.227356
-1758,-38,-1344,-1758.85242,-33.3453407,-1343.47717
557,-297,228,556.030151,-292.33847,227.756302
1115,-626,566,1114.63574,-621.306702,565.068726
-201,246,-356,-201.721054,250.698212,-356.692841
-1362,-51,-789,-1362.08728,-46.2928886,-789.996155
-1606,106,2155,-1606.99109,110.717918,2155.13232
-1835,376,-1238,-1835.04297,380.749146,-1237.00098
-1469,189,1532,-1469.93652,193.756012,1531.64941
-1078,51,-1755,-1078.81873,55.7633667,-1755.5741
1115,-626,566,1114.63574,-621.184265,565.068726
-1015,147,-915,-1014.06799,151.828857,-915.362427
-403,106,-6300,-403.995972,110.836403,-6300.08936
-402,430,-6670,-402.691956,434.879303,-6669.27832
-1120,147,-1219,-1119.02039,151.900681,-1218.79919
931,-478,565,930.649414,-473.061829,565.936523
-902,166,-3804,-902.905151,170.941681,-3803.57495
1022,-679,533,1022.92578,-674.057739,532.621948
-737,141,-621,-737.042969,145.959381,-621.999023
-1758,-38,-1344,-1757.15466,-33.033947,-1343.46582
-902,166,-3804,-902.999084,171.04686,-3803.95728
-618,72,-430,-618.999084,77.0483093,-430.042267
-56,122,-5092,-55.0010109,127.063042,-5091.95508
-874,-78,-4171,-873.586914,-72.9308014,-4171.91064
796,-215,582,795.635864,-209.91568,582.931335
-551,167,-3393,-550.412109,172.087097,-3392.19116
447,-105,354,447.556946,-99.7899246,354.830536
557,-297,228,557.370117,-291.752899,228.92894
875,-399,994,874.074036,-393.697723,994.377563
852,-399,938,851.074341,-393.688446,938.378357
-1120,147,-1219,-1119.05383,152.311981,-1219.32361
-1015,147,-915,-1014.28333,152.314636,-915.697388
-1015,147,-915,-1014.05353,152.321915,-915.322632
-874,-78,-4171,-873.594482,-72.6603928,-4171.91406
-1055,146,-1538,-1054.06311,151.353836,-1537.65039
-1247,206,2623,-1246.05371,211.354492,2622.67676
-892,165,-2865,-891.221741,170.395538,-2865.62793
-910,165,-3467,-910.702393,170.43483,-3467.71167
-1924,16,-1208,-1923.92358,21.4582958,-1208.99707
412,-20,2276,412.319305,-14.512599,2275.05249
-1708,66,-1182,-1707.95605,71.5773697,-1182.99902
-238,-7,-6782,-238.851379,-1.33692765,-6781.47559
-171,-531,-7458,-171.995972,-525.324341,-7458.08936
-1708,66,-1182,-1708.82959,71.7229156,-1181.44165
-1359,106,1256,-1359.99915,111.725227,1256.03845
-1363,106,1071,-1363.99902,111.728249,1071.04272
-43,137,-4836,-42.0209503,142.770096,-4836.20361
685,-265,1088,685.48938,-259.203888,1087.12793
-486,106,-4582,-486.487366,111.815544,-4582.87305
-833,106,-4388,-833.480469,111.834747,-4388.87695
770,39,9,770.794312,44.8454552,9.60750771
-1478,106,628,-1478.99915,111.861954,628.039062
-833,106,-4388,-833.863647,111.862427,-4388.50391
-833,106,-4388,-833.501953,111.864555,-4388.86475
-1016,106,-4068,-1016.87628,111.871544,-4068.48145
253,200,3116,253.980789,205.881744,3116.19507
-1594,106,1976,-1594.99707,111.932701,1975.92358
-1271,66,-837,-1271.06128,72.0563812,-837.998108
-526,371,-6352,-526.58667,377.066864,-6352.80957
788,39,54,788.134583,45.1070976,53.0090981
837,39,61,837.13385,45.1088066,60.0089989
253,129,2998,252.891907,135.190384,2998.99414
-737,141,-621,-737.042969,147.201736,-621.999023
-1087,-47,-1576,-1086.42603,-40.7342873,-1576.81885
-70,106,-5348,-69.0000992,112.295807,-5347.98633
-59,106,-5876,-58.0001106,112.308212,-5875.98535
-473,106,-5005,-473.998962,112.322571,-5005.04443
-486,106,-4582,-486.999023,112.332115,-4582.04395
-1741,31,-1177,-1740.92358,37.3406754,-1177.99707
557,-297,228,557.442444,-290.574188,228.89679
-504,164,-4150,-503.798553,170.438141,-4149.02051
779,-399,1033,779.131104,-392.495911,1032.00867
-1191,106,2780,-1190.34082,112.578003,2779.24805
848,39,-23,847.06604,45.6184807,-22.6426239
866,39,23,865.066284,45.6221275,23.3579445
-1259,31,-868,-1258.16931,37.6817284,-867.443298
-1469,189,1532,-1469.95117,195.718704,1531.69141
-344,-513,-7185,-344.539612,-506.277649,-7185.8418
391,-119,-6960,391.398682,-112.237114,-6960.91699
-919,145,-1895,-918.596375,151.768753,-1895.91492
866,39,23,865.199463,45.7700005,22.4007187
837,39,61,836.199524,45.7747879,60.4006386
-1835,376,-1238,-1835.88318,382.782288,-1238.46875
-649,126,-497,-649.960144,132.802383,-496.72052
-1321,163,-3066,-1321.71582,169.827362,-3066.69824
756,-399,977,756.780457,-392.136261,977.625
793,-399,930,793.780518,-392.136261,930.625
866,39,23,865.217957,45.9084702,22.3767776
800,39,-29,799.87207,45.9125938,-28.0082169
371,173,2475,371.982819,179.914139,2475.18457
-1138,16,-1006,-1137.24719,22.9370766,-1005.3418
-1466,106,288,-1466.88623,112.968918,287.536774
-1307,106,-10,-1307.87793,112.984444,-10.4787874
-1247,206,2623,-1246.04871,213.061462,2622.69189
-1175,132,-141,-1175.68567,139.111847,-141.727905
-171,-531,-7458,-171.390717,-523.723694,-7457.07959
-460,106,-5427,-460.998962,113.29319,-5427.04443
-467,106,-5216,-467.999054,113.300285,-5216.04346
-1270,66,-1722,-1269.73718,73.4338074,-1721.03516
756,-399,977,756.927979,-391.5065,976.62738
-116,-355,-7357,-116.644104,-347.502594,-7356.23535
-1078,51,-1755,-1078.46765,58.5052757,-1754.11609
-1593,176,1792,-1593.99707,183.533554,1791.92358
350,-69,2618,350.341583,-61.4319801,2617.0603
371,173,2475,371.979736,180.646835,2475.2002
-1015,147,-915,-1014.26538,154.665894,-915.678467
-92,58,-6703,-91.0875473,65.7137299,-6702.59082
-1143,-64,-820,-1143.04297,-56.222496,-820.999023
-1708,66,-1182,-1708.84436,73.800415,-1181.46423
-234,12,-6748,-234.13089,19.8663864,-6747.00879
-1469,189,1532,-1469.90515,197.002106,1531.57495
-1148,-64,-1614,-1147.3009,-55.9819946,-1614.71497
-526,371,-6352,-526.680786,379.064728,-6352.73242
360,-73,2566,359.656677,-64.8583221,2566.93921
371,173,2475,371.981018,181.161438,2475.19385
-1469,189,1532,-1469.84985,197.204178,1531.47302
-56,122,-5092,-55.0010338,130.214554,-5092.04541
-1578,177,2338,-1578.9823,185.342117,2338.18726
-467,106,-5216,-467.999023,114.489777,-5215.95605
-1303,181,2465,-1302.00574,189.49678,2464.89307
848,39,-23,847.075073,47.5216713,-22.6198559
-2,-16,-6685,-2.18562794,-7.47115469,-6684.01758
-467,106,-5216,-467.999054,114.57692,-5216.04297
-1007,-90,-1751,-1006.75879,-81.3545914,-1750.02954
-514,224,-3692,-513.004822,232.713272,-3691.9021
426,21,4982,425.780396,29.7176018,4982.97559
526,40,1449,526.931335,48.9472084,1448.63586
548,40,1505,548.929749,48.9567299,1504.63184
0,143,-6599,0.937713325,151.95697,-6598.65283
-460,106,-5427,-460.997925,115.335098,-5427.06348
-428,106,-5927,-428.997925,115.374779,-5927.06348
-1149,11,-895,-1149.9054,20.3945446,-894.575439
-2,-16,-6685,-2.23172808,-6.3387084,-6684.02734
-686,166,-3942,-685.282288,175.674713,-3941.30371
572,22,4994,571.660034,31.6799698,4993.05957
-327,222,-187,-326.024963,231.7258,-186.777969
-1303,181,2465,-1302.01843,190.747818,2464.80908
-1269,197,1787,-1268.09558,206.804901,1787.42664
800,39,-29,799.87207,48.8581963,-28.0082169
848,39,-23,847.87207,48.8597031,-22.0082169
98,-236,-7072,98.4472046,-226.08812,-7072.89404
-1454,106,853,-1454.94006,116.073616,853.340759
-919,145,-1895,-918.6875,155.223511,-1895.94983
-1016,106,-4068,-1016.88397,116.338631,-4067.53247
562,40,1402,562.780579,50.4654732,1402.625
-1336,177,2298,-1335.00391,187.517639,2297.91187
-338,-483,-7557,-337.527649,-472.277618,-7556.11865
-1478,106,628,-1478.99512,116.758301,628.097656
-1454,106,853,-1454.995,116.759201,853.099182
837,39,61,837.132812,49.8369331,60.0088615
-892,165,-2865,-891.000977,175.882751,-2865.04297
-1120,-88,-1055,-1119.12732,-76.9396896,-1054.51172
526,40,1449,526.925476,51.1361389,1448.62122
-1363,106,1071,-1363.92053,117.194092,1071.3905
-1454,106,853,-1454.92749,117.232925,853.37384
838,-399,1041,837.210144,-387.630951,1040.38672
852,-399,938,851.860352,-387.550812,938.990173
770,39,9,770.783447,50.622776,9.62145615
800,39,-29,800.780518,50.623764,-28.3748932
-514,224,-3692,-513.015442,235.989304,-3691.82495
-1200,-42,-1983,-1200.94116,-29.9547501,-1983.33789
-100,25,-6698,-99.5957718,37.0694084,-6698.91455
489,147,1833,489.524811,159.085144,1833.8512
-1363,106,1071,-1363.99902,118.107758,1071.04321
608,40,1513,608.138306,52.1423836,1512.00964
548,40,1505,548.130859,52.1465569,1504.00867
-1240,31,-1735,-1239.75879,43.1552582,-1734.02954
-892,165,-2865,-891.000977,177.157059,-2865.04297
-892,165,-3137,-891.000977,177.157059,-3137.04297
770,39,9,770.928589,51.2556229,8.62889004
788,39,54,788.92926,51.2601204,53.6306534
788,39,54,788.92926,51.2601204,53.6306534
-1578,177,2338,-1578.95862,189.652527,2338.28418
-355,310,-6491,-355.977692,322.707123,-6491.20996
-1269,197,1787,-1268.08984,209.963287,1787.41418
368,-146,1101,367.852997,-132.888809,1101.98914
-338,-483,-7557,-338.528595,-469.799927,-7556.15137
-1286,106,-2005,-1286.65137,119.279381,-2005.75867
-180,106,-619,-180.200531,119.470894,-619.979675
422,-24,2224,421.650055,-10.4109097,2224.93677
562,40,1402,561.860596,54.3019447,1402.99023
622,40,1410,621.867188,54.3082008,1410.99109
-1357,117,1962,-1356.00195,131.404541,1962.06091
-1357,117,1962,-1356.07422,131.659744,1962.37793
608,40,1513,607.207703,54.6895065,1512.38989
838,-399,1041,838.138428,-384.306305,1040.00964
779,-399,1033,779.131348,-384.304932,1032.00867
309,-146,1092,308.846954,-131.296249,1092.98816
368,-146,1101,367.847382,-131.296249,1101.98828
-1336,177,2298,-1335.0116,191.84256,2297.84839
793,-399,930,793.78833,-384.067352,930.615234
838,-399,1041,837.210144,-383.963623,1040.38672
875,-399,994,874.210144,-383.960876,993.386719
369,8,4969,368.780396,23.0502357,4969.97559
516,45,5011,515.65918,60.1629753,5010.06006
793,-399,930,792.860352,-383.761871,930.990173
852,-399,938,851.86731,-383.759827,938.99115
295,-146,1195,295.131317,-130.632523,1194.00867
548,40,1505,548.131226,55.4316788,1504.00867
756,-399,977,756.925598,-383.549988,976.621521
779,-399,1033,779.925415,-383.541077,1032.62109
-1069,-97,-1752,-1068.34009,-81.4932938,-1752.75134
875,-399,994,874.074402,-383.398956,994.378479
-1270,66,-1722,-1269.23547,81.9556274,-1722.64453
-504,-472,-7281,-503.511536,-455.626648,-7281.87256
-1283,214,-372,-1283.90991,230.56514,-371.585205
562,40,1402,562.78833,57.2685509,1402.61523
526,40,1449,526.784485,57.2767754,1449.62012
-686,166,-3942,-685.248657,183.370499,-3941.34009
368,-146,1101,367.079041,-128.399185,1101.38965
391,-146,1156,390.081177,-128.393463,1156.39465
-170,-284,-7396,-170.663605,-266.065704,-7395.25195
272,-146,1140,272.928497,-127.577377,1139.62866
-514,224,-3692,-513.154968,242.43811,-3692.53467
391,-146,1156,390.069244,-127.444618,1156.3656
354,-146,1204,353.208649,-126.80703,1203.38867
-1270,66,-1722,-1269.3197,85.3413849,-1722.73291
-1368,106,2131,-1367.00488,125.363686,2131.09839
-501,-457,-7467,-500.527649,-437.520477,-7466.11865
-501,-457,-7467,-500.000885,-437.068665,-7466.95801
-344,-513,-7185,-344.410858,-491.78241,-7185.91162
391,-146,1156,390.20285,-124.671516,1155.39624
354,-146,1204,353.202759,-124.671516,1203.39636
542,23,4912,541.923523,44.5126839,4912.99707
309,-146,1092,309.788239,-124.186134,1092.61536
138,8,2180,138.341644,29.8828468,2179.0603
-1819,11,-1259,-1818.1925,33.1818657,-1258.41016
-504,-472,-7281,-503.511536,-449.699677,-7281.87256
-293,-42,-6767,-292.000885,-19.236927,-6767.04199
-246,-23,-6798,-246.851303,-0.0889721438,-6797.47559
-501,-457,-7467,-500.000885,-433.978027,-7466.95801
148,-35,6239,147.222916,-11.9189711,6238.37061
644,40,1466,643.073792,63.1005325,1466.37695
608,40,1513,607.204163,63.1168251,1512.39453
644,40,1466,643.210144,63.1314049,1465.38672
-130,-35,6578,-130.784439,-11.8145857,6577.37988
272,-146,1140,272.920441,-121.817574,1139.60913
295,-146,1195,295.920441,-121.816399,1194.60913
644,40,1466,643.068054,64.6706848,1466.36255
622,40,1410,621.067993,64.6802063,1410.36243
138,8,2180,138.319702,33.3188553,2179.05249
-1158,-97,-1013,-1158.0752,-71.3984604,-1013.99713
622,40,1410,621.853821,65.6643143,1410.98926
441,-4,4927,441.138977,21.9643364,4927.99023
-86,15,-6699,-86.0425262,42.6653671,-6698.00098
-1106,106,1281,-1105.0116,137.794418,1280.84827
-293,-42,-6767,-292.000885,-9.30438709,-6767.04199
272,-146,1140,272.787476,-113.192978,1140.61633
309,-146,1092,309.787292,-113.191353,1092.61658
295,-146,1195,295.14505,-113.046173,1194.01062
354,-146,1204,354.145142,-113.042809,1203.01062
350,-69,2618,350.319366,-33.3148193,2617.05249
94,585,-8461,94.5839844,625.248535,-8461.81152
-184,26,-6700,-184.250732,68.1645889,-6699.03223
449,-4,4964,448.748199,38.594017,4963.03223
-1898,-97,-1178,-1898.84412,-41.461132,-1177.46387
-1922,-97,-1215,-1922.84412,-41.4388466,-1214.46387
-82,128,-6377,-81.2429199,184.378143,-6377.65332
-919,145,-1895,-918.706055,202.163071,-1895.95581
236,23,4966,236.88092,81.938446,4965.52686
-326,372,-8767,-325.257599,435.329254,-8767.66992
-752,256,-8318,-752.884216,322.224487,-8317.5332
301,-4,5045,301.759949,65.4465637,5044.3501
148,-35,6239,147.315491,40.089344,6239.729
521,457,-6700,521.169922,534.89978,-6699.01465
329,-4,5019,328.286072,76.4957809,5019.7002
221,11,4890,220.158997,98.854126,4890.54102
-7,76,6188,-6.2475872,164.317261,6187.34131
542,23,4912,542.152283,141.652008,4912.98828
-1940,-84,-1178,-1940.04297,53.0126266,-1178.99902
424,21,5016,423.835236,162.733292,5015.01367
369,8,4969,368.726654,159.995117,4969.96191
