-1339,0,-1245,-1338.81335,0.0232973322,-1244.01758
-1418,0,-1230,-1417.81274,0.0233658552,-1229.0177
-1324,0,-1478,-1324.47998,0.0244854186,-1478.8772
-1382,0,-1446,-1382.49512,0.0251693688,-1446.86877
54,149,-4008,54.1069221,149.07132,-4008.99414
-351,149,-4021,-351.042267,149.118256,-4021.99902
-252,21,-3629,-252.513626,21.1989441,-3628.14209
-53,21,-3630,-52.5258102,21.2020397,-3629.11963
98,21,-3715,98.4741898,21.2020397,-3714.11963
-206,149,-4170,-205.15036,149.203156,-4170.52734
-13,149,-3805,-12.2824755,149.207947,-3805.69653
-1,149,-3793,-0.294040293,149.207947,-3793.70825
0,149,-4119,0.821312606,149.256744,-4118.42969
51,149,-3905,50.6876221,149.261368,-3904.05005
67,149,-3900,66.6936188,149.261505,-3899.0481
-1298,0,-1355,-1297.11572,0.302818805,-1354.53308
-1271,0,-1409,-1270.11475,0.302985668,-1408.53491
-297,149,-3812,-297.644623,149.307831,-3812.7644
-310,149,-3801,-310.65271,149.307831,-3801.75757
-59,21,-4305,-58.5028725,21.3207951,-4305.86768
-491,21,-4057,-491.999054,21.381052,-4057.04297
-491,21,-3875,-491.999054,21.381052,-3875.04297
-1339,0,-1245,-1339.21411,0.387452155,-1244.02319
99,21,-4213,99.8654251,21.4100018,-4213.50098
-399,21,-4215,-399.513794,21.436018,-4215.85791
-1382,0,-1446,-1382.48022,0.486979723,-1446.87708
-351,149,-4021,-350.771362,149.536102,-4021.97339
-367,149,-4025,-366.751221,149.536102,-4025.96851
-1429,0,-1331,-1429.91492,0.542425811,-1331.40356
-75,149,-4186,-75.9586792,149.542969,-4186.28418
-80,149,-4170,-80.9587402,149.54303,-4170.28418
0,149,-4119,0.634425521,149.553528,-4118.22705
13,149,-4130,13.6325016,149.553528,-4129.22559
-59,21,-4305,-59.0425262,21.5536022,-4305.99902
-241,21,-4305,-241.042267,21.5536022,-4305.99902
-400,21,-3717,-400.524963,21.5554562,-3716.14893
51,149,-3905,50.875248,149.556824,-3904.00781
-252,21,-3629,-252.50885,21.5571308,-3628.13916
-240,132,-3768,-239.19249,132.557861,-3767.41016
-1440,0,-1440,-1440.09839,0.56252116,-1440.99512
54,149,-4008,53.7365952,149.601929,-4008.9646
70,149,-4012,69.7453842,149.602203,-4012.96704
-297,149,-3812,-297.823975,149.607498,-3812.56641
-1298,0,-1355,-1297.14978,0.609716296,-1355.52637
-1263,0,-1297,-1262.15051,0.609795332,-1297.52759
-1263,0,-1297,-1262.13855,0.611124933,-1297.50781
-491,21,-4057,-491.866547,21.6601219,-4057.49878
-241,21,-4305,-241.508743,21.6602612,-4305.86084
-399,21,-4215,-399.511749,21.6609135,-4215.85889
-1453,0,-1276,-1453.92053,0.69509232,-1276.39026
98,21,-3715,98.8653793,21.6955929,-3714.49902
-1429,0,-1331,-1429.91467,0.696559429,-1331.40417
189,21,-3873,189.862717,21.6968594,-3872.49438
-1440,0,-1440,-1440.94153,0.709528804,-1440.33691
189,21,-3873,189.858582,21.7158146,-3872.48755
-291,149,-4121,-291.861389,149.744385,-4120.49219
-1429,0,-1331,-1429.86389,0.756291687,-1330.49634
-1461,0,-1386,-1461.86414,0.757197976,-1385.49683
-1461,0,-1386,-1461.87158,0.767611265,-1385.50977
-354,149,-3918,-354.042267,149.774384,-3917.00098
-491,21,-3875,-491.999054,21.8294697,-3875.04297
-1287,0,-1233,-1287.22266,0.874707341,-1232.02515
-1339,0,-1245,-1339.22705,0.875439823,-1244.02612
-13,149,-3805,-12.1166697,149.893982,-3805.46875
190,21,-4055,190.999115,21.8956051,-4055.04199
-241,21,-4305,-240.990906,21.922493,-4305.99951
-206,149,-4170,-205.046936,149.99617,-4170.30273
-211,149,-4186,-210.046936,149.99617,-4186.30273
99,21,-4213,99.4882278,22.0048943,-4213.87256
-59,21,-4305,-58.4986343,22.0094776,-4305.86523
-291,149,-4121,-291.711975,150.063217,-4120.29785
-303,149,-4133,-303.711975,150.063217,-4132.29785
-64,128,-3769,-64.8777771,129.066879,-3768.521
-80,149,-4170,-80.8384781,150.102066,-4170.54492
-400,21,-3717,-400.861572,22.1467304,-3716.49243
-491,21,-3875,-491.87146,22.1482792,-3874.50977
-347,161,-3855,-346.024963,162.162933,-3855.22192
-400,21,-3717,-400.871674,22.1938114,-3716.51001
99,21,-4213,99.8707428,22.2035999,-4213.4917
190,21,-4055,190.858597,22.2062778,-4055.51245
98,21,-3715,98.4970932,22.2660656,-3714.13232
-1271,0,-1409,-1270.0946,1.27021289,-1408.57544
-491,21,-4057,-491.866364,22.3948269,-4057.49902
-399,21,-4215,-399.872101,22.3962498,-4215.48926
189,21,-3873,189.999115,22.5903015,-3872.95801
190,21,-4055,190.999146,22.5927849,-4054.95874
-52,21,-3594,-51.0001106,23.2732811,-3594.01465
-53,21,-3630,-52.0001068,23.2735844,-3630.0144
-370,149,-3914,-369.037842,151.342072,-3913.72754
-246,132,-3753,-246.933105,134.485046,-3753.35938
-240,132,-3768,-240.930069,134.485046,-3768.36719
-64,128,-3769,-63.0288048,131.375504,-3769.23828
-60,128,-3753,-59.0307541,131.376022,-3753.24609
-146,179,-4161,-146.231308,183.093842,-4161.97266
-137,179,-4163,-137.219391,183.095917,-4163.97559
-64,128,-3769,-63.0427666,132.196487,-3769.28931
-252,21,-3629,-252.999069,25.3604488,-3629.04297
-252,21,-3594,-252.999069,25.3604488,-3594.04297
13,178,-3855,13.9353685,182.410873,-3854.64648
16,178,-3863,16.9337559,182.411591,-3862.64209
-246,132,-3753,-246.937302,136.768433,-3753.34839
-157,255,-3439,-156.526169,259.837189,-3438.11938
16,157,-3860,16.9989223,162.665329,-3859.95361
-143,159,-4163,-143.49437,165.117111,-4163.86914
-155,179,-4167,-155.042267,185.300278,-4167.99902
-172,179,-4167,-172.042267,185.300278,-4167.99902
-318,158,-3864,-318.542297,164.543625,-3863.15991
25,178,-3868,25.8545952,185.886673,-3867.48071
34,178,-3883,34.8543587,185.888306,-3882.48047
-322,179,-3869,-322.65274,187.122162,-3868.24243
-315,179,-3863,-315.652771,187.122162,-3862.24268
-163,276,-3439,-162.797546,285.006378,-3438.02075
-154,276,-3441,-153.779419,285.008118,-3440.02466
-351,149,-4021,-351.963501,160.86116,-4021.26758
51,149,-3905,51.9660645,161.162247,-3904.7417
-240,132,-3768,-240.322235,144.924606,-3767.05347
-297,149,-3812,-297.742462,163.187729,-3811.33032
-332,161,-3863,-332.824951,175.368057,-3862.43481
-64,128,-3769,-63.7796707,142.500259,-3768.02466
16,178,-3863,16.46315,193.426437,-3862.11377
25,178,-3868,25.470192,193.426437,-3867.11768
-157,255,-3439,-157.473297,271.597931,-3438.11914
-143,159,-4163,-142.538727,176.545395,-4163.88721
-316,179,-3852,-316.86145,196.7491,-3851.49219
-307,179,-3837,-307.86142,196.7491,-3836.49219
-339,161,-4082,-338.187561,180.208038,-4081.41699
-146,276,-3435,-146.042267,295.345123,-3434.00098
-128,276,-3435,-128.042267,295.345123,-3434.00098
52,161,-4074,51.0386696,183.222275,-4073.72461
16,157,-3860,16.5101604,182.186676,-3859.14014
-318,158,-3864,-318.996918,187.700912,-3863.92188
-206,149,-4170,-206.307129,179.507233,-4170.95166
14,162,-3851,14.9729958,193.201004,-3850.76929
-155,179,-4167,-154.446075,210.557449,-4167.83252
-146,179,-4161,-145.452667,210.566254,-4161.83691
-325,161,-4074,-325.897278,193.56131,-4074.44141
-155,179,-4167,-154.473389,216.32225,-4167.8501
70,149,-4012,69.0078506,193.519867,-4011.875
-80,149,-4170,-79.6766815,193.678726,-4170.94629
40,161,-3843,39.2219276,205.894821,-3843.62817
-322,179,-3869,-322.52243,231.211456,-3868.14746
-13,149,-3805,-12.3715286,204.809296,-3804.22217
54,149,-4008,54.9848022,206.076828,-4008.17358
-146,276,-3435,-146.568497,338.179016,-3434.17749
-291,149,-4121,-291.664642,212.864349,-4121.74707
34,348,-3643,34.4706001,446.034485,-3642.11768
