-1773,12,-2011,-1773.83398,12.1331558,-2011.55176
-1848,12,-1898,-1848.83325,12.134429,-1898.55273
-1593,54,-2285,-1593.52246,54.3642845,-2285.85254
-1890,135,2235,-1890.91101,135.486435,2234.58765
-2000,135,2472,-2000.90527,135.489578,2471.5752
188,400,-2052,188.311493,400.490051,-2052.9502
302,400,-2014,302.311462,400.491333,-2014.9502
302,400,-2014,302.311462,400.491333,-2014.9502
199,436,-2048,199.334503,436.509644,-2048.94238
188,436,-2052,188.343216,436.509644,-2052.93921
-1142,-1075,-993,-1142.63342,-1074.47253,-992.226196
-1773,12,-2011,-1773.83325,12.5307465,-2011.55261
-1797,43,-2143,-1797.46692,43.6342773,-2143.88428
-750,-1132,-401,-750.133179,-1131.27209,-400.008911
-2438,135,1968,-2437.03516,135.737137,1967.73718
-2345,135,2316,-2344.03516,135.743088,2315.7373
199,436,-2048,199.320419,436.824097,-2048.94727
-2438,135,1968,-2437.03687,135.847244,1967.73108
-1822,-859,-23,-1822.88965,-858.147949,-22.543354
-1831,-1158,-1712,-1831.52673,-1157.13257,-1712.84998
-1920,-1154,-1661,-1919.54492,-1153.10718,-1660.10962
-426,-1080,-721,-425.011841,-1079.10352,-720.846619
-1944,-1138,-1661,-1943.57422,-1137.09558,-1660.09521
-1280,49,-2335,-1280.2627,49.9090843,-2335.96484
-426,-1080,-721,-426.988922,-1079.07422,-721.148315
-1920,-1154,-1661,-1919.53125,-1153.02234,-1660.1167
-1167,-330,-1867,-1167.89709,-329.005463,-1867.44141
-2325,744,1703,-2325.55103,745.000427,1703.83447
-1822,-859,-23,-1822.88623,-857.948303,-22.5368042
-1593,54,-2285,-1593.19531,55.0934868,-2285.98071
-2234,594,1598,-2234.8335,595.105042,1597.44751
-426,-1080,-721,-425.633514,-1078.81079,-720.06958
-1142,-1075,-993,-1142.61328,-1073.81018,-992.210144
-1833,-880,0,-1833.58423,-878.803223,-0.811578751
-1461,-88,-1885,-1461.91455,-86.6948013,-1884.5957
-426,-1080,-721,-425.373596,-1078.57324,-721.77948
-1436,-88,-1746,-1436.98535,-86.5718918,-1745.82947
-1461,-88,-1885,-1461.98438,-86.5705643,-1884.82397
-1822,-859,-23,-1822.39062,-857.537292,-23.9205341
-1959,-1106,560,-1959.98816,-1104.47742,560.153137
-1825,-869,-61,-1824.00085,-867.459229,-60.9586716
-1444,-1074,-1096,-1443.36536,-1072.44885,-1096.77271
-1920,-1154,-1661,-1920.53418,-1152.44299,-1661.84534
-1129,-330,-1936,-1129.87744,-328.384796,-1936.47949
-1167,-330,-1867,-1167.87646,-328.383759,-1867.48145
-673,-1156,-415,-673.510742,-1154.35938,-414.140289
-673,-1156,-415,-673.510742,-1154.35938,-414.140289
-1944,-1138,-1661,-1943.53125,-1136.30627,-1660.1167
-677,-1160,-376,-677.979309,-1158.27698,-376.202209
-673,-1156,-415,-673.979309,-1154.27637,-415.202057
-750,-1132,-401,-749.912048,-1130.25439,-401.996124
-27,-320,1420,-26.6883469,-318.205261,1420.9502
87,-320,1382,87.3104172,-318.205261,1382.95056
87,-320,1382,87.3104172,-318.205261,1382.95056
-1410,-1114,-1209,-1409.00879,-1112.16382,-1208.8678
-2325,744,1703,-2325.97046,745.994568,1702.75879
-426,-1080,-721,-426.644501,-1077.90186,-720.235413
-426,-1080,-721,-426.374847,-1077.8894,-721.927063
-2475,797,2172,-2475.69727,799.197449,2172.7168
-1165,-1076,-865,-1164.39258,-1073.41235,-865.794373
-2234,594,1598,-2234.8833,596.616272,1597.53125
-1825,-869,-61,-1824.00085,-866.318115,-60.9586716
-2000,621,2472,-2000.34973,623.758118,2472.93677
-1969,-1102,511,-1969.08789,-1099.24011,511.996094
-1822,-859,-23,-1821.00098,-856.165955,-22.9558182
-1441,-1112,-1110,-1440.09546,-1109.09045,-1109.57373
-2000,621,2472,-2000.47949,624.055298,2472.87744
-1969,-1102,511,-1969.98523,-1098.93481,511.170898
-2475,797,2172,-2475.96948,800.148315,2171.75488
-677,-1160,-376,-677.276367,-1156.55457,-376.961029
-704,-1187,-361,-704.276367,-1183.55261,-361.960999
-1131,-392,-1933,-1131.61865,-388.397491,-1932.21436
-1825,-869,-61,-1825.20801,-865.224548,-60.0218735
-1444,-1074,-1096,-1443.16602,-1070.20117,-1095.44824
264,-320,1913,263.675995,-315.898407,1912.05396
150,-320,1951,149.67598,-315.898407,1950.05396
264,-320,1913,263.675995,-315.898407,1912.05396
-1969,-1102,511,-1969.08789,-1096.57678,511.996124
-1825,-869,-61,-1825.12598,-862.127441,-60.0079689
-750,-1132,-401,-749.46582,-1125.04321,-400.154633
28,756,-2400,28.0748749,763.646667,-2400.99707
-1441,-1112,-1110,-1441.63293,-1104.31348,-1109.22583
-2234,594,1598,-2234.68262,602.899414,1598.73047
-2362,607,2101,-2362.97461,616.012207,2100.77612
-1165,-1076,-865,-1165.97937,-1065.22986,-864.797974
28,756,-2400,27.9013004,769.280945,-2400.99512
-1999,-1127,582,-1999.4668,-1113.34583,581.115662
-1907,-1149,-1639,-1907.50696,-1134.38123,-1639.86194
28,756,-2400,27.9558182,773.419312,-2400.99902
-1444,-1074,-1096,-1443.04858,-1055.38501,-1095.69214
-468,-1139,-1526,-467.494415,-1117.67456,-1526.86267
-1165,-1076,-865,-1165.97046,-1053.04602,-865.240967
-1925,-1148,-1628,-1924.12317,-1123.57336,-1628.48071
-1959,-1106,560,-1959.46753,-1074.3606,559.116028
-1925,-1148,-1628,-1925.52637,-1091.89697,-1628.85022
-1944,-1138,-1661,-1943.13855,-1070.75085,-1661.50781
188,560,-794,187.95723,717.13562,-794.999084
268,560,-794,267.957245,717.13562,-794.999084
