196,-2024,4780,196.645462,-2021.16882,4780.76367
404,-1450,4882,404.654144,-1447.16052,4882.75635
541,-1450,4762,541.652344,-1447.16895,4762.75781
196,-2024,4780,196.644943,-2021.38489,4780.76416
541,-1450,4762,541.645508,-1447.36426,4762.76367
467,-2024,4543,467.645447,-2021.37781,4543.76367
174,-2024,5140,174.997009,-2021.20886,5140.07715
392,-1450,5064,392.997986,-1447.18726,5064.0625
404,-1450,4882,404.997986,-1447.1925,4882.0625
174,-2024,5140,174.998062,-2021.27332,5140.06152
404,-1450,4882,404.997986,-1447.28906,4882.0625
196,-2024,4780,196.998016,-2021.27539,4780.0625
411,-2024,5409,411.741425,-2021.4104,5408.3291
513,-1450,5201,513.744141,-1447.39417,5200.33203
392,-1450,5064,392.748535,-1447.39075,5063.33691
411,-2024,5409,411.748535,-2021.44141,5408.33691
392,-1450,5064,392.742767,-1447.44177,5063.33057
174,-2024,5140,174.742371,-2021.42542,5139.33008
769,-2024,5431,769.040771,-2020.96289,5430.00098
695,-1450,5213,695.041138,-1446.99731,5212.00098
513,-1450,5201,513.040771,-1447.00574,5200.00098
769,-2024,5431,769.042969,-2021.30188,5430.00098
513,-1450,5201,513.042236,-1447.28442,5200.00098
411,-2024,5409,411.037903,-2021.29211,5408.00098
1039,-2024,5194,1038.3208,-2021.26465,5193.26611
832,-1450,5093,831.328247,-1447.26636,5092.25928
695,-1450,5213,694.332031,-1447.25928,5212.25586
1039,-2024,5194,1038.33923,-2021.39478,5193.24951
695,-1450,5213,694.34082,-1447.3689,5212.24805
769,-2024,5431,768.332031,-2021.38635,5430.25586
1062,-2024,4836,1061.00195,-2021.14648,4835.93799
844,-1450,4910,843.001892,-1447.1333,4909.93896
832,-1450,5093,831.001892,-1447.12561,5092.93896
1062,-2024,4836,1061.00195,-2021.49683,4835.93799
832,-1450,5093,831.001892,-1447.51086,5092.93896
1039,-2024,5194,1038.00195,-2021.51196,5193.93799
825,-2024,4566,824.242126,-2021.21228,4566.65234
723,-1450,4773,722.248047,-1447.19238,4773.65918
844,-1450,4910,843.248047,-1447.18823,4910.65918
825,-2024,4566,824.248901,-2021.20154,4566.66016
844,-1450,4910,843.24762,-1447.17566,4910.65869
1062,-2024,4836,1061.24719,-2021.19312,4836.6582
467,-2024,4543,466.923523,-2021.44531,4543.99707
541,-1450,4762,540.911743,-1447.448,4762.99609
723,-1450,4773,722.923523,-1447.44666,4773.99707
467,-2024,4543,466.937561,-2021.2511,4543.99805
723,-1450,4773,722.937561,-1447.24109,4773.99805
825,-2024,4566,824.923523,-2021.23706,4566.99707
-531,680,-730,-530.331055,715.139771,-729.256714
-667,649,-607,-666.320374,684.232422,-606.266479
-649,819,-617,-648.320312,854.144226,-616.266541
-531,680,-730,-530.339844,703.727051,-729.248901
-649,819,-617,-648.340027,842.706665,-616.248718
-526,832,-726,-525.340027,855.709167,-725.248718
-103,1383,1179,-103.794228,1384.48303,1179.60742
-49,1370,1235,-49.7951241,1371.48279,1235.60645
-86,1352,1167,-86.7943268,1353.48315,1167.60742
-154,1393,823,-154.997971,1397.40833,823.063477
-155,1436,968,-155.997986,1440.41602,968.063354
-145,1392,965,-145.997971,1396.41467,965.063477
-145,1392,965,-145.999054,1396.51807,964.956543
-155,1436,968,-155.999054,1440.52051,967.956543
-157,1435,1043,-157.998978,1439.52087,1042.95508
-157,1435,1043,-157.998093,1441.12036,1042.93835
-150,1394,1042,-150.998047,1400.1167,1041.93762
-145,1392,965,-145.997971,1398.11121,964.936523
-29,1340,1219,-29.6491928,1341.1698,1219.76062
-49,1370,1235,-49.6491928,1371.16943,1235.76062
7,1353,1263,6.36464119,1354.16907,1263.77222
-886,216,6166,-886.268982,231.668884,6166.96289
-1320,-1929,5899,-1320.28284,-1913.61926,5899.95898
-1230,216,6074,-1230.26221,231.618484,6074.96484
-281,215,6100,-280.551056,302.557922,6100.89355
-581,-1927,6225,-580.551086,-1841.93384,6225.89355
-415,211,6169,-414.536774,298.617767,6169.88623
-971,530,6259,-971.652344,533.516052,6259.75781
-1230,726,6128,-1230.63953,729.507141,6128.76855
-929,670,6347,-929.633728,673.528198,6347.77344
-616,453,7143,-616.750977,454.070953,7142.33984
-827,542,7258,-827.750977,543.067993,7257.33984
-676,417,7259,-676.756958,418.069702,7258.34668
200,982,6839,200.997009,983.37085,6839.07715
110,885,7138,110.996803,886.365417,7138.0791
330,1204,7202,330.995941,1205.37146,7202.08984
-798,595,6690,-798.93457,599.175232,6690.35547
-826,525,6577,-826.927734,529.182373,6577.37305
-850,646,6590,-850.93158,650.186218,6590.36328
99,228,5925,99.2425537,229.640686,5925.96973
960,556,5914,960.243103,557.639099,5914.96973
1191,233,5631,1191.25879,234.643814,5631.96582
-415,211,6169,-414.079254,213.850616,6168.60986
-354,211,6318,-353.077423,213.849838,6317.61426
-357,330,6206,-356.079468,332.848511,6205.60938
-418,355,6764,-417.09726,356.70636,6764.43018
-471,357,6881,-470.097046,358.70874,6881.42969
-389,475,6879,-388.091339,476.709625,6879.41748
698,611,673,697.08844,618.165894,672.588867
769,611,516,768.08844,618.170288,515.588867
737,868,500,736.08252,875.144104,499.602234
737,868,500,736.06012,879.152344,499.658508
620,1657,612,619.059875,1668.22644,611.65918
698,611,673,697.06311,622.160522,672.650391
-3,611,-907,-3.10706472,620.248657,-906.005798
-2,1657,-794,-2.10732436,1666.20703,-793.005798
220,611,-884,219.900696,620.219482,-883.004944
7,2145,-764,6.95581722,2150.46875,-763.000977
-181,2554,-687,-181.042267,2559.48877,-686.000916
10,2554,-687,9.95722008,2559.48877,-686.000916
-560,2145,603,-559.50293,2150.75488,602.132324
-176,2554,739,-175.504486,2559.75659,738.131409
-508,2554,549,-507.504486,2559.76221,548.131409
125,611,920,125.218407,636.5177,919.02417
81,1393,878,81.2184143,1418.77405,877.02417
-154,1393,823,-153.779572,1418.82507,822.024597
258,1657,837,257.47348,1670.16125,836.149841
285,611,914,284.476349,624.203613,913.148071
620,1657,612,619.471741,1670.20544,611.15094
202,1393,844,201.729126,1407.97888,843.037415
81,1393,878,80.7165451,1407.96606,877.041016
125,611,920,124.736595,625.934265,919.035339
195,1543,812,195.915695,1567.19458,811.598145
141,1393,702,141.920151,1417.19214,701.608459
202,1393,844,202.920151,1417.20471,843.608459
232,2145,824,231.900696,2162.86279,823.004944
18,2154,845,17.9006863,2171.84619,844.004944
152,1847,849,151.900696,1864.79834,848.004944
-182,1409,971,-181.018875,1420.51111,971.193359
-154,1393,823,-153.01889,1404.51538,823.19342
-189,1339,975,-188.01915,1350.51013,975.194763
-6,1368,1282,-5.82323456,1369.96521,1281.01575
67,1366,1297,67.1805496,1367.96326,1296.01648
0,1389,1272,0.175072655,1390.9657,1271.0155
1076,1031,282,1076.79907,1032.24341,282.601227
1092,1050,286,1092.80518,1051.24365,286.592957
1117,1062,268,1117.81702,1063.24353,268.576569
200,1304,1301,199.797928,1319.302,1300.02063
202,1253,1304,201.797928,1268.31433,1303.02063
237,1296,1294,236.797928,1311.30786,1293.02063
738,1229,1034,738.098633,1232.70142,1033.00488
617,1123,1050,617.098267,1126.70325,1049.00488
714,1156,1051,714.098145,1159.70081,1050.00488
642,1153,950,642.978333,1160.16821,950.20697
617,1123,1050,617.978333,1130.16467,1050.20691
660,1229,916,660.978333,1236.17322,916.207031
-701,2554,-164,-700.000916,2559.6394,-164.042267
-775,2145,28,-774.000916,2150.60474,27.9572201
-700,2554,27,-699.000916,2559.63086,26.9572201
-775,2145,28,-774.000916,2150.4231,27.9572201
-700,2554,218,-699.000916,2559.43335,217.95723
-700,2554,27,-699.000916,2559.43335,26.9572201
-820,1565,-207,-820.265625,1751.81274,-206.035934
-825,1619,-208,-825.265625,1805.94385,-207.035934
-770,1561,-194,-770.265625,1747.9541,-193.035934
-922,557,-157,-921.030945,568.410522,-156.753159
-820,1565,-207,-819.032043,1576.38257,-206.748886
-905,557,-227,-904.031982,568.414001,-226.74913
-944,1675,-162,-943.025146,1684.57593,-161.777161
-940,1715,-161,-939.026978,1724.57117,-160.769302
-923,1715,-232,-922.025146,1724.56348,-231.777161
-755,1700,-191,-755.234741,2016.62659,-190.027954
-865,1662,-218,-865.235657,1978.37524,-217.028168
-923,1715,-232,-923.234375,2031.24744,-231.027863
-842,1619,-137,-841.767883,2735.34155,-137.972687
-772,1700,-120,-771.76886,2817.29736,-120.972916
-940,1715,-161,-939.767578,2832.80518,-161.97261
-787,1561,-123,-786.768555,1757.84363,-123.972847
-772,1700,-120,-771.769165,1896.84387,-120.972992
-842,1619,-137,-841.767578,1815.96387,-137.97261
-944,1675,-162,-943.030945,1685.43933,-161.753159
-923,1715,-232,-922.032043,1725.43298,-231.748886
-927,1675,-232,-926.031982,1685.43042,-231.74913
-567,2145,-549,-566.135193,2150.57886,-548.497925
-701,2554,-164,-700.130371,2559.6311,-163.506302
-511,2554,-495,-510.134369,2559.60376,-494.499329
-567,2145,-549,-566.49707,2150.31201,-548.135681
-511,2554,-495,-510.497437,2559.28833,-494.135468
-181,2554,-687,-180.504486,2559.26294,-686.131409
-641,1565,-537,-640.264771,1576.66736,-536.322205
-591,1565,-590,-590.282288,1576.66882,-589.303711
-704,571,-598,-703.264709,582.56366,-597.322266
-603,1561,-500,-602.299255,5688.04492,-500.713409
-641,1565,-537,-640.302429,5693.66992,-537.716492
-704,571,-598,-703.302917,4699.0752,-598.71698
-720,1675,-613,-719.283203,1686.71777,-612.302734
-718,1715,-610,-717.282288,1726.72351,-609.303711
-667,1715,-663,-666.282654,1726.73181,-662.303284
-542,1700,-543,-542.696777,1943.36145,-542.282715
-624,1662,-622,-624.696777,1905.61621,-621.282715
-667,1715,-663,-667.696716,1958.90442,-662.282654
-644,1619,-540,-643.302734,1860.24341,-540.716797
-592,1700,-491,-591.312683,1941.33582,-491.726349
-717,1715,-610,-716.302673,1956.3573,-610.716736
-603,1561,-500,-602.312805,1685.4137,-500.726471
-592,1700,-491,-591.312744,1824.31128,-491.72641
-644,1619,-540,-643.302429,1743.49487,-540.716492
-603,1561,-500,-602.299011,2468.93896,-500.713165
-644,1619,-540,-643.302307,2525.59424,-540.71637
-641,1565,-537,-640.30249,2472.36743,-537.716553
-720,1675,-613,-719.28418,1686.1488,-612.301758
-667,1715,-663,-666.282288,1726.14624,-662.303711
-670,1675,-665,-669.282654,1686.15161,-664.303284
-700,2554,218,-699.138977,2559.47119,217.49144
-560,2145,603,-559.135132,2150.4751,602.498047
-508,2554,549,-507.132294,2559.45996,548.50293
-262,611,-866,-261.852997,620.399902,-865.010864
-2,1657,-794,-1.85306561,1666.49902,-793.010864
-3,611,-907,-2.85308313,620.378113,-906.010864
-671,606,-610,-670.472107,619.362305,-609.150696
-597,1657,-565,-596.463867,1670.22644,-564.155884
-262,611,-866,-261.473267,624.328125,-865.150024
-671,606,-610,-670.115662,618.076416,-609.533203
-896,622,-184,-895.118652,633.970215,-183.527542
-597,1657,-565,-596.115967,1668.92932,-564.532593
-896,622,-184,-895.000916,634.815247,-184.042587
-890,611,-23,-889.000916,623.808472,-23.0425262
-806,1657,38,-805.000916,1669.8269,37.957222
-890,611,-23,-889.000916,623.831909,-23.0427418
-878,611,298,-877.000916,623.878967,297.957245
-806,1657,38,-805.000916,1670.01172,37.957222
358,611,-811,357.52597,623.164124,-810.119507
600,1657,-585,599.531555,1669.38904,-584.116516
646,611,-658,645.531311,623.191711,-657.116638
646,611,-658,645.149841,624.748291,-657.473511
600,1657,-585,599.154663,1670.8678,-584.46582
902,611,-250,901.148743,624.712097,-249.475266
201,2554,-688,201.041199,2559.47729,-687.000854
7,2145,-764,7.03492498,2150.42944,-763.00061
10,2554,-687,10.0411148,2559.46436,-686.000854
585,2145,-557,584.497192,2150.3313,-556.13562
201,2554,-688,200.505127,2559.31909,-687.131042
533,2554,-498,532.501343,2559.33765,-497.133209
725,2554,-168,724.133362,2559.43896,-167.501068
585,2145,-557,584.131836,2150.42676,-556.503723
533,2554,-498,532.130798,2559.41724,-497.505554
-33,1630,160,-33.9929428,1861.94641,159.881409
-98,1393,706,-98.9919052,1626.9989,705.873047
-36,1396,193,-36.9929161,1628.85938,192.881195
907,611,-89,906.000916,623.254883,-88.957222
833,1657,229,832.000916,1669.10425,229.042328
919,611,232,918.000916,623.259338,232.042328
-878,611,298,-877.147217,623.610535,297.477753
-633,611,701,-632.14978,623.645203,700.473633
-577,1657,633,-576.15033,1669.79028,632.472717
-633,611,701,-632.53125,623.055237,700.116699
-196,611,932,-195.537231,623.002502,931.113525
-577,1657,633,-576.533386,1669.02625,632.11554
725,2554,-168,724.000854,2559.49463,-167.958679
726,2554,214,725.000427,2559.47266,214.029205
801,2145,229,800.000427,2150.46802,229.028748
536,2554,545,535.127319,2559.67285,544.511719
801,2145,229,800.130371,2150.64575,228.506302
726,2554,214,725.131226,2559.66333,213.504807
205,2554,737,204.489487,2558.80933,736.140137
232,2145,824,231.489594,2149.78516,823.140076
536,2554,545,535.496094,2558.78613,544.136292
-154,1393,823,-154.042297,1400.12415,822.000916
-196,611,932,-196.042664,618.205017,931.000916
125,611,920,124.955818,618.18396,919.000977
18,2154,845,18.0973969,2158.62085,844.004761
15,2554,757,15.0984068,2558.63867,756.004883
-176,2554,739,-175.911713,2558.62891,738.003906
232,2145,824,231.900696,2149.65527,823.004944
15,2554,757,14.8827553,2558.67578,756.006897
18,2154,845,17.8832741,2158.64893,844.006836
-577,1657,633,-576.476562,1671.00623,632.147949
-197,2145,827,-196.473267,2159.0459,826.150024
-560,2145,603,-559.473083,2158.99829,602.150085
-773,2145,239,-772.141968,2161.26562,238.486404
-577,1657,633,-576.135132,1673.31958,632.498047
-560,2145,603,-559.135498,2161.27271,602.497375
-806,1657,38,-805.000916,1672.41357,37.957222
-773,2145,239,-772.000916,2160.30078,238.95723
-775,2145,28,-774.000916,2160.30664,27.9572201
-776,2145,-183,-775.000916,2161.01001,-183.042267
-806,1657,38,-805.000916,1672.89221,37.957222
-775,2145,28,-774.000916,2161.00806,27.9572201
-597,1657,-565,-596.12738,1671.73291,-564.511658
-776,2145,-183,-775.130371,2159.75854,-182.506302
-567,2145,-549,-566.135254,2159.83667,-548.497803
-203,2145,-762,-202.504486,2162.12061,-761.131409
-597,1657,-565,-596.496155,1674.0365,-564.13623
-567,2145,-549,-566.496094,2162.0813,-548.136292
-2,1657,-794,-1.95721936,1673.5481,-793.000916
-203,2145,-762,-202.960175,2161.63745,-761.000793
7,2145,-764,7.03792477,2161.58984,-763.000732
218,2145,-765,218.038528,2161.55054,-764.000793
-2,1657,-794,-1.96685934,1673.45422,-793.000549
7,2145,-764,7.03792477,2161.55054,-763.000732
600,1657,-585,599.509766,1672.21777,-584.128418
218,2145,-765,217.501282,2160.06836,-764.13324
585,2145,-557,584.496094,2160.16162,-556.136292
798,2145,-193,797.139221,2163.17529,-192.491028
600,1657,-585,599.135132,1675.0238,-584.498047
585,2145,-557,584.135132,2163.03418,-556.498047
798,2145,-193,797.000671,2160.26343,-192.963364
801,2145,229,800.000854,2160.17578,229.040436
833,1657,229,832.000854,1672.17566,229.040436
592,2145,596,591.127319,2162.78174,595.511719
833,1657,229,832.130249,1674.82874,228.506516
801,2145,229,800.130249,2162.84595,228.506516
232,2145,824,231.457932,2165.21387,823.159668
258,1657,837,257.459259,1677.11719,836.158813
592,2145,596,591.465576,2165.24243,595.154785
229,611,215,228.511627,769.398499,215.872635
737,868,500,736.511719,1025.86255,500.87265
769,611,516,768.51062,769.397278,516.87207
229,611,215,228.126282,1263.02148,214.51358
303,868,81,302.127319,1518.21362,80.5117111
228,868,216,227.121277,1517.59363,215.522675
919,611,232,918.112854,618.566772,231.538513
810,868,364,809.11377,875.578857,363.536774
845,611,371,844.118591,618.557495,370.527649
229,611,215,228.511902,802.57666,215.872787
228,868,216,227.512558,1060.25952,216.873154
737,868,500,736.511719,1061.36206,500.872681
919,611,232,918.161682,625.040649,231.454819
833,1657,229,832.161743,1670.89526,228.454727
810,868,364,809.159485,882.007935,363.458221
737,868,500,736.118958,884.465393,499.526978
833,1657,229,832.130249,1673.57959,228.506516
620,1657,612,619.12323,1673.49988,611.519104
810,868,364,809.118591,886.190979,363.527649
833,1657,229,832.112793,1675.25159,228.538635
737,868,500,736.11322,886.214233,499.537811
620,1657,612,619.496094,1668.328,611.136292
285,611,914,284.484589,622.385742,913.143066
698,611,673,697.496155,622.389893,672.13623
285,611,914,284.955841,621.68512,913.000977
202,1393,844,201.955826,1403.72229,843.000977
125,611,920,124.955818,621.707397,919.000977
-154,1393,823,-154.652664,1406.83203,822.242371
-208,1657,845,-208.652802,1670.79541,844.242493
-196,611,932,-196.652573,624.929688,931.24231
-577,1657,633,-576.50293,1672.31104,632.132324
-196,611,932,-195.504486,626.248047,931.131409
-208,1657,845,-207.504486,1672.27234,844.131409
-878,611,298,-877.141968,623.177368,297.48642
-577,1657,633,-576.14978,1669.22339,632.473633
-802,1657,257,-801.14209,1669.29773,256.486206
-806,1657,38,-805.000916,1670.80505,37.957222
-878,611,298,-877.000916,624.602539,297.957245
-802,1657,257,-801.000916,1670.78577,256.957245
-896,622,-184,-895.000916,634.120056,-184.042267
-806,1657,38,-805.000916,1669.19873,37.957222
-810,1657,-181,-809.000916,1669.17224,-181.042267
-597,1657,-565,-596.127502,1670.61023,-564.511414
-896,622,-184,-895.13031,635.488098,-183.506409
-810,1657,-181,-809.13031,1670.64905,-180.506409
-262,611,-866,-261.48938,623.18335,-865.140198
-597,1657,-565,-596.496155,1669.23083,-564.13623
-221,1657,-790,-220.489487,1669.30359,-789.140137
-262,611,-866,-261.955841,624.606689,-865.000977
-221,1657,-790,-220.958679,1670.79089,-789.000854
-2,1657,-794,-1.95721936,1670.81006,-793.000916
220,611,-884,220.041321,622.947815,-883.000854
-2,1657,-794,-1.95721936,1668.92932,-793.000916
217,1657,-798,217.041321,1668.89807,-797.000854
220,611,-884,219.505554,624.57074,-883.130798
217,1657,-798,216.5047,1670.4386,-797.131287
600,1657,-585,599.518555,1670.47705,-584.123535
902,611,-250,901.139221,623.260559,-249.491028
600,1657,-585,599.135681,1669.29468,-584.49707
826,1657,-209,825.139038,1669.27173,-208.491333
826,1657,-209,825.000916,1670.43762,-208.95723
833,1657,229,832.000854,1670.40173,229.040924
902,611,-250,901.000793,624.633972,-249.960175
592,2145,596,591.465393,2161.771,595.154907
258,1657,837,257.476349,1673.7627,836.148071
620,1657,612,619.464722,1673.84692,611.155334
620,1657,612,619.127441,1671.82959,611.511536
833,1657,229,832.123047,1671.82593,228.519424
592,2145,596,591.122559,2159.71851,595.520325
798,2145,-193,797.000793,2162.06689,-192.960175
833,1657,229,832.000916,1674.17163,229.042725
826,1657,-209,825.000854,1674.10938,-208.958679
826,1657,-209,825.139038,1672.28967,-208.491333
600,1657,-585,599.14093,1672.22302,-584.488159
798,2145,-193,797.139038,2160.32104,-192.491333
600,1657,-585,599.510315,1673.95105,-584.128113
217,1657,-798,216.506195,1673.98889,-797.130432
218,2145,-765,217.504593,2161.89209,-764.131348
217,1657,-798,217.039307,1671.41467,-797.000793
-2,1657,-794,-1.95721936,1671.4165,-793.000916
218,2145,-765,218.041321,2159.32935,-764.000854
-2,1657,-794,-1.95721936,1674.10901,-793.000916
-221,1657,-790,-220.958679,1674.1521,-789.000854
-203,2145,-762,-202.955826,2162.04663,-761.000977
-221,1657,-790,-220.48938,1671.45898,-789.140198
-597,1657,-565,-596.496155,1671.36304,-564.13623
-203,2145,-762,-202.48938,2159.40112,-761.140198
-597,1657,-565,-596.127319,1673.87317,-564.511719
-810,1657,-181,-809.13031,1674.01636,-180.506409
-776,2145,-183,-775.122437,2161.98486,-182.520554
-810,1657,-181,-809.000916,1671.7533,-181.042267
-806,1657,38,-805.000916,1671.74622,37.957222
-776,2145,-183,-775.000916,2159.85425,-183.042267
-806,1657,38,-805.000916,1673.81555,37.957222
-802,1657,257,-801.000916,1673.8512,256.957245
-773,2145,239,-772.000916,2161.95947,238.95723
-802,1657,257,-801.146973,1671.21228,256.478149
-577,1657,633,-576.135498,1671.31726,632.497375
-773,2145,239,-772.146973,2159.19751,238.478134
-577,1657,633,-576.510193,1679.79749,632.128174
-208,1657,845,-207.504486,1679.82007,844.131409
-197,2145,827,-196.504486,2167.67798,826.131409
536,2554,545,535.46405,2559.64478,544.155762
232,2145,824,231.457367,2150.63696,823.160034
592,2145,596,591.465576,2150.63501,595.154785
592,2145,596,591.127319,2150.56738,595.511719
801,2145,229,800.130249,2150.57422,228.506516
536,2554,545,535.127319,2559.5835,544.511719
725,2554,-168,724.000671,2559.5271,-167.963364
801,2145,229,800.000671,2150.51758,229.036285
798,2145,-193,797.000854,2150.53882,-192.958679
798,2145,-193,797.133179,2150.54395,-192.501389
585,2145,-557,584.135498,2150.53491,-556.497375
725,2554,-168,724.139221,2559.55444,-167.491028
585,2145,-557,584.509766,2150.54468,-556.128418
218,2145,-765,217.504593,2150.54199,-764.131348
201,2554,-688,200.505234,2559.57031,-687.130981
218,2145,-765,218.039124,2150.39771,-764.000793
7,2145,-764,7.03900051,2150.38428,-763.000793
201,2554,-688,201.033096,2559.40723,-687.000549
-203,2145,-762,-202.960175,2150.3877,-761.000793
-181,2554,-687,-180.961746,2559.37061,-686.000732
7,2145,-764,7.03792477,2150.39111,-763.000732
-567,2145,-549,-566.496338,2150.44434,-548.136108
-181,2554,-687,-180.504486,2559.4873,-686.131409
-203,2145,-762,-202.504486,2150.46338,-761.131409
-567,2145,-549,-566.135132,2150.47217,-548.498047
-776,2145,-183,-775.133179,2150.46777,-182.501389
-701,2554,-164,-700.133362,2559.4519,-163.501068
-776,2145,-183,-775.000916,2150.45166,-183.042267
-775,2145,28,-774.000916,2150.44287,27.9572201
-701,2554,-164,-700.000916,2559.46753,-164.042267
-775,2145,28,-774.000916,2150.73242,27.9572201
-773,2145,239,-772.000916,2150.72192,238.95723
-700,2554,218,-699.000916,2559.7478,217.95723
-773,2145,239,-772.141968,2150.57227,238.486404
-560,2145,603,-559.135498,2150.60254,602.497375
-700,2554,218,-699.14209,2559.58472,217.486206
-560,2145,603,-559.47168,2149.77881,602.151001
-197,2145,827,-196.473389,2149.77319,826.149902
-176,2554,739,-175.473282,2558.79346,738.149963
18,2154,845,18.0973969,2158.72388,844.004761
-176,2554,739,-175.911713,2558.73804,738.003906
-197,2145,827,-196.911713,2149.71387,826.003906
232,2145,824,231.891357,2149.66919,823.00592
205,2554,737,204.891357,2558.67993,736.00592
15,2554,757,14.8913603,2558.67554,756.00592
232,2145,824,231.817886,2172.10547,823.016724
152,1847,849,151.817886,1874.21753,848.016724
258,1657,837,257.817902,1684.31091,836.016724
-125,1814,779,-125.572433,1841.80054,778.180054
-208,1657,845,-208.575134,1684.81543,844.181946
-154,1513,813,-154.579102,1540.79626,812.184753
-125,1814,779,-125.608376,1878.34509,778.20636
-197,2145,827,-197.608307,2209.42212,826.206299
-208,1657,845,-208.608459,1721.24744,844.206421
258,1657,837,258.575134,1663.87598,836.181946
195,1543,812,195.575104,1549.87476,811.181946
202,1393,844,202.579346,1399.88025,843.184937
-154,1513,813,-154.90419,1541.1593,812.572876
-154,1393,823,-154.9039,1421.15063,822.572266
-98,1393,706,-98.9007492,1421.11462,705.565674
902,611,-250,901.000854,623.259094,-249.958679
833,1657,229,832.000916,1669.22876,229.042328
907,611,-89,906.000916,623.26593,-88.957222
-154,1513,813,-154.63063,1528.90881,812.223938
-208,1657,845,-208.630402,1672.94324,844.223755
-154,1393,823,-154.630524,1408.88501,822.223877
258,1657,837,258.180359,1671.82056,836.016418
202,1393,844,202.191528,1407.83228,843.018555
285,611,914,285.195404,625.817932,913.019287
-787,1561,-123,-786.735168,2534.03296,-123.964294
-837,1565,-136,-836.733398,2537.51074,-136.963806
-922,557,-157,-921.734009,1517.45374,-157.963974
-837,1565,-136,-836.024414,1576.68909,-135.780396
-820,1565,-207,-819.028931,1576.69971,-206.761215
-922,557,-157,-921.024231,568.535034,-156.781204
-591,1565,-590,-591.679138,4857.37061,-589.265991
-617,605,-615,-617.696777,3866.00073,-614.282715
-654,571,-650,-654.678345,3828.90186,-649.265259
-704,571,-598,-703.282654,582.235657,-597.303284
-591,1565,-590,-590.282654,1576.24731,-589.303284
-654,571,-650,-653.282654,582.235657,-649.303284
-603,1561,-500,-602.297913,6242.05957,-500.712067
-704,571,-598,-703.303101,5239.66162,-598.717163
-667,605,-562,-666.303223,5274.80322,-562.717285
-260,473,-1035,-259.318237,477.640259,-1035.73157
-260,611,-1075,-259.318634,615.640137,-1075.73193
-265,747,-1119,-264.319305,751.639771,-1119.73254
-141,775,-1139,-141.200638,796.684204,-1138.02039
0,731,-1113,-0.205009565,752.65387,-1112.02124
-142,461,-1154,-142.200607,482.647552,-1153.02039
1094,920,264,1094.89746,1037.09729,263.558929
1097,971,269,1097.89722,1088.16187,268.558411
1094,971,263,1094.89697,1088.14795,262.557922
1109,1111,332,1108.62805,1113.29333,332.928253
1100,1043,297,1099.62793,1045.29309,297.928162
1076,1031,282,1075.62805,1033.29395,282.928253
203,1183,1294,202.066254,1188.23389,1293.64209
212,1178,1273,211.066208,1183.23547,1272.64221
210,1216,1258,209.066071,1221.23596,1257.64258
-116,616,-1052,-115.828766,619.480408,-1052.98523
-260,611,-1075,-259.828766,614.476196,-1075.98523
-260,473,-1035,-259.828766,476.473328,-1035.98523
-260,473,-1035,-259.288574,500.565399,-1034.29724
-141,775,-1139,-140.289062,802.600342,-1138.29675
-142,461,-1154,-141.289307,488.553864,-1153.29651
-61,1409,1241,-60.7044373,1410.8551,1240.04468
-6,1368,1282,-5.70921087,1369.85706,1281.04321
0,1389,1272,0.291990459,1390.85669,1271.04358
-167,1315,1098,-166.047394,1326.10632,1097.6958
-160,1314,1120,-159.047012,1325.10242,1119.69702
-166,1339,1094,-165.047012,1350.11072,1093.69702
687,1106,675,686.648438,1107.02783,675.936157
667,1013,571,666.649597,1014.02893,571.936584
625,1068,613,624.648438,1069.02747,613.936157
667,1013,571,666.115662,1063.62036,571.466797
714,1012,662,713.115906,1062.56018,662.467224
674,952,582,673.116028,1002.65558,582.467529
830,1153,818,830.788391,1154.65942,817.384827
687,1106,675,687.78833,1107.65979,674.384766
824,1139,824,824.78833,1140.65955,823.384766
836,1139,812,835.386353,1140.65991,812.789551
687,1106,675,686.385376,1107.66016,675.788818
830,1153,818,829.384766,1154.65967,818.78833
298,1214,1031,297.062042,1215.06323,1031.34668
286,1150,833,285.062042,1151.06824,833.34668
237,1205,844,236.056198,1206.06592,844.330505
258,1214,1039,258.996979,1215.0802,1038.92285
237,1205,844,237.997025,1206.08325,843.922974
188,1150,854,188.997986,1151.08398,853.9375
315,1246,1213,315.998077,1247.08887,1212.93811
299,1234,1131,299.998016,1235.08716,1130.9375
286,1220,1134,286.998108,1221.08704,1133.9386
583,1013,656,583.426758,1121.81628,655.095642
594,952,662,594.428955,1060.84143,661.09668
673,1012,700,673.425476,1120.78967,699.095032
687,1106,675,687.733765,1107.46899,674.320618
583,1013,656,583.733582,1014.46558,655.320435
663,1058,698,663.732544,1059.46777,697.319336
712,1058,654,711.320312,1059.49573,654.733459
667,1013,571,666.319519,1014.49438,571.732727
687,1106,675,686.318359,1107.49731,675.731506
836,1139,812,835.404541,1140.4978,812.803345
712,1058,654,711.404297,1059.49988,654.803162
687,1106,675,686.408264,1107.50024,675.806091
824,1139,824,824.80896,1140.47803,823.41217
687,1106,675,687.806152,1107.47327,674.408325
663,1058,698,663.806152,1059.47363,697.408325
-644,1619,-540,-644.813843,1624.17712,-539.418945
-717,1715,-610,-717.813843,1720.17322,-609.418945
-675,1662,-569,-675.809204,1667.17566,-568.412476
-618,570,749,-617.320801,580.795227,748.266052
-612,1565,630,-611.320496,1575.80249,629.266357
-671,570,700,-670.320312,580.790527,699.266541
-522,1561,641,-522.734009,1897.521,640.320862
-618,570,749,-618.733948,909.982727,748.320801
-583,608,711,-583.733887,947.981567,710.32074
-632,1676,759,-631.331177,1685.02429,758.256592
-629,1715,756,-628.331055,1724.01868,755.256714
-683,1715,707,-682.331055,1724.02319,706.256714
-566,1699,580,-565.264954,1817.4137,580.677979
-643,1662,663,-642.265259,1780.42957,663.678345
-683,1715,707,-682.264771,1833.35449,707.677795
-522,1561,641,-522.733521,1709.36719,640.320374
-512,1700,629,-512.733582,1848.18787,628.320435
-561,1619,682,-561.733887,1767.26868,681.32074
-522,1561,641,-522.733459,2032.73083,640.320312
-561,1619,682,-561.733459,2090.98608,681.320312
-558,1565,679,-558.733459,2036.98779,678.320312
-632,1676,759,-631.331055,1685.05212,758.256714
-683,1715,707,-682.331055,1724.05237,706.256714
-685,1675,711,-684.320557,1684.05469,710.266296
-522,1561,641,-522.734009,1778.00745,640.320862
-558,1565,679,-558.734009,1781.96729,678.320862
-618,570,749,-618.733582,787.364319,748.320435
-558,1565,679,-557.331116,1575.73413,678.256653
-612,1565,630,-611.331116,1575.7467,629.256653
-618,570,749,-617.331055,580.727478,748.256714
-827,1560,239,-826.695801,2564.69897,239.952606
-862,603,249,-861.696899,1618.30603,249.952957
-910,561,264,-909.695435,1576.66675,264.952484
-891,561,333,-890.034912,572.533386,332.738098
-827,1560,239,-826.036865,1571.43018,238.730988
-910,561,264,-909.035156,572.522095,263.737183
-912,1670,340,-911.043884,1678.98889,339.707031
-908,1710,338,-907.04364,1718.98926,337.707825
-929,1710,269,-928.04364,1718.98596,268.707825
-851,1657,323,-851.277283,1705.59277,322.039215
-908,1710,338,-908.276428,1758.63074,337.038971
-912,1670,340,-912.276428,1718.63342,339.038971
-763,1695,221,-762.716492,1766.06104,221.958969
-832,1614,240,-831.714844,1685.04224,240.958481
-871,1657,252,-870.716187,1727.96265,252.958878
-763,1695,221,-762.71582,1912.32141,221.958771
-871,1657,252,-870.716492,1874.56763,252.958969
-929,1710,269,-928.732849,1927.63879,269.963654
-811,1614,311,-811.277283,1754.77539,310.039215
-743,1695,291,-743.276855,1835.82776,290.039093
-908,1710,338,-908.277161,1850.50269,337.039185
-756,1556,296,-756.27655,1668.17163,295.039001
-743,1695,291,-743.278015,1807.29565,290.039429
-811,1614,311,-811.27655,1726.32312,310.039001
-929,1710,269,-928.71521,1975.08911,269.958588
-871,1657,252,-870.716187,1922.17139,252.958878
-933,1670,270,-932.715515,1934.97754,270.958679
-912,1670,340,-911.04364,1679.79785,339.707825
-929,1710,269,-928.04364,1719.79968,268.707825
-933,1670,270,-932.04364,1679.79785,269.707825
-756,1556,296,-756.232117,1954.49524,295.027313
-807,1560,309,-807.235168,1958.78174,308.028046
-891,561,333,-891.232117,963.641296,332.027313
-807,1560,309,-806.036865,1571.26831,308.730988
-827,1560,239,-826.036865,1571.28235,238.730988
-891,561,333,-890.036865,572.439941,332.730988
-811,1614,311,-810.957275,1618.0011,311.999084
-908,1710,338,-907.956543,1714.00598,338.999054
-851,1657,323,-850.957947,1661.0033,323.999115
-232,1558,867,-231.004883,3263.32153,867.098694
-236,601,903,-235.004883,2315.53467,903.098694
-241,567,955,-240.004883,2281.74609,955.098694
-232,1558,867,-231.007858,1650.32288,867.125061
-232,1612,872,-231.007858,1704.32825,872.125
-226,1554,816,-225.007858,1646.30615,816.125061
-164,567,962,-163.911346,578.284424,961.003967
-232,1558,867,-231.911346,1569.30603,866.003967
-241,567,955,-240.911346,578.279663,954.003967
-171,1668,984,-170.902542,1677.72009,983.004761
-170,1708,980,-169.901932,1717.71655,979.004822
-243,1708,973,-242.911713,1717.70569,972.003906
-225,1693,801,-224.004913,1966.65002,801.098999
-237,1655,914,-236.004883,1928.98315,914.098694
-243,1708,973,-242.004883,1982.01514,973.098694
-160,1612,879,-160.996124,1685.92456,878.912048
-152,1693,773,-152.996948,1766.9137,772.921936
-170,1708,980,-170.996048,1781.98242,979.911194
-154,1554,788,-154.999115,1562.89844,788.041992
-160,1612,879,-160.999115,1620.89575,879.041992
-154,1558,874,-154.999115,1566.89783,874.041992
-171,1668,984,-170.911713,1678.16687,983.003906
-243,1708,973,-242.901306,1718.17493,972.004883
-243,1668,977,-242.901306,1678.17126,976.004883
-154,1558,874,-153.911713,1569.29785,873.003906
-232,1558,867,-231.911346,1569.30334,866.003967
-164,567,962,-163.911346,578.317749,961.003967
-160,1612,879,-159.011826,1632.03601,879.15332
-170,1708,980,-169.011826,1728.05249,980.15332
-164,1655,921,-163.011826,1675.0437,921.15332
207,1560,866,207.999039,1590.30884,865.956177
209,1614,871,209.999023,1644.28882,870.956055
199,1556,711,199.999039,1586.33069,710.956177
293,567,940,292.828827,578.486694,939.014771
207,1560,866,206.818878,1571.51038,865.016541
223,567,952,222.828827,578.486023,951.014771
271,1556,802,270.012909,4044.79956,802.160156
293,567,940,292.012909,3069.17554,940.160156
285,603,889,284.013153,3104.90527,889.161621
297,1670,962,296.81955,1680.08398,961.016418
297,1710,958,296.81955,1720.08521,957.016418
225,1710,971,224.817886,1720.08032,970.016724
196,1695,696,196.994919,1715.99353,695.899414
209,1614,871,209.995087,1634.99023,870.901001
215,1657,912,215.995026,1677.98767,911.900391
196,1695,696,196.994919,1708.52673,695.899414
215,1657,912,215.994934,1670.57117,911.899475
225,1710,971,225.994934,1723.58838,970.899475
271,1556,802,270.012909,1750.07837,802.160156
268,1695,788,267.012909,1888.72083,788.160156
280,1614,859,279.012909,1808.04956,859.160156
297,1670,962,296.818237,1679.65527,961.016663
225,1710,971,224.814621,1719.66541,970.017334
226,1670,975,225.812714,1679.66541,974.0177
271,1556,802,270.012909,2847.73315,802.160156
279,1560,854,278.012909,2850.93311,854.160156
293,567,940,292.012909,1859.72327,940.160156
279,1560,854,278.829132,1571.64343,853.014709
207,1560,866,206.829117,1571.63916,865.014709
293,567,940,292.829132,578.603149,939.014709
280,1614,859,280.990875,1646.37451,858.865234
297,1710,958,297.990875,1742.38245,957.865234
287,1657,899,287.990875,1689.3772,898.865234
612,1565,648,612.733887,1623.24023,647.32074
616,1619,651,616.733887,1677.22607,650.32074
577,1561,610,577.734009,1619.26013,609.320862
725,536,659,724.285156,547.788452,658.30072
612,1565,648,611.282654,1576.78296,647.303284
674,536,710,673.283447,547.788452,709.30249
741,1675,675,740.302002,1686.47559,674.283936
739,1715,672,738.298828,1726.48132,671.287048
686,1715,723,685.301819,1726.47302,722.284119
566,1700,600,566.715942,4446.26807,599.30188
645,1662,681,645.714905,4411.60254,680.300781
686,1715,723,686.713989,4466.01758,722.299866
629,1561,559,628.282837,1964.91565,559.696899
618,1700,548,617.282654,2104.28955,548.696716
668,1619,600,667.282654,2023.04797,600.696716
741,1675,675,740.301941,1684.38281,674.283997
686,1715,723,685.299866,1724.38159,722.286011
690,1675,725,689.301941,1684.38623,724.283997
629,1561,559,628.266052,2602.48315,559.679199
664,1565,596,663.265381,2606.63916,596.678467
725,536,659,724.265381,1568.3584,659.678467
664,1565,596,663.284973,1576.78357,595.300903
612,1565,648,611.282654,1576.78296,647.303284
725,536,659,724.285156,547.788452,658.30072
840,1557,266,840.266602,1698.271,265.036194
845,1611,267,845.265686,1752.36304,266.03595
790,1553,252,790.267517,1694.32227,251.036453
942,552,217,941.030945,563.694824,216.753159
840,1557,266,839.030945,1568.5166,265.753174
924,552,287,923.031982,563.69696,286.749146
964,1667,222,963.031982,1676.49402,221.74913
960,1707,221,959.031982,1716.49109,220.74913
942,1707,292,941.03241,1716.49109,291.747498
775,1692,249,775.232056,2006.94861,248.027298
845,1611,267,845.231201,1926.22559,266.0271
885,1654,277,885.232117,1969.06738,276.027313
863,1611,196,862.733398,5173.73779,196.963806
793,1692,178,792.733398,5254.18018,178.963806
960,1707,221,959.737793,5264.01318,221.965012
808,1553,181,807.734009,1701.76587,181.963974
793,1692,178,792.734009,1840.85583,178.963974
863,1611,196,862.734009,1759.86047,196.963974
964,1667,222,963.031982,1677.12195,221.74913
942,1707,292,941.031982,1717.12646,291.749146
946,1667,292,945.031982,1677.13025,291.749146
808,1553,181,807.732422,2269.61694,181.963531
858,1557,195,857.732422,2273.99976,195.963531
942,552,217,941.732849,1260.89233,217.963654
858,1557,195,857.031982,1568.42285,194.74913
840,1557,266,839.030945,1568.4342,265.753174
942,552,217,941.030945,563.609131,216.753159
850,1565,-177,849.709167,1634.8208,-177.956772
854,1619,-179,853.708313,1688.80322,-179.956512
800,1561,-162,799.709473,1630.80383,-162.956863
910,551,-273,909.04364,562.65979,-272.707825
850,1565,-177,849.043884,1576.50439,-176.707016
932,551,-204,931.043823,562.663391,-203.707214
932,1675,-280,931.04364,1684.68054,-279.707825
928,1715,-279,927.04364,1724.68103,-278.707825
950,1715,-210,949.043823,1724.66907,-209.707214
786,1700,-157,785.698242,1755.28748,-157.953384
894,1662,-191,893.698303,1717.28003,-191.9534
950,1715,-210,949.698303,1770.26318,-210.9534
777,1561,-231,777.302734,1799.58838,-230.046936
763,1700,-226,763.303101,1938.33594,-225.047043
832,1619,-248,832.30304,1857.63403,-247.047028
932,1675,-280,931.051758,1684.13025,-279.682465
950,1715,-210,949.046692,1724.12622,-209.698013
954,1675,-212,953.04364,1684.12524,-211.707809
777,1561,-231,777.285095,2050.49365,-230.041504
827,1565,-246,827.283447,2054.17822,-245.041016
910,551,-273,910.283691,1046.36279,-272.041107
827,1565,-246,826.053406,1576.58105,-245.677582
850,1565,-177,849.051331,1576.58899,-176.683731
910,551,-273,909.053406,562.580017,-272.677582
832,1619,-248,831.785156,1629.27966,-248.976639
928,1715,-279,927.785339,1725.29102,-279.976685
871,1662,-261,870.785217,1672.28455,-261.976654
631,1565,-568,630.282715,1659.16418,-568.696777
634,1619,-572,633.265991,1713.16541,-572.679138
596,1561,-531,595.265259,1655.16431,-531.678345
637,563,-682,636.320557,574.39856,-681.266296
631,1565,-568,630.320312,1576.25317,-567.266541
690,563,-633,689.320312,574.399902,-632.266541
652,1675,-699,651.320496,1684.2937,-698.266357
649,1715,-696,648.320312,1724.28784,-695.266541
703,1715,-646,702.321655,1724.28784,-645.265259
586,1700,-519,585.264832,1820.59253,-519.677856
663,1662,-602,662.265259,1782.74194,-602.678345
703,1715,-646,702.266052,1835.75134,-646.679199
542,1561,-580,542.734009,1709.54114,-579.320862
532,1700,-568,532.733887,1848.36182,-567.32074
581,1619,-621,581.733521,1767.43799,-620.320374
542,1561,-580,542.733704,1619.27783,-579.320557
581,1619,-621,581.733765,1677.24365,-620.320618
577,1565,-618,577.734741,1623.25964,-617.321655
652,1675,-699,651.320435,1684.4209,-698.266418
703,1715,-646,702.319153,1724.41516,-645.267578
705,1675,-650,704.320312,1684.41406,-649.266541
577,1565,-618,576.320312,1576.28577,-617.266541
631,1565,-568,630.319885,1576.30042,-567.266907
637,563,-682,636.320312,574.344299,-681.266541
581,1619,-621,580.265259,1661.88208,-621.678345
649,1715,-696,648.282654,1757.89868,-696.696716
609,1662,-652,608.282654,1704.88855,-652.696716
248,1565,-800,247.034866,1751.80884,-800.261719
249,1619,-805,248.035934,1805.93152,-805.265625
235,1561,-750,234.034958,1747.953,-750.262085
197,556,-901,196.779572,567.5448,-900.024597
248,1565,-800,247.779572,1576.54028,-799.024597
267,556,-885,266.779572,567.55188,-884.024597
202,1675,-923,201.775452,1684.59644,-922.025574
201,1715,-919,200.779572,1724.5946,-918.024597
272,1715,-903,271.779572,1724.58447,-902.024597
232,1700,-735,231.026993,1828.83044,-735.230774
249,1619,-805,248.026932,1747.61731,-805.230469
258,1662,-845,257.027008,1790.58655,-845.230774
164,1561,-766,164.971725,1757.83325,-765.763916
161,1700,-751,161.971664,1896.83496,-750.763672
178,1619,-821,178.971664,1815.95349,-820.763672
202,1675,-923,201.775452,1685.51831,-922.025574
272,1715,-903,271.779572,1725.51514,-902.024597
272,1675,-907,271.779572,1685.51257,-906.024597
164,1561,-766,164.963974,2051.58887,-765.734009
177,1565,-816,177.963806,2055.854,-815.733398
197,556,-901,197.963806,1054.03601,-900.733398
177,1565,-816,176.779572,1576.66626,-815.024597
248,1565,-800,247.779572,1576.65564,-799.024597
197,556,-901,196.779572,567.657715,-900.024597
178,1619,-821,177.052032,1629.41418,-821.318359
201,1715,-919,200.052078,1725.41785,-919.318481
187,1662,-861,186.052246,1672.41565,-861.31897
-200,1565,-807,-200.956436,3867.98022,-806.708069
-210,608,-841,-210.956604,2929.15161,-840.708618
-225,571,-890,-225.956451,2892.43848,-889.70813
-294,571,-870,-293.719055,582.228821,-869.040283
-200,1565,-807,-199.71904,1576.08606,-806.040283
-225,571,-890,-224.719254,582.233704,-889.040222
-301,1675,-892,-300.706024,1684.79773,-891.044189
-300,1715,-888,-299.705902,1724.79895,-887.04425
-230,1715,-909,-229.707809,1724.79956,-908.04364
-181,1700,-743,-181.956512,1832.70679,-742.708313
-201,1619,-812,-201.95668,1751.68286,-811.708862
-213,1662,-851,-213.95668,1794.65918,-850.708862
-256,1561,-736,-255.036316,1698.88,-736.267029
-251,1700,-722,-250.036026,1838.15259,-722.265991
-271,1619,-791,-270.036438,1756.95874,-791.267456
-256,1561,-736,-255.036331,1702.37781,-736.26709
-271,1619,-791,-270.03595,1760.41858,-791.265686
-270,1565,-786,-269.03595,1706.32446,-786.265686
-301,1675,-892,-300.719269,1686.6748,-891.040222
-230,1715,-909,-229.71904,1726.6842,-908.040283
-232,1675,-912,-231.718994,1686.68188,-911.040344
-256,1561,-736,-255.036072,3757.36865,-736.266113
-270,1565,-786,-269.03595,3761.23511,-786.265686
-294,571,-870,-293.036011,2758.06592,-870.26593
-270,1565,-786,-269.705902,1576.05225,-785.04425
-200,1565,-807,-199.707413,1576.04041,-806.043762
-294,571,-870,-293.719055,582.202515,-869.040283
-271,1619,-791,-271.976685,1632.13098,-790.785339
-300,1715,-888,-300.976685,1728.12036,-887.785339
-283,1662,-830,-283.976685,1675.12659,-829.785339
-388,954,-845,-387.318176,978.503235,-844.268494
-531,680,-730,-530.320374,704.46167,-729.266479
-526,832,-726,-525.331055,856.489319,-725.256714
-193,611,-960,-192.609482,614.523438,-959.079407
-388,711,-845,-387.609222,714.535522,-844.079529
-193,788,-905,-192.609482,791.528809,-904.079407
156,763,-958,156.250793,919.421204,-958.968018
232,869,-940,232.239182,1025.60156,-940.970947
109,831,-970,109.243057,987.264587,-970.969971
156,763,-958,156.292084,779.588806,-958.95636
344,808,-900,344.292114,824.590027,-900.95636
232,869,-940,232.295105,885.571106,-940.955444
996,1000,161,996.967529,1011.36841,161.252701
938,1052,406,938.967651,1063.33008,406.252289
977,1109,274,977.967529,1120.3446,274.252594
418,1205,1099,418.369843,1210.22986,1099.92908
211,1235,1189,211.37059,1240.24011,1189.92871
307,1283,1160,307.369965,1288.23926,1160.92896
312,1220,1128,311.026947,1221.05969,1128.23047
278,1232,1035,277.026947,1233.05884,1035.23047
299,1234,1131,298.026947,1235.06006,1131.23047
278,1232,1035,278.979706,1233.03003,1034.7998
286,1220,1134,286.977753,1221.02979,1133.79028
299,1234,1131,299.980713,1235.02966,1130.80469
312,1220,1128,311.052032,1221.07336,1128.31836
299,1234,1131,298.052277,1235.07324,1131.31909
315,1246,1213,314.052277,1247.07458,1213.31909
312,1220,1128,311.052032,1221.01978,1128.31836
315,1246,1213,314.052277,1247.0188,1213.31909
327,1233,1210,326.052032,1234.01892,1210.31836
315,1246,1213,315.997986,1247.10376,1212.9375
286,1220,1134,286.997955,1221.10229,1133.9375
303,1233,1215,303.997925,1234.10364,1214.9375
220,611,-884,219.536774,623.236145,-883.11377
600,1657,-585,599.531311,1669.24792,-584.116638
358,611,-811,357.525848,623.245056,-810.119568
-572,373,7144,-572.842102,376.348083,7143.46094
-603,232,7274,-603.844116,235.354874,7273.46387
-529,257,7143,-529.844055,260.352448,7142.46387
-344,220,7226,-343.388855,222.09317,7225.2085
110,885,7138,110.613983,887.073425,7137.21094
-312,472,7080,-311.373566,474.084442,7079.2207
-1195,883,7447,-1195.74146,885.209106,7446.3291
-985,42,7747,-985.751099,44.1744385,7746.33984
-827,542,7258,-827.749268,544.193237,7257.33789
-467,232,6779,-466.11618,235.133865,6779.46777
-521,238,6889,-520.115662,241.137634,6889.4668
-471,357,6881,-470.118256,360.140869,6881.47168
-572,373,7144,-572.734375,376.561127,7144.67871
-529,257,7143,-529.734314,260.560028,7143.67871
-621,255,7048,-621.733459,258.560547,7048.67969
-453,357,7002,-452.013885,359.398132,7001.83398
-521,238,6889,-520.017578,240.393631,6888.81348
-496,248,7013,-495.012756,250.393326,7012.84082
-453,357,7002,-452.103424,359.407196,7001.55713
-496,248,7013,-495.097046,250.407227,7012.57031
-444,254,7118,-443.0961,256.403748,7117.57227
-471,357,6881,-470.012756,359.607391,6880.84082
-521,238,6889,-520.011536,240.608765,6888.84863
-453,357,7002,-452.011902,359.612366,7001.84619
-725,600,6924,-725.999084,602.284302,6924.04248
-730,618,7036,-730.999023,620.286804,7036.04346
-663,475,7044,-663.999023,477.281006,7044.04395
-798,595,6690,-798.868164,597.505493,6690.49609
-738,605,6799,-738.867798,607.504517,6799.49658
-673,483,6810,-673.867554,485.503784,6810.49707
-738,605,6799,-738.996948,607.100525,6799.07715
-725,600,6924,-725.996948,602.104675,6924.07617
-662,482,6932,-662.997009,484.107605,6932.07617
-663,475,7044,-663.97052,476.039948,7044.24072
-778,612,7132,-778.970581,613.036682,7132.24072
-616,453,7143,-616.970459,454.041077,7143.24072
-798,595,6690,-798.91449,598.488525,6690.4043
-762,473,6679,-762.91095,476.491638,6679.41211
-826,525,6577,-826.917969,528.486328,6577.39648
-572,373,7144,-572.819031,374.947998,7143.42627
-616,453,7143,-616.831726,454.950226,7142.44482
-676,417,7259,-676.831177,418.94519,7258.44434
-663,475,7044,-663.916748,481.421967,7044.39941
-616,453,7143,-616.920593,459.429779,7143.39014
-642,363,7046,-642.920532,369.422394,7046.39062
-662,482,6932,-662.999023,486.764954,6931.95605
-663,475,7044,-663.999023,479.756409,7043.95605
-642,363,7046,-642.999023,367.759827,7045.95605
-673,483,6810,-673.996033,489.96524,6810.08887
-662,482,6932,-662.996948,488.96463,6932.07715
-645,363,6935,-645.996033,369.967163,6935.08887
-762,473,6679,-762.83429,483.834198,6679.55078
-673,483,6810,-673.830017,493.86322,6810.55762
-655,361,6815,-655.820679,371.867584,6815.57129
-642,363,7046,-642.808838,369.588379,7046.58789
-572,373,7144,-572.820679,379.581726,7144.57129
-621,255,7048,-621.815735,261.595886,7048.57812
-645,363,6935,-645.999023,368.000305,6935.04395
-642,363,7046,-642.999023,367.999023,7046.04395
-621,255,7048,-621.999023,260.008087,7048.04395
-655,361,6815,-655.997009,367.040527,6815.07617
-645,363,6935,-645.996948,369.027679,6935.07617
-627,245,6938,-627.997009,251.035812,6938.07715
-728,352,6676,-728.886169,360.227783,6676.46289
-655,361,6815,-655.883179,369.227783,6815.46875
-636,239,6821,-636.88562,247.215897,6821.46436
-732,348,6535,-732.998962,362.262787,6535.04346
-716,225,6679,-716.999023,239.268661,6679.04297
-722,211,6537,-722.999023,225.256363,6537.04102
-751,348,6399,-751.991028,363.43689,6399.13281
-732,348,6535,-732.991333,363.464752,6535.13135
-722,211,6537,-722.992065,226.46936,6537.125
-800,351,6260,-800.980347,356.080963,6260.19678
-745,211,6394,-745.981201,216.081985,6394.19238
-775,211,6249,-775.982239,216.085892,6249.1875
-758,464,6546,-758.999023,467.237671,6545.95605
-762,473,6679,-762.999023,476.230743,6678.95605
-728,352,6676,-728.999023,355.224152,6675.95605
-780,476,6410,-780.991089,479.98111,6410.13281
-732,348,6535,-732.991333,351.987122,6535.13135
-751,348,6399,-751.991089,351.990326,6399.13281
-837,486,6288,-837.911011,490.523621,6288.41211
-780,476,6410,-780.917542,480.529388,6410.39746
-751,348,6399,-751.920532,352.529144,6399.39062
-312,472,7080,-311.104401,473.214874,7079.55518
-453,357,7002,-452.0961,358.212616,7001.57227
-399,359,7113,-398.103424,360.213318,7112.55713
-389,475,6879,-388.011841,476.340179,6878.84668
-471,357,6881,-470.011841,358.338837,6880.84668
-453,357,7002,-452.012756,358.336243,7001.84082
-354,211,6318,-353.021881,216.637543,6317.79199
-342,337,6271,-341.021881,342.640961,6270.79199
-357,330,6206,-356.022095,335.644806,6205.79102
-418,355,6764,-417.215515,357.093262,6764.62012
-339,478,6763,-338.21167,480.095428,6763.61523
-325,349,6638,-324.21167,351.090881,6638.61523
-350,212,6479,-349.000885,217.926086,6478.95801
-325,349,6638,-324.000885,354.930756,6637.95801
-325,352,6487,-324.000885,357.922333,6486.95801
-325,352,6487,-324.004883,354.268829,6486.90137
-254,485,6643,-253.004883,487.258636,6642.90137
-267,493,6488,-266.004883,495.262573,6487.90137
-350,212,6479,-349.000885,217.535004,6478.95801
-325,352,6487,-324.000885,357.536346,6486.95801
-354,211,6318,-353.000885,216.538879,6317.95801
-467,232,6779,-466.244629,236.111176,6779.65527
-418,355,6764,-417.238739,359.117554,6764.64844
-356,212,6641,-355.235443,216.124573,6641.64453
-467,232,6779,-466.0961,235.349915,6779.42773
-471,357,6881,-470.0961,360.352997,6881.42773
-418,355,6764,-417.091095,358.349976,6764.41699
-235,566,6266,-234.047867,568.584961,6265.69434
-301,355,6341,-300.051727,357.577301,6340.68262
-234,500,6354,-233.054703,502.584869,6353.67383
-339,478,6763,-338.171234,480.271118,6763.55957
-254,485,6643,-253.165359,487.268005,6643.55078
-325,349,6638,-324.179962,351.266235,6638.57227
-267,493,6488,-266.011841,495.235657,6488.15332
-301,355,6341,-300.011902,357.239227,6341.15381
-325,352,6487,-324.011841,354.233673,6487.15332
-399,359,7113,-398.104645,361.336243,7112.55469
-453,357,7002,-452.105133,359.337097,7001.55371
-444,254,7118,-443.105133,256.339203,7117.55371
-418,355,6764,-417.077423,356.521576,6764.38574
-389,475,6879,-388.079468,476.518158,6879.39062
-339,478,6763,-338.079468,479.521606,6763.39062
-356,212,6641,-355.209015,218.382584,6641.61182
-418,355,6764,-417.209015,361.388367,6764.61182
-325,349,6638,-324.209015,355.384491,6638.61182
-378,472,6979,-377.163757,473.455841,6978.45166
-453,357,7002,-452.163452,358.458618,7001.45215
-312,472,7080,-311.16925,473.454498,7079.44336
-389,475,6879,-388.008881,476.606659,6878.86719
-453,357,7002,-452.009003,358.610809,7001.86621
-378,472,6979,-377.009827,473.608765,6978.86035
-234,500,6354,-233.024887,502.266815,6354.22168
-301,355,6341,-300.024902,357.269012,6341.22168
-267,493,6488,-266.024902,495.269653,6488.22168
-354,211,6318,-353.011841,213.482224,6318.15332
-325,352,6487,-324.012054,354.479187,6487.15479
-301,355,6341,-300.011841,357.481689,6341.15332
-325,352,6487,-324.000885,353.956116,6486.95801
-325,349,6638,-324.000885,350.957092,6637.95801
-254,485,6643,-253.000885,486.954773,6642.95801
-350,212,6479,-349.000885,216.342194,6479.04199
-356,212,6641,-355.000885,216.33963,6641.04199
-325,349,6638,-324.000885,353.345306,6638.04199
-875,666,6461,-875.982117,672.178406,6461.1875
-826,525,6577,-826.979492,531.19519,6577.20117
-854,538,6451,-854.9823,544.183716,6451.18701
-616,453,7143,-616.71582,454.479889,7142.30176
-778,612,7132,-778.71582,613.487122,7131.30176
-827,542,7258,-827.71582,543.489441,7257.30176
-730,618,7036,-730.887329,620.020203,7035.53906
-778,612,7132,-778.884338,614.015381,7131.5332
-663,475,7044,-663.886841,477.019928,7043.53809
-642,363,7046,-642.789062,365.370544,7046.61426
-616,453,7143,-616.79425,455.372162,7143.60742
-572,373,7144,-572.79425,375.372101,7144.60742
-645,363,6935,-645.998108,368.947906,6935.06104
-621,255,7048,-621.997986,260.933167,7048.0625
-627,245,6938,-627.997986,250.943726,6938.06201
-673,483,6810,-673.996948,490.582367,6810.07617
-645,363,6935,-645.997009,370.58429,6935.07617
-655,361,6815,-655.997009,368.573181,6815.07617
-798,595,6690,-798.831726,598.326843,6690.55518
-673,483,6810,-673.831299,486.323334,6810.55566
-762,473,6679,-762.830078,476.330139,6679.55762
-662,482,6932,-662.999023,488.277893,6932.04297
-642,363,7046,-642.999023,369.27652,7046.04395
-645,363,6935,-645.999023,369.287384,6935.04346
-738,605,6799,-738.997009,607.048096,6799.07666
-662,482,6932,-662.996948,484.046051,6932.07666
-673,483,6810,-673.996948,485.044189,6810.07715
-725,600,6924,-725.999023,602.072266,6923.95605
-663,475,7044,-663.999023,477.07547,7043.95605
-662,482,6932,-662.999023,484.072144,6931.95605
-655,361,6815,-655.997009,367.200714,6815.07715
-627,245,6938,-627.997009,251.183823,6938.07715
-636,239,6821,-636.997009,245.190964,6821.07617
-762,473,6679,-762.884155,477.186188,6679.4668
-655,361,6815,-655.876831,365.180817,6815.48047
-728,352,6676,-728.883728,356.178802,6676.46777
-728,352,6676,-728.871521,367.233704,6676.49023
-636,239,6821,-636.87146,254.297592,6821.49023
-716,225,6679,-716.863708,240.26062,6679.50391
-758,464,6546,-758.999023,468.490173,6546.04395
-728,352,6676,-728.999023,356.493591,6676.04346
-732,348,6535,-732.999084,352.492615,6535.04248
-780,476,6410,-780.992065,480.658844,6410.125
-758,464,6546,-758.990967,468.668274,6546.13281
-732,348,6535,-732.991333,352.665955,6535.13135
-732,348,6535,-732.999023,359.05481,6535.04248
-728,352,6676,-728.999023,363.065155,6676.04248
-716,225,6679,-716.999084,236.058884,6679.04248
-751,348,6399,-751.988098,367.771973,6399.15332
-722,211,6537,-722.989136,230.784241,6537.14648
-745,211,6394,-745.988098,230.78923,6394.15332
-837,486,6288,-837.950806,489.313568,6288.30957
-751,348,6399,-751.948914,351.322693,6399.31543
-800,351,6260,-800.950867,354.31601,6260.30957
-800,351,6260,-800.948242,370.382294,6260.31738
-751,348,6399,-751.950745,367.389252,6399.30957
-745,211,6394,-745.94043,230.409439,6394.33984
-357,330,6206,-356.016846,332.093445,6205.81738
-342,337,6271,-341.019073,339.092743,6270.80566
-235,566,6266,-234.01683,568.090027,6265.81738
-850,646,6590,-850.960632,648.517029,6590.27734
-813,708,6801,-813.958618,710.518982,6801.28418
-798,595,6690,-798.95874,597.520813,6690.28418
-813,708,6801,-813.848938,709.564148,6801.52832
-738,605,6799,-738.857727,606.56543,6799.51367
-798,595,6690,-798.857727,596.566284,6690.51367
-850,646,6590,-850.997986,647.105652,6590.06152
-875,666,6461,-875.997986,667.107544,6461.0625
-940,749,6494,-940.996948,750.105957,6494.07715
-940,749,6494,-940.946289,751.002014,6494.32324
-813,708,6801,-813.947144,710.011414,6801.3208
-850,646,6590,-850.94989,648.005859,6590.3125
-850,646,6590,-850.988159,650.707825,6590.15332
-826,525,6577,-826.988159,529.708862,6577.15332
-875,666,6461,-875.989075,670.708374,6461.14648
-6,1368,1282,-5.71909285,1369.7478,1281.04028
-61,1409,1241,-60.7028618,1410.74963,1240.04517
-71,1387,1251,-70.7028656,1388.74939,1250.04517
-61,1409,1241,-60.3489494,1410.50891,1240.24097
-114,1424,1182,-113.348953,1425.50732,1181.24097
-127,1400,1192,-126.348953,1401.50684,1191.24097
-166,1412,1121,-165.153412,1413.0249,1120.46777
-114,1424,1182,-113.153404,1425.02344,1181.46777
-146,1434,1113,-145.153412,1435.02515,1112.46777
-154,1393,823,-153.040955,1394.05139,823.283203
-182,1409,971,-181.040955,1410.04919,971.283203
-155,1436,968,-154.040985,1437.04907,968.283325
-166,1412,1121,-165.019852,1413.01099,1120.80176
-146,1434,1113,-145.019852,1435.01111,1112.80176
-181,1411,1049,-180.020859,1412.01135,1048.79688
-166,1412,1121,-165.187546,1413.41992,1120.41699
-127,1400,1192,-126.1819,1401.41956,1191.42493
-114,1424,1182,-113.179253,1425.41931,1181.42871
-61,1409,1241,-60.3489075,1410.54443,1240.24109
-127,1400,1192,-126.35701,1401.54541,1191.23413
-71,1387,1251,-70.3409271,1388.54517,1250.24792
-182,1409,971,-181.003876,1418.67603,970.912048
-189,1339,975,-188.003876,1348.67554,974.912048
-183,1339,1045,-182.003876,1348.67847,1044.91211
-183,1339,1045,-182.021927,1402.66687,1044.79175
-166,1412,1121,-165.021881,1475.72803,1120.79199
-181,1411,1049,-180.021881,1474.68958,1048.79199
-182,1409,971,-181.000885,1445.5083,970.957947
-183,1339,1045,-182.000885,1375.54077,1044.95801
-181,1411,1049,-180.000885,1447.52063,1048.95801
-140,1396,1113,-140.987854,1398.0791,1113.15527
-126,1365,1105,-126.987831,1367.0791,1105.15527
-150,1394,1042,-150.988022,1396.07751,1042.1543
-146,1434,1113,-146.98703,1440.22131,1113.16052
-140,1396,1113,-140.986832,1402.22363,1113.16174
-157,1435,1043,-157.986832,1441.22754,1043.16174
-49,1370,1235,-49.7913551,1372.99866,1235.61133
-114,1424,1182,-114.791336,1426.99719,1182.61133
-61,1409,1241,-61.7915611,1411.99854,1241.61108
0,1389,1272,-0.534006,1392.43848,1272.84546
-49,1370,1235,-49.5402832,1373.43872,1235.84143
-61,1409,1241,-61.5402756,1412.43958,1241.84143
67,1366,1297,66.5028763,1367.91956,1297.86768
70,1336,1281,69.5037231,1337.92029,1281.86816
0,1389,1272,-0.507006347,1390.91858,1272.86194
200,1304,1301,199.719055,1305.88416,1301.95972
70,1336,1281,69.7157211,1337.88696,1281.95874
67,1366,1297,66.7165451,1367.88794,1297.95898
-140,1396,1113,-140.912003,1397.90442,1113.41016
-103,1383,1179,-103.914558,1384.90332,1179.4043
-126,1365,1105,-126.914627,1366.90491,1105.4043
-146,1434,1113,-146.918015,1441.05762,1113.39648
-114,1424,1182,-114.914566,1431.05957,1182.4043
-140,1396,1113,-140.917984,1403.05444,1113.39648
0,1389,1272,-0.357008278,1392.28674,1272.93408
70,1336,1281,69.635994,1339.28687,1281.9314
7,1353,1263,6.64679766,1356.28735,1263.93555
7,1353,1263,6.47496557,1356.21814,1263.85107
-49,1370,1235,-49.5372543,1373.21912,1235.84338
0,1389,1272,-0.52000618,1392.21899,1272.85413
-86,1352,1167,-86.7699432,1353.21387,1167.63806
-49,1370,1235,-49.7670364,1371.21509,1235.6416
-29,1340,1219,-29.7667027,1341.21411,1219.64197
-126,1365,1105,-126.900574,1366.48096,1105.43457
-103,1383,1179,-103.900627,1384.47925,1179.43457
-86,1352,1167,-86.9006042,1353.47925,1167.43457
-103,1383,1179,-103.744621,1387.08264,1179.66748
-114,1424,1182,-114.743286,1428.08398,1182.66895
-49,1370,1235,-49.743412,1374.08411,1235.66882
-140,1396,1113,-140.89679,1399.62207,1113.44238
-114,1424,1182,-114.900635,1427.62146,1182.43457
-103,1383,1179,-103.900688,1386.62268,1179.43445
-157,1435,1043,-157.990875,1440.74182,1043.13477
-140,1396,1113,-140.99086,1401.73816,1113.13477
-150,1394,1042,-150.99086,1399.74182,1042.13477
65,1349,1299,64.9558182,1357.64783,1298.00098
200,1304,1301,199.955826,1312.6554,1300.00098
67,1366,1297,66.9558182,1374.64758,1296.00098
67,1366,1297,67.1853485,1373.05017,1296.01733
-6,1368,1282,-5.80332518,1375.05896,1281.01953
65,1349,1299,65.1903458,1356.05115,1298.01831
-173,1401,1121,-172.008865,1406.31519,1120.86719
-157,1532,1056,-156.008865,1537.3219,1055.86719
-181,1411,1049,-180.009033,1416.3175,1048.86597
-153,1403,964,-153.998993,1446.29407,964.0448
-155,1389,911,-155.998993,1432.30737,911.0448
-156,1534,963,-156.998993,1577.2157,963.044861
-112,1518,1187,-112.914627,1566.38953,1187.4043
-110,1390,1185,-110.91468,1438.43176,1185.40417
-148,1400,1101,-148.915054,1448.38721,1101.40332
-112,1518,1187,-111.207123,1532.05896,1186.39062
-173,1401,1121,-172.21167,1415.07458,1120.38477
-125,1390,1185,-124.202286,1404.0835,1184.39697
-44,1375,1247,-44.6906891,1419.3324,1247.72314
-110,1390,1185,-110.69117,1434.3761,1185.72266
-112,1518,1187,-112.689247,1562.30872,1187.72449
-51,1375,1254,-50.3299446,1393.00354,1253.25769
-112,1518,1187,-111.329948,1536.02917,1186.25769
-125,1390,1185,-124.329918,1408.00415,1184.25781
88,1322,1290,87.8745193,1327.41541,1290.99207
141,1370,1306,140.867096,1375.4126,1306.99109
154,1323,1299,153.867096,1328.41187,1299.99109
113,1297,1297,113.040428,1314.47144,1296.00085
202,1253,1304,202.041046,1270.48572,1303.00085
200,1304,1301,200.041107,1321.49121,1300.00085
-148,1400,1101,-148.992874,1443.85657,1101.11914
-154,1403,1056,-154.991058,1446.85645,1056.13342
-157,1532,1056,-157.991058,1575.90417,1056.13342
-181,1411,1049,-180.000885,1416.03906,1048.95801
-157,1532,1056,-156.000885,1537.04041,1055.95801
-182,1409,971,-181.000885,1414.03931,970.957947
-154,1403,1056,-154.999069,1445.56909,1055.95691
-153,1403,964,-153.999069,1445.56384,963.956909
-157,1532,1056,-157.999069,1574.52966,1055.95691
-157,1528,912,-156.000854,1532.86731,912.041016
-182,1409,971,-181.000778,1413.86621,971.039062
-156,1534,963,-155.000778,1538.8689,963.039062
-4,1362,1279,-3.55421829,1374.33459,1278.10486
-2,1494,1268,-1.55421817,1506.3562,1267.10486
-51,1375,1254,-50.5435944,1387.33606,1253.11023
-157,1532,1056,-157.999069,1575.91016,1055.95691
-153,1403,964,-153.999069,1446.8689,963.956909
-156,1534,963,-156.999069,1577.85962,962.956909
-148,1400,1101,-148.988174,1459.35083,1101.15332
-157,1532,1056,-157.987091,1591.19922,1056.16016
-150,1527,1102,-150.986771,1586.24316,1102.16211
-112,1518,1187,-112.914597,1575.00745,1187.4043
-148,1400,1101,-148.915054,1457.00757,1101.40332
-150,1527,1102,-150.912003,1584.06274,1102.41016
-44,1375,1247,-44.6913338,1419.98669,1247.72253
-112,1518,1187,-112.689255,1563.1283,1187.72449
-45,1503,1250,-45.6929893,1548.0592,1250.72095
-2,1494,1268,-2.4003334,1534.10425,1268.91626
-44,1375,1247,-44.3965492,1415.13391,1247.91797
-45,1503,1250,-45.3940163,1543.09045,1250.91907
88,1322,1290,87.5956726,1333.03821,1290.91455
-2,1494,1268,-2.40004349,1505.01672,1268.91638
91,1471,1306,90.594429,1482.02454,1306.91406
-51,1375,1254,-50.6357498,1396.51526,1253.06873
-2,1494,1268,-1.62164164,1515.48743,1267.07434
-45,1503,1250,-44.6307526,1524.49048,1249.07068
-51,1375,1254,-50.3299446,1392.92627,1253.25769
-45,1503,1250,-44.3121262,1520.90222,1249.27417
-112,1518,1187,-111.329948,1535.89734,1186.25769
-112,1518,1187,-111.096565,1522.45288,1186.57129
-150,1527,1102,-149.0961,1531.45532,1101.57227
-173,1401,1121,-172.0961,1405.44714,1120.57227
-173,1401,1121,-172.01683,1405.74426,1120.81738
-150,1527,1102,-149.016937,1531.73901,1101.81677
-157,1532,1056,-156.01683,1536.73962,1055.81738
-182,1409,971,-181.000732,1413.90796,971.038086
-157,1532,1056,-156.000809,1536.9137,1056.04004
-156,1534,963,-155.000854,1538.90979,963.041016
67,1344,1295,67.2005997,1355.60999,1294.02039
-2,1494,1268,-1.79324889,1505.60754,1267.02161
-4,1362,1279,-3.79308748,1373.61304,1278.02173
-965,766,6371,-965.990173,768.492432,6371.13965
-940,749,6494,-940.988159,751.49353,6494.15332
-929,670,6347,-929.989136,672.493469,6347.14648
-886,216,6166,-886.413086,220.990067,6166.91064
-1230,467,6074,-1230.41211,471.960114,6074.91113
-921,468,6210,-921.411865,472.978912,6210.91113
-220,503,6143,-219.585052,506.988495,6143.90967
-281,215,6100,-280.583618,218.986282,6100.90918
-312,345,6148,-311.587067,348.982025,6148.91064
-152,584,6490,-151.011826,585.47998,6489.84668
-152,549,6660,-151.011826,550.482605,6659.84668
200,982,6839,200.987839,983.483215,6838.84473
-232,567,6788,-231.212433,568.133545,6788.61621
200,982,6839,200.786636,983.130432,6839.61719
-152,549,6660,-151.220947,550.134521,6660.62695
-158,568,7054,-157.000854,569.195068,7054.04102
110,885,7138,110.999863,886.194153,7138.0127
200,982,6839,200.999115,983.19281,6839.04199
-220,503,6143,-219.594437,507.739929,6143.91406
99,228,5925,99.4026489,232.735535,5925.91504
-281,215,6100,-280.590057,219.722031,6100.91211
-235,566,6266,-234.079041,567.81958,6266.38965
-220,503,6143,-219.077194,504.821075,6143.38525
-312,345,6148,-311.079254,346.823029,6148.39014
-220,503,6143,-219.829468,504.640411,6143.98535
417,560,6069,417.175171,561.631775,6069.98438
99,228,5925,99.1505432,229.644989,5925.98828
417,560,6069,417.246368,561.392517,6069.96875
960,556,5914,960.246094,557.40332,5914.96924
99,228,5925,99.2762604,229.382416,5925.96094
-312,345,6148,-311.144958,346.666168,6148.51855
-415,211,6169,-414.15036,212.66539,6169.52734
-357,330,6206,-356.144379,331.664429,6206.51758
-235,566,6266,-234.15036,567.856628,6266.52734
-312,345,6148,-311.147644,346.856018,6148.52295
-357,330,6206,-356.153412,331.856964,6206.53223
-312,345,6148,-311.545288,349.754944,6148.89062
-281,215,6100,-280.539581,219.757187,6100.8877
-415,211,6169,-414.546783,215.765366,6169.89111
-929,670,6347,-929.950745,673.39679,6347.30957
-854,538,6451,-854.94696,541.383362,6451.32129
-896,545,6334,-896.950745,548.389343,6334.30957
-886,216,6166,-886.557373,220.73613,6166.83008
-921,468,6210,-921.572266,472.749237,6210.81982
-800,351,6260,-800.55426,355.74115,6260.83203
-886,216,6166,-886.214844,1971.49536,6166.97656
-581,-1927,6225,-581.205078,-135.99585,6225.97852
-880,-1928,6166,-880.191345,-142.21788,6166.98145
-929,670,6347,-929.660156,672.090332,6347.75098
-1230,726,6128,-1230.64551,728.092896,6128.76367
-965,766,6371,-965.659058,768.092285,6371.75195
-971,530,6259,-971.698242,533.913025,6259.71582
-929,670,6347,-929.700195,673.909302,6347.71387
-896,545,6334,-896.698242,548.912231,6334.71582
-1230,467,6074,-1230.5575,472.989868,6074.83008
-1230,726,6128,-1230.55664,732.011902,6128.83057
-971,530,6259,-971.554382,535.997925,6259.83203
-800,351,6260,-800.645264,354.009766,6260.76367
-921,468,6210,-921.646484,471.009949,6210.7627
-837,486,6288,-837.65155,489.008423,6288.7583
-886,216,6166,-886.623047,221.366287,6166.78174
-800,351,6260,-800.614258,356.353821,6260.78857
-775,211,6249,-775.623108,216.362457,6249.78174
-886,216,6166,-886.534729,919.971924,6166.84473
-880,-1928,6166,-880.534607,-1204.96326,6166.84473
-1320,-1929,5899,-1320.52637,-1202.96326,5899.8501
-775,211,6249,-775.613831,225.842804,6249.78906
-581,-1927,6225,-581.61438,-1912.01855,6225.78857
-886,216,6166,-886.61438,230.860001,6166.78857
-1529,570,5616,-1529.85486,579.184082,5616.51855
-1230,726,6128,-1230.84961,735.224976,6128.52734
-1230,467,6074,-1230.86475,476.204773,6074.50195
-1529,-1929,5616,-1529.80957,-1860.62366,5616.58691
-1230,216,6074,-1230.81836,285.335693,6074.57422
-1320,-1929,5899,-1320.81897,-1860.39136,5899.57373
-813,708,6801,-813.997009,709.411743,6801.07666
-730,618,7036,-730.997131,619.412537,7036.07568
-725,600,6924,-725.997009,601.411865,6924.07715
-778,612,7132,-778.710938,613.313721,7131.29688
-1183,883,7220,-1183.70215,884.312805,7219.28809
-827,542,7258,-827.697754,543.317505,7257.28369
-965,766,6371,-965.997009,767.160156,6371.07715
-1224,1050,6591,-1224.99805,1051.16064,6591.05957
-940,749,6494,-940.997986,750.163147,6494.0625
-929,670,6347,-929.920288,671.109314,6347.39062
-940,749,6494,-940.917603,750.109619,6494.39746
-875,666,6461,-875.91449,667.109009,6461.4043
-929,670,6347,-929.910828,675.557434,6347.4126
-875,666,6461,-875.910583,671.55481,6461.41309
-854,538,6451,-854.910522,543.550476,6451.41309
-676,417,7259,-676.813782,419.486237,7258.41895
-603,232,7274,-603.820557,234.487091,7273.42871
-572,373,7144,-572.813721,375.492554,7143.41895
-324,148,7393,-323.011841,149.489914,7392.84668
210,885,7788,210.987839,886.471985,7787.84473
110,885,7138,110.988754,886.48053,7137.85059
-344,220,7226,-343.335266,223.253754,7225.25293
-399,359,7113,-398.317169,362.257568,7112.26953
-444,254,7118,-443.318115,257.25705,7117.26855
-324,148,7393,-323.088226,149.328934,7392.58936
110,885,7138,110.910629,886.325073,7137.58691
-344,220,7226,-343.084534,221.330215,7225.59766
-312,472,7080,-311.430206,473.543976,7080.82178
110,885,7138,110.579872,886.549316,7138.81445
-158,568,7054,-157.430206,569.545288,7054.82178
-344,220,7226,-343.598877,221.850311,7225.08398
-312,472,7080,-311.60791,473.844574,7079.08008
-399,359,7113,-398.600159,360.847534,7112.0835
-1458,439,9730,-1458.04297,443.112213,9730.99902
192,439,9747,191.937546,443.176086,9747.99805
-224,-741,9445,-224.042267,-736.771912,9445.99902
-985,42,7747,-985.997009,46.6153107,7747.07666
-1195,883,7447,-1195.99805,887.663269,7447.06104
-1167,883,7855,-1167.99707,887.671082,7855.07617
210,885,7788,210.998001,888.192383,7787.9375
-224,-741,9445,-223.002838,-737.816101,9444.9248
192,439,9747,192.998032,442.226379,9746.9375
-1458,439,9730,-1458.98035,444.928314,9729.80273
-985,42,7747,-985.981262,47.8225212,7746.80762
-1167,883,7855,-1167.98132,888.809814,7854.80811
-827,542,7258,-827.678711,543.288696,7257.26562
-643,204,7467,-643.678711,205.28981,7466.26562
-676,417,7259,-676.697266,418.286377,7258.2832
-827,542,7258,-827.389038,543.163574,7257.0791
-985,42,7747,-985.412048,43.1542397,7746.08887
-643,204,7467,-643.389038,205.153259,7466.0791
-676,417,7259,-676.970459,419.555298,7258.75879
-643,204,7467,-643.9646,206.55043,7466.73633
-603,232,7274,-603.970459,234.549896,7273.75879
-324,148,7393,-323.087341,150.150543,7392.59131
-224,38,7754,-223.087341,40.1443176,7753.59131
210,885,7788,210.914841,887.17157,7787.59668
210,885,7788,210.972015,887.135986,7787.76514
-224,38,7754,-223.027985,40.0961418,7753.76514
-224,-741,9445,-223.025116,-738.912781,9444.77734
-1458,439,9730,-1458.06055,442.547211,9730.99805
-224,-741,9445,-224.042267,-737.395386,9445.99902
-1101,-743,9440,-1101.04297,-739.440613,9440.99902
-1458,439,9730,-1458.98242,442.552765,9729.81348
-1101,-743,9440,-1101.98242,-739.489197,9439.81348
-985,42,7747,-985.982239,45.6231384,7746.8125
-813,708,6801,-813.997009,709.432556,6801.0752
-725,600,6924,-725.997009,601.435669,6924.07666
-738,605,6799,-738.997009,606.434265,6799.07715
-281,215,6100,-280.590057,403.292053,6100.91211
99,228,5925,99.4050369,415.117767,5925.91406
-581,-1927,6225,-580.571045,-1734.20789,6225.90332
83,1630,160,82.9561691,1639.90869,159.000961
27,1762,147,26.9561653,1771.8877,146.000961
-33,1630,160,-33.0435257,1639.90869,159.000961
83,1630,160,82.9561691,1637.599,159.000961
-36,1396,193,-36.0435257,1403.5979,192.000961
90,1393,191,89.9554749,1400.60327,190.000992
83,1630,160,82.9561691,1636.97839,159.000961
-33,1630,160,-33.0435257,1636.97839,159.000961
-36,1396,193,-36.0435257,1402.99268,192.000961
-354,211,6318,-353.11618,215.076752,6317.53223
-301,355,6341,-300.118256,359.082245,6340.52832
-342,337,6271,-341.113098,341.081299,6270.53809
-235,566,6266,-234.0961,568.281189,6265.57227
-342,337,6271,-341.0961,339.286682,6270.57227
-301,355,6341,-300.0961,357.28598,6340.57227
-157,1528,912,-157.999069,1692.23438,911.956909
-156,1377,865,-156.999069,1541.14453,864.956909
-157,1540,865,-157.999069,1704.15942,864.956909
-157,1528,912,-156.007858,1535.03833,912.125061
-170,1399,865,-169.007858,1406.03235,865.125061
-175,1403,912,-174.007858,1410.02783,912.125
-157,1540,865,-156.000885,1551.04199,864.957947
-170,1399,865,-169.000885,1410.01782,864.957947
-157,1528,912,-156.000885,1539.03796,911.957947
-157,1528,912,-156.008896,1535.10632,912.133057
-175,1403,912,-174.008865,1410.10156,912.132812
-182,1409,971,-181.008865,1416.10498,971.132812
88,1322,1290,87.7157211,1332.36804,1290.95874
91,1471,1306,90.7173691,1481.38794,1306.95923
112,1383,1303,111.713669,1393.37561,1303.95813
88,1322,1290,87.8287659,1328.80432,1290.98523
112,1383,1303,111.817886,1389.79675,1303.98328
141,1370,1306,140.829468,1376.79688,1306.98535
-155,1389,911,-155.999069,1459.45337,911.04303
-156,1377,865,-156.999054,1447.40027,865.043274
-157,1528,912,-157.999069,1598.53711,912.042969
-156,1534,963,-156.999054,1603.22205,963.043274
-155,1389,911,-155.999054,1458.15503,911.043457
-157,1528,912,-157.999054,1597.25171,912.043457
