1646,201,3191,1646.30762,211.454742,3191.95142
1792,171,3139,1792.30835,181.444489,3139.95117
1667,-77,3155,1667.31079,-66.5752487,3155.95044
869,178,3098,869.996155,179.087387,3098.0874
910,211,2969,910.996033,212.087738,2969.08862
784,72,2952,784.996033,73.088356,2952.08862
-498,223,909,-498.997986,224.197983,909.063416
-390,94,924,-390.997986,95.1990891,924.062988
-379,68,770,-379.997986,69.2008362,770.063049
-758,210,1324,-758.982422,211.765701,1323.81335
-783,300,1177,-783.9823,301.762207,1176.81274
-823,320,1330,-823.9823,321.764069,1329.81274
-902,161,1777,-902.995117,162.750702,1776.90137
-938,246,1630,-938.996033,247.750397,1629.91113
-967,271,1781,-967.995117,272.753021,1780.90137
-899,317,2079,-899.955627,318.724121,2079.29395
-869,185,1924,-869.950867,186.727921,1924.30957
-933,295,1930,-933.955933,296.727142,1930.29358
-783,260,2533,-783.904785,261.790161,2533.42578
-719,150,2521,-719.90387,151.792038,2521.42773
-788,147,2377,-788.904785,148.788559,2377.42578
-572,228,3085,-572.48938,229.3694,3085.87207
-625,97,2943,-625.502502,98.36866,2943.8645
-688,179,2978,-688.495178,180.368912,2978.86865
-482,196,3213,-482.89679,197.349167,3213.44238
-506,124,3051,-506.896729,125.353462,3051.44238
-572,228,3085,-572.895203,229.351562,3085.44556
2,163,3412,1.8473562,164.215469,3412.98828
-143,83,3323,-143.144989,84.2145767,3323.98926
-142,176,3405,-142.144989,177.216934,3405.98926
201,87,3398,200.719055,88.3677979,3398.95972
47,67,3340,46.7100182,68.3709869,3340.95703
166,189,3461,165.703659,190.366623,3461.95508
329,-60,2083,329.811005,-50.0154419,2082.41504
345,-60,2105,345.811584,-50.0167007,2104.41577
339,47,2079,339.811401,56.9856873,2078.41553
359,-60,2016,359.106781,-49.7178459,2016.99426
384,47,2024,384.106781,57.287468,2024.99426
386,-60,2013,386.106781,-49.7141685,2013.99426
437,-186,2126,436.226501,-182.75824,2125.36621
396,-60,2113,395.233795,-56.7616768,2112.35742
415,-189,2154,414.221741,-185.756729,2153.37207
438,-183,1984,437.018097,-179.421616,1984.18933
410,-60,2024,409.017975,-56.4172707,2024.18872
447,-184,2028,446.017975,-180.419586,2028.18872
345,-60,2105,345.802094,-57.4907112,2104.40283
281,-185,2101,281.800995,-182.492752,2100.40137
312,-187,2144,312.794189,-184.493866,2143.39233
415,-189,2154,414.780396,-186.133255,2153.02441
396,-60,2113,395.776093,-57.1301231,2112.02539
361,-189,2166,360.775452,-186.135513,2165.02563
298,-183,1999,298.575195,-180.42868,1999.81799
359,-60,2016,359.575378,-57.4218864,2016.81787
341,-183,1968,341.575134,-180.42836,1968.81799
281,-185,2101,281.994904,-182.531342,2100.89941
326,-60,2056,326.995026,-57.5317078,2055.90039
276,-184,2048,276.994965,-181.529541,2047.89978
394,-183,1963,393.564423,-180.45018,1963.90015
410,-60,2024,409.562408,-57.4550171,2024.89917
438,-183,1984,437.560669,-180.449509,1984.89832
341,-183,1968,341.086639,-180.551849,1968.99622
359,-60,2016,359.087463,-57.556179,2016.99609
394,-183,1963,394.086639,-180.552505,1963.99622
2509,-172,3040,2509.87158,-165.45752,3040.49023
2530,-89,3029,2530.87646,-82.4529648,3029.48145
2524,-172,3013,2524.86401,-165.45752,3013.50342
2524,-172,3013,2523.49658,-164.653641,3013.86401
2530,-89,3029,2529.50415,-81.6479416,3029.86841
2550,-172,3028,2549.49658,-164.654572,3028.86401
2550,-172,3028,2549.1499,-166.860977,3027.47339
2530,-89,3029,2529.1499,-83.8572617,3028.47339
2534,-172,3054,2533.1438,-166.860977,3053.4834
2534,-172,3054,2534.47998,-167.814941,3053.1228
2530,-89,3029,2530.47949,-84.8194427,3028.12256
2509,-172,3040,2509.48828,-167.81546,3039.12744
2939,-175,2983,2939.86084,-170.575272,2983.50879
2964,-76,2985,2964.86401,-71.5719604,2985.50342
2955,-175,2956,2955.85791,-170.573059,2956.51367
2955,-175,2956,2954.49658,-170.151443,2956.86401
2964,-76,2985,2963.49365,-71.1567383,2985.8623
2982,-175,2972,2981.47266,-170.152054,2972.84961
2982,-175,2972,2981.11572,-165.227036,2971.5332
2964,-76,2985,2963.11035,-66.2385559,2984.54346
2968,-175,2999,2967.10474,-165.229462,2998.55469
2968,-175,2999,2968.4668,-164.836395,2998.11572
2964,-76,2985,2964.47827,-65.8302917,2984.12183
2939,-175,2983,2939.47852,-164.83992,2982.12207
2816,-96,3286,2815.28296,-93.4862976,3286.69702
2820,-69,3306,2819.2832,-66.4862213,3306.69727
2838,-96,3309,2837.26562,-93.4859695,3309.67871
2702,-72,3290,2701.87549,-70.0945663,3290.99219
2710,-28,3315,2709.87549,-26.0946255,3315.99219
2820,-69,3306,2819.86792,-67.0913849,3306.99121
2610,-75,3382,2610.7063,-71.5712051,3382.70776
2622,-28,3389,2622.71484,-24.570425,3389.69922
2702,-72,3290,2702.69751,-68.5726318,3290.71655
2935,-121,3149,2935.91772,-117.082886,3149.39722
2943,-94,3149,2943.91772,-90.0815125,3149.39722
2975,-123,3050,2975.92578,-119.0849,3050.37793
3012,2,3096,3012.99414,3.68451834,3096.10718
2978,-42,3178,2978.99512,-40.3148766,3178.09766
3002,1,3185,3002.99512,2.68510199,3185.09839
2994,-72,3210,2994.83398,-69.639534,3209.44824
2943,-94,3149,2943.83008,-91.6358719,3148.44238
2943,-108,3159,2943.83008,-105.63578,3158.44238
2943,-108,3159,2943.91968,-104.409302,3158.60742
2943,-94,3149,2943.91992,-90.4092636,3148.60791
2935,-121,3149,2935.91772,-117.408676,3148.60278
3074,-48,3291,3074.75098,-44.7182045,3290.33984
3002,1,3185,3002.75146,4.27887011,3184.34033
2978,-42,3178,2978.7522,-38.7208366,3177.34106
3074,-48,3291,3074.70728,-45.7806549,3290.29321
3083,0,3268,3083.71411,2.21874285,3267.30005
3002,1,3185,3002.71118,3.21620011,3184.29712
3129,-45,3086,3128.84741,-43.0064964,3086.98828
3012,2,3096,3011.854,3.99290729,3096.98926
3132,6,3114,3131.86792,7.99562502,3114.99121
3073,84,3282,3073.69629,122.812668,3282.71753
3072,59,3282,3072.69629,97.7939911,3282.71753
2948,59,3406,2948.69629,97.7939911,3406.71753
3073,84,3282,3073.69629,122.812668,3282.71753
2948,59,3406,2948.69629,97.7939911,3406.71753
2947,84,3408,2947.69629,122.812668,3408.71753
2794,102,3549,2793.2981,103.041466,3549.71216
2663,187,3535,2662.30249,188.041931,3535.71655
2761,174,3612,2760.29688,175.041397,3612.71094
3131,90,2729,3131.77734,92.3082352,2728.37109
3181,234,2697,3181.77344,236.306412,2696.36621
3010,105,2568,3010.77344,107.314934,2567.36621
2951,61,3412,2951.52637,62.8595314,3412.8501
2903,67,3447,2903.53442,68.8614655,3447.84521
2955,99,3433,2955.52686,100.860481,3433.84985
3109,93,3324,3109.91772,96.5063553,3323.60278
3098,102,3291,3098.9209,105.506966,3290.61035
3075,28,3291,3075.9209,31.505682,3290.61035
3157,103,3366,3157.70972,104.171112,3365.29565
3195,169,3325,3195.69897,170.169098,3324.28491
3121,102,3331,3121.69751,103.171143,3330.28345
3098,102,3291,3098.99707,105.027916,3291.07446
3083,51,3278,3083.99609,54.0259666,3278.08716
3075,28,3291,3075.99707,31.0256348,3291.07446
3131,90,2900,3131.99121,91.3305817,2899.86792
3243,215,3046,3243.99023,216.333557,3045.8606
3213,202,2881,3213.99121,203.331253,2880.86792
2700,243,1801,2700.06079,244.602524,1800.00195
2532,119,1867,2532.06128,120.603279,1866.00195
2675,96,1890,2675.04321,97.6032257,1889.00098
2917,66,2124,2917.98438,67.9962234,2123.82397
2956,92,2286,2956.98535,93.9928665,2285.82959
3020,247,2221,3020.98535,248.998245,2220.82959
-29,241,479,-29.942297,242.508194,478.665222
74,163,342,73.0575409,164.504395,341.66568
27,238,325,26.0575409,239.505539,324.66568
451,3,291,451.91391,13.1460314,291.405914
464,137,294,464.913116,147.126923,294.407684
503,117,198,503.913727,127.132538,198.406326
380,-25,508,380.996979,-14.8251038,508.077301
370,-37,621,370.995972,-26.8288097,621.089661
384,100,614,384.99707,110.159805,614.076477
201,87,3398,200.345551,88.3969345,3398.7561
166,189,3461,165.346405,190.395645,3461.75684
270,178,3539,269.345551,179.393463,3539.7561
321,44,3497,320.052368,57.7184715,3497.31934
365,31,3628,364.053192,44.688324,3628.32178
331,-98,3496,330.046326,-84.2727737,3496.30078
270,178,3539,269.006927,180.334991,3539.11743
289,164,3642,288.006897,166.333832,3642.11719
321,44,3497,320.006897,46.3399467,3497.11719
880,150,3233,880.994202,151.524933,3232.89258
811,48,3235,811.995117,49.5243301,3234.90137
885,132,3391,885.994995,133.526688,3390.90039
434,-90,4014,434.78714,-84.4103088,4014.6167
357,-90,4114,357.786713,-84.4116898,4114.61719
379,34,4122,379.789795,39.5838318,4122.61328
325,25,3758,324.248901,155.177078,3757.33984
232,15,3864,231.248886,145.480408,3863.33984
322,-105,3763,321.243988,25.3931637,3762.34546
365,31,3628,364.052277,33.0312157,3627.68091
289,164,3642,288.052032,166.027618,3641.68164
325,25,3758,324.052032,27.0331459,3757.68164
272,151,3740,271.314209,153.441376,3739.27222
186,124,3834,185.315231,126.438683,3833.27124
325,25,3758,324.317322,27.4448929,3757.26929
61,50,4028,60.2749748,52.8797798,4027.31128
100,-87,4059,99.2940445,-84.1251907,4058.29175
152,15,3953,151.287262,17.8749256,3952.29858
347,159,-18,346.461243,167.569092,-18.8424587
475,51,-86,474.461243,59.5712166,-86.8424606
454,177,-90,453.461243,185.581375,-90.8424606
593,133,130,593.667969,134.774643,130.744186
503,117,198,503.665955,118.771614,198.745987
635,240,174,635.667969,241.777863,174.744186
2077,272,1761,2077.73145,273.844757,1760.31812
1975,252,1666,1975.73438,253.847473,1665.32129
2029,124,1824,2029.73108,125.841423,1823.31775
2387,263,1856,2386.41895,264.572205,1855.18616
2422,116,1946,2421.42578,117.570358,1945.1814
2532,119,1867,2531.42578,120.568459,1866.1814
18,152,496,17.3448448,261.327576,495.244507
-87,16,587,-87.6492615,125.610786,586.239441
40,9,479,39.3448792,118.444893,478.244476
-688,179,2978,-688.970398,180.228088,2978.24121
-680,114,2806,-680.970398,115.231949,2806.24121
-744,198,2824,-744.969543,199.230957,2824.24487
567,202,799,567.427673,203.13913,798.096069
432,87,846,432.459351,88.1395645,845.111755
552,102,891,552.424438,103.141396,890.094543
415,-57,866,415.279694,-29.7136154,865.039917
552,-142,908,552.268555,-114.726044,907.036743
548,-14,902,548.26178,13.3051023,901.034912
692,-108,880,691.8125,-88.4878693,879.017761
548,-14,902,547.813354,5.50808668,901.017578
552,-142,908,551.8125,-122.480934,907.017761
1542,153,1291,1542.86377,154.146378,1290.49622
1387,39,1214,1387.86389,40.1503716,1213.49634
1454,30,1344,1454.86487,31.1468391,1343.49805
1765,128,1467,1764.95593,129.117737,1466.00098
1665,6,1580,1664.95508,7.11174917,1579.0011
1873,-11,1587,1872.95508,-9.88608265,1586.0011
1929,231,1513,1929.97668,232.588669,1512.7854
1875,126,1571,1875.97852,127.591118,1570.79395
1975,252,1666,1975.97827,253.586929,1665.79297
2155,241,1836,2155.57227,242.82515,1835.18005
2077,272,1761,2077.57251,273.828033,1760.18018
2029,124,1824,2029.57227,125.823746,1823.18005
2278,253,1868,2278.31152,254.622467,1867.0498
2155,241,1836,2155.31348,242.622726,1835.05042
2136,101,1922,2136.30786,102.62355,1921.04858
2387,263,1856,2386.93774,264.594513,1855.00195
2278,253,1868,2277.93774,254.594711,1867.00195
2422,116,1946,2421.95605,117.591797,1945.00098
1454,30,1344,1454.88391,35.6227875,1343.53235
1387,39,1214,1387.87708,44.6180153,1213.51965
1369,-102,1234,1369.8833,-96.3693771,1233.53125
1665,6,1580,1665.61353,9.23773384,1579.21033
1541,24,1480,1541.5863,27.2477169,1479.18994
1631,-117,1600,1631.58765,-113.765602,1599.19092
1873,-11,1587,1873.04102,-7.77154589,1586.00085
1665,6,1580,1665.03455,9.23842525,1579.00061
1804,-151,1628,1804.03381,-147.768555,1627.00061
1912,-27,1725,1912.94604,-25.2408829,1724.67603
1873,-11,1587,1873.94019,-9.23863125,1586.65942
1804,-151,1628,1804.94604,-149.238098,1627.67603
1541,24,1480,1541.83423,28.23773,1479.44861
1454,30,1344,1454.83203,34.2310295,1343.44531
1434,-119,1379,1434.83398,-114.76886,1378.44824
1542,153,1291,1542.73401,154.173325,1290.32092
1454,30,1344,1454.73425,31.1748734,1343.32117
1629,145,1397,1629.74438,146.170486,1396.33228
828,26,822,827.609375,59.3322029,821.079468
692,9,880,691.602539,42.3418579,879.082397
832,-87,824,831.609375,-53.6795807,823.079468
1929,231,1513,1929.67847,232.350403,1512.26538
1765,128,1467,1765.67883,129.347519,1466.26575
1875,126,1571,1875.67834,127.348793,1570.26526
1692,265,1320,1692.37744,266.221741,1319.07397
1629,145,1397,1629.37219,146.222473,1396.0719
1765,128,1467,1765.37219,129.219345,1466.0719
1692,265,1320,1692.73401,266.272461,1319.32092
1542,153,1291,1542.73401,154.266754,1290.32092
1629,145,1397,1629.74438,146.269409,1396.33228
1667,-77,3155,1666.95593,-69.6041641,3155.99902
1523,204,3185,1522.93762,211.38913,3185.99805
1646,201,3191,1645.95593,208.385513,3191.99902
1523,204,3185,1522.62146,211.326889,3185.92554
1531,-75,3147,1530.62146,-67.656517,3147.92554
1385,184,3127,1384.60974,191.332886,3127.92065
1126,239,2998,1125.13513,240.021652,2998.50195
1266,135,3037,1265.1438,136.018402,3037.5166
1176,138,2892,1175.13525,139.019882,2892.5022
1400,-73,3090,1399.44788,-66.2626724,3090.83374
1266,135,3037,1265.42578,141.765152,3037.8186
1385,184,3127,1384.44202,190.767914,3127.82983
1176,138,2892,1175.14978,144.291138,2892.52637
1266,135,3037,1265.14722,141.289474,3037.52222
1282,-70,3001,1281.14685,-63.7266731,3001.52148
1051,140,2818,1050.46448,149.183838,2818.84448
1175,9,2876,1174.48145,18.1998825,2876.85498
1048,9,2799,1047.46484,18.1845493,2799.84473
2352,-27,2804,2351.93774,-17.3973427,2804.99805
2195,-38,2795,2194.93774,-28.3792973,2795.99805
2336,96,2816,2335.93774,105.588272,2816.99805
2060,23,2908,2060.61328,32.4401855,2908.78979
2192,109,2816,2192.61011,118.44001,2816.79224
2195,-38,2795,2195.61011,-28.5604038,2795.79224
1908,-103,3021,1908.69641,-15.0846462,3021.71753
1792,171,3139,1792.69641,259.375061,3139.71753
1907,147,3026,1907.69629,235.248138,3026.71753
2831,254,1929,2831.7124,255.880524,1928.29834
2675,96,1890,2675.71582,97.8809814,1889.30176
2789,89,2014,2789.7146,90.8813248,2013.30054
2967,203,2054,2967.57251,204.501511,2053.18018
2789,89,2014,2789.58594,90.5036087,2013.1897
2917,66,2124,2917.5791,67.4985733,2123.18481
1875,126,1571,1875.67786,136.964828,1570.26489
1765,128,1467,1765.67834,138.93895,1466.26526
1873,-11,1587,1873.67847,-0.0445435084,1586.26538
2336,96,2816,2335.95605,103.124817,2816.99902
2195,-38,2795,2194.95605,-30.8771286,2795.99902
2192,109,2816,2191.95605,116.122269,2816.99902
-744,198,2824,-744.946899,199.91687,2823.67871
-654,141,2657,-654.945923,142.913269,2656.67578
-718,250,2665,-718.94696,251.916061,2664.67871
-718,250,2665,-718.914612,251.754578,2665.4043
-719,150,2521,-719.914734,151.755676,2521.40405
-783,260,2533,-783.914551,261.754517,2533.4043
-864,313,2232,-864.978333,314.704865,2232.20703
-823,184,2065,-823.979248,185.704727,2065.20215
-899,317,2079,-899.978577,318.703766,2079.20581
-967,271,1781,-967.950806,272.758026,1781.30945
-869,185,1924,-869.950989,186.761002,1924.3092
-902,161,1777,-902.950806,162.757324,1777.30957
-938,246,1630,-938.733459,248.12323,1629.32031
-873,155,1625,-873.733704,157.120163,1624.32056
-844,305,1486,-844.733459,307.118805,1485.32031
-844,305,1486,-844.982422,306.773254,1485.81335
-779,194,1480,-779.982239,195.771118,1479.8125
-823,320,1330,-823.984375,321.774261,1329.82397
-783,300,1177,-783.789856,302.392853,1176.38672
-718,189,1170,-718.788696,191.389603,1169.38525
-675,295,1042,-675.788818,297.389648,1041.38538
-675,295,1042,-675.717041,297.028076,1041.30298
-498,223,909,-498.726166,225.022293,908.3125
-562,314,910,-562.716614,316.024567,909.302551
-289,164,650,-289.783783,183.984299,649.378967
-379,68,770,-379.783783,87.9991531,769.378967
-272,36,639,-272.783783,56.0175705,638.378967
880,150,3233,880.974487,151.519516,3232.77563
869,178,3098,869.974426,179.519211,3097.77539
811,48,3235,811.974548,49.5187683,3234.77588
885,132,3391,885.9646,133.179367,3391.26367
787,23,3386,787.962585,24.1799641,3386.27051
840,131,3555,840.964539,132.182404,3555.26367
840,131,3555,840.958679,132.234879,3555.28418
750,19,3527,750.95874,20.2360249,3527.28418
782,114,3706,782.960754,115.238762,3706.27734
-142,176,3405,-142.513763,177.348129,3405.85791
-143,83,3323,-143.52478,84.3456802,3323.85107
-354,189,3289,-354.521851,190.347336,3289.85303
-354,189,3289,-354.542694,190.397873,3289.83984
-427,94,3164,-427.545685,95.4012527,3164.83789
-482,196,3213,-482.542694,197.398468,3213.83984
1175,9,2876,1174.22571,40.8590698,2876.63281
1282,-70,3001,1281.22571,-38.0413933,3001.63281
1177,-115,2872,1176.2312,-83.1241989,2872.6394
1048,9,2799,1048.24023,14.5374918,2799.9707
876,-40,2836,876.243164,-34.4492722,2836.96997
891,113,2860,891.240234,118.537117,2860.9707
784,72,2952,784.732788,85.1488647,2952.68042
876,-40,2836,876.733704,-26.8209381,2836.67944
766,-103,2953,766.74231,-89.8549957,2953.66992
784,72,2952,784.998962,73.3127365,2951.95508
773,56,3094,773.999023,57.3150978,3093.95605
869,178,3098,869.999023,179.315323,3097.95605
766,-103,2953,766.998047,-92.5489426,2953.06177
759,-90,3095,759.998108,-79.5480499,3095.06104
773,56,3094,773.998047,66.4346237,3094.06201
766,-103,2953,766.997131,-93.3868866,2953.07568
773,56,3094,773.997009,65.6241608,3094.0769
784,72,2952,784.997986,81.6278687,2952.0625
766,-103,2953,766.731567,-14.2960596,2953.68164
876,-40,2836,876.714905,48.7101021,2836.69922
870,-187,2840,870.714172,-98.1317749,2840.69995
784,72,2952,784.697266,77.6291351,2952.7168
891,113,2860,891.677795,118.622406,2860.73511
876,-40,2836,876.696472,-34.3838806,2836.71753
1051,140,2818,1051.39551,141.040161,2818.91846
891,113,2860,891.388672,114.040138,2860.92114
1027,226,2918,1027.37793,227.038498,2918.92578
1048,9,2799,1048.26184,15.5948687,2799.96509
891,113,2860,891.268555,119.583229,2860.96313
1051,140,2818,1051.26172,146.580933,2818.96509
1048,9,2799,1047.48145,36.4101028,2799.85498
1175,9,2876,1174.46484,36.4033089,2876.84473
1177,-115,2872,1176.47229,-87.6031036,2872.84937
784,72,2952,784.808899,73.2232208,2952.58789
910,211,2969,910.809631,212.226166,2969.58691
891,113,2860,891.80658,114.225471,2860.59106
1051,140,2818,1050.49622,150.042633,2818.86377
1176,138,2892,1175.48669,148.040894,2892.85815
1175,9,2876,1174.48218,19.038559,2876.85547
1203,247,3133,1202.15479,248.031036,3133.53442
1266,135,3037,1265.14978,136.029907,3037.52637
1126,239,2998,1125.15466,240.033157,2998.53418
2243,207,2899,2242.00586,208.065308,2899.10718
2380,67,2955,2379.00586,68.062912,2955.10669
2336,96,2816,2335.00586,97.0636902,2816.10742
2336,96,2816,2335.03687,102.448776,2816.26855
2380,67,2955,2379.03491,73.4498672,2955.26172
2352,-27,2804,2351.04102,-20.5427952,2804.28345
2805,35,3538,2804.37109,39.1961975,3538.77734
2701,102,3475,2700.37109,106.197144,3475.77734
2794,102,3549,2793.37036,106.193344,3549.77686
2413,71,3230,2412.32056,86.0105591,3230.73364
2506,97,3319,2505.32031,112.025589,3319.7334
2509,-27,3310,2508.30273,-11.9600925,3310.7168
1472,156,1162,1472.99902,157.385666,1161.95593
1390,45,1042,1390.99902,46.3814011,1041.95593
1387,39,1214,1387.99902,40.3844795,1213.95593
1542,153,1291,1542.87158,154.145447,1290.50977
1472,156,1162,1472.86377,157.148376,1161.49622
1387,39,1214,1387.87158,40.1461029,1213.50977
2607,102,3396,2606.3855,115.227905,3396.78882
2509,-27,3310,2508.39331,-13.7546482,3310.79492
2506,97,3319,2505.38477,110.243256,3319.78833
2714,-28,3461,2713.34668,-20.8037376,3461.75708
2607,102,3396,2606.36035,109.175072,3396.76855
2701,102,3475,2700.35449,109.185997,3475.76367
2663,187,3535,2662.38013,188.150772,3535.78467
2607,102,3396,2606.38477,103.150574,3396.78833
2553,195,3459,2552.38086,196.149246,3459.78516
2553,195,3459,2552.41235,196.122772,3459.80908
2607,102,3396,2606.41943,103.123718,3396.81421
2506,97,3319,2505.41895,98.123642,3319.81372
2794,102,3549,2793.36621,103.286087,3549.77344
2701,102,3475,2700.375,103.2836,3475.78052
2663,187,3535,2662.375,188.282822,3535.78052
2663,187,3535,2662.35938,188.188812,3535.76782
2701,102,3475,2700.35327,103.190163,3475.7627
2607,102,3396,2606.35449,103.190552,3396.76367
2591,-27,3367,2590.41943,-18.3195496,3367.81421
2509,-27,3310,2508.42603,-18.3119926,3310.81885
2607,102,3396,2606.41943,110.676247,3396.81421
2347,182,3282,2346.41943,183.474289,3282.81421
2506,97,3319,2505.41235,98.4774094,3319.80908
2413,71,3230,2412.41211,72.4744644,3230.80884
2292,175,3158,2291.05859,176.109863,3158.33716
2413,71,3230,2412.05371,72.106041,3230.32324
2370,67,3098,2369.05176,68.1069107,3098.31738
2370,67,3098,2369.00293,68.5607605,3097.92358
2380,67,2955,2379.00098,68.5602951,2954.95605
2297,194,3020,2296.00195,195.559143,3019.93774
2243,207,2899,2242.05273,208.280533,2899.32031
2297,194,3020,2296.05957,195.281326,3020.33984
2380,67,2955,2379.05859,68.2822495,2955.33716
2370,67,3098,2369.00586,68.5041733,3097.89209
2297,194,3020,2296.00586,195.507095,3019.89209
2292,175,3158,2291.00684,176.5056,3157.8833
2292,175,3158,2291.09473,176.386139,3158.4248
2347,182,3282,2346.09473,183.387619,3282.4248
2413,71,3230,2412.09448,72.3886948,3230.42407
2336,96,2816,2335.91187,97.2379608,2816.99609
2192,109,2816,2191.91187,110.234695,2816.99609
2243,207,2899,2242.90137,208.232971,2899.99512
2192,109,2816,2192.34717,110.030701,2816.93774
2058,148,2908,2058.35059,149.027161,2908.93652
2243,207,2899,2243.34692,208.029282,2899.93774
1919,131,1717,1919.95898,148.681915,1716.71655
1873,-11,1587,1873.95874,6.71107435,1586.71582
1912,-27,1725,1912.95874,-9.30138969,1724.71582
2029,124,1824,2029.69678,162.727341,1823.28271
1919,131,1717,1919.69702,169.717697,1716.28296
2027,-13,1827,2027.69653,25.7598267,1826.28259
2136,101,1922,2136.66797,138.783249,1921.25586
2029,124,1824,2029.6676,161.834183,1823.25549
2027,-13,1827,2027.66699,24.7538662,1826.255
2273,89,1957,2273.22266,95.8000946,1956.02515
2136,101,1922,2136.23926,107.796425,1921.02905
2127,-24,1939,2127.23926,-17.1979027,1938.02905
2425,-32,1968,2424.95605,-25.3974247,1967.00098
2273,89,1957,2272.95605,95.6234055,1956.00098
2274,-37,1976,2273.93774,-30.3850079,1975.00195
273,-219,3435,272.375183,-208.936172,3435.78076
201,-49,3398,200.36763,-38.9030647,3398.77466
331,-98,3496,330.375183,-87.9298096,3496.78076
-276,83,3237,-276.570435,128.753845,3237.82129
-143,-32,3323,-143.558899,13.7587137,3323.8291
-272,-163,3233,-272.560913,-117.257584,3233.82764
-418,-152,3157,-418.473114,-104.886917,3157.88086
-276,83,3237,-276.461212,129.99881,3237.88721
-272,-163,3233,-272.47934,-115.935265,3233.87744
-506,124,3051,-506.825989,137.752136,3051.56348
-427,94,3164,-427.825958,107.758873,3164.56348
-491,-121,3041,-491.835205,-107.203377,3041.5498
-491,-121,3041,-491.663635,-106.517815,3041.74805
-625,97,2943,-625.667969,111.442856,2943.74414
-506,124,3051,-506.663635,138.437729,3051.74805
-680,114,2806,-680.937134,120.891006,2806.34863
-625,97,2943,-625.936157,103.886215,2943.35132
-651,-101,2798,-651.936707,-94.0971298,2798.3501
-644,18,2649,-644.988159,25.8679543,2648.84668
-680,114,2806,-680.988159,121.864059,2805.84668
-651,-101,2798,-651.988159,-93.1233597,2797.84668
-587,40,2506,-587.982239,42.8260574,2506.1875
-565,-103,2346,-565.981384,-100.17524,2346.19189
-622,55,2352,-622.9823,57.8215599,2352.18726
-657,75,2193,-657.985413,77.9328995,2193.17017
-622,55,2352,-622.985413,57.9342613,2352.17017
-606,-75,2185,-606.984192,-72.073967,2185.17676
-659,-77,2028,-659.947266,-74.015419,2028.32043
-657,75,2193,-657.94696,77.9822159,2193.32129
-606,-75,2185,-606.949829,-72.0160522,2185.3125
-723,75,2044,-723.677795,83.616394,2044.73511
-810,-93,1940,-810.666992,-84.3720551,1940.745
-838,44,1936,-838.667053,52.6170731,1936.74487
-889,46,1775,-889.982239,55.5091133,1774.8125
-873,155,1625,-873.984253,164.506348,1624.82324
-902,161,1777,-902.984192,170.524933,1776.82324
-779,194,1480,-779.829407,201.719101,1479.44141
-835,-91,1629,-835.829834,-83.2848892,1628.44202
-741,-62,1485,-741.83136,-54.3049164,1484.44434
-748,89,1317,-748.984253,93.304924,1316.82324
-741,-62,1485,-741.985291,-57.6811142,1484.82922
-720,-38,1330,-720.984253,-33.6879921,1329.82324
-720,-38,1330,-720.502747,-29.7644272,1329.13562
-548,-54,1230,-548.507996,-45.7619019,1229.13867
-590,81,1236,-590.507812,89.2311783,1235.13855
-466,81,1098,-466.72641,85.2246857,1097.31274
-548,-54,1230,-548.716797,-49.760704,1229.30273
-407,-62,1086,-407.72641,-57.7685852,1085.31274
-390,94,924,-390.904266,96.9844589,923.573059
-466,81,1098,-466.9039,83.9896088,1097.57227
-407,-62,1086,-407.903961,-59.0159111,1085.57239
-379,68,770,-379.998993,72.8784103,769.955139
-390,94,924,-390.999023,98.8854523,923.955872
-354,-56,788,-354.999023,-51.1208191,787.955872
-272,36,639,-272.804016,40.0264359,638.405396
-379,68,770,-379.803925,72.0241928,769.405273
-354,-56,788,-354.804016,-51.9683495,787.405396
-87,16,587,-87.3075027,20.6788502,586.048462
-248,-72,658,-248.31015,-67.3219604,657.049316
-67,-119,611,-67.301384,-114.312805,610.046509
-163,237,574,-163.56279,238.739563,573.173401
-100,150,591,-100.565376,151.74025,590.175171
-29,241,479,-29.5702744,242.739746,478.178558
-163,237,574,-163.322586,239.39859,573.053467
-289,164,650,-289.322418,166.395065,649.053406
-100,150,591,-100.333435,152.397934,590.057251
-455,299,775,-455.871674,300.567505,774.509949
-391,209,777,-391.871643,210.568314,776.509888
-344,262,626,-344.871674,263.571167,625.509949
-562,314,910,-562.809021,315.785614,909.412231
-498,223,909,-498.811096,224.785477,908.4151
-455,299,775,-455.820038,300.782776,774.427734
-644,18,2649,-644.978333,22.7560997,2648.79297
-651,-101,2798,-651.979492,-96.2372894,2797.79858
-620,-93,2648,-620.978333,-88.2369385,2647.79297
-719,150,2521,-719.868408,150.992035,2520.50415
-644,18,2649,-644.871582,18.9939537,2648.50977
-587,40,2506,-587.871704,40.9959068,2505.51001
-719,150,2521,-719.910583,159.999954,2521.41309
-654,141,2657,-654.911133,151.006592,2657.41211
-644,18,2649,-644.911011,28.0076275,2649.41235
331,-237,3496,330.055115,-217.594345,3496.32739
372,-111,3629,371.055115,-91.622818,3629.32739
379,-237,3630,378.05658,-217.627594,3630.33154
331,-98,3496,330.042999,-76.0085144,3496.29004
365,31,3628,364.041016,52.9949989,3628.28345
372,-111,3629,371.042999,-89.0047302,3629.29004
226,-204,3394,225.317841,-195.90123,3394.7312
201,-49,3398,200.317322,-40.903801,3398.73071
273,-219,3435,272.314209,-210.892395,3435.72778
166,189,3461,165.841171,190.189529,3461.9873
47,67,3340,46.8133278,68.1898804,3340.98242
2,163,3412,1.82391536,164.18927,3412.98438
321,44,3497,320.036011,45.6799965,3497.26587
289,164,3642,288.035004,165.677567,3642.26221
365,31,3628,364.03595,32.6778946,3628.26562
201,-49,3398,200.37886,-28.806139,3398.78369
321,44,3497,320.390747,64.1784897,3497.79297
331,-98,3496,330.385712,-77.8472519,3496.78906
226,-204,3394,225.706024,-189.888382,3394.95581
25,-151,3340,24.7157173,-136.852966,3340.95874
201,-49,3398,200.716553,-34.8560791,3398.95898
201,87,3398,200.256256,88.9994965,3398.66846
270,178,3539,269.263367,179.998657,3539.67627
321,44,3497,320.264496,45.9980431,3497.67749
2,163,3412,1.84116232,164.216156,3412.9873
47,67,3340,46.8294678,68.2167664,3340.98535
-143,83,3323,-143.170166,84.2205353,3323.98535
-354,189,3289,-354.493591,190.260605,3289.86963
-276,83,3237,-276.493439,84.2619553,3237.86963
-427,94,3164,-427.486725,95.2587051,3164.87329
-482,196,3213,-482.896851,197.400177,3213.44214
-427,94,3164,-427.89679,95.4017944,3164.44238
-506,124,3051,-506.896759,125.404297,3051.44238
-506,124,3051,-506.591125,125.526985,3051.8064
-625,97,2943,-625.585938,98.5283813,2943.8103
-572,228,3085,-572.605469,229.527908,3085.79565
-688,179,2978,-688.9646,180.143646,2978.26367
-625,97,2943,-625.964539,98.144371,2943.26367
-680,114,2806,-680.95874,115.144554,2806.28418
-744,198,2824,-744.956116,199.468155,2823.70703
-680,114,2806,-680.95874,115.467964,2805.71582
-654,141,2657,-654.95874,142.469879,2656.71582
-718,250,2665,-718.914612,251.767471,2665.4043
-654,141,2657,-654.920532,142.766785,2657.39062
-719,150,2521,-719.917542,151.769287,2521.39746
-654,141,2657,-654.9823,155.485794,2656.81274
-680,114,2806,-680.984253,128.480331,2805.82324
-644,18,2649,-644.982239,32.5062065,2648.8125
-587,40,2506,-587.910889,44.5049324,2505.5874
-620,-93,2648,-620.911011,-88.4925995,2647.58765
-544,-103,2486,-544.910645,-98.4853516,2485.58691
-587,40,2506,-587.920532,45.2118225,2505.60938
-644,18,2649,-644.914917,23.2179165,2648.59644
-620,-93,2648,-620.915344,-87.7740707,2647.59741
-587,40,2506,-587.989319,43.1818123,2506.14575
-544,-103,2486,-544.988281,-99.8242035,2486.15259
-565,-103,2346,-565.990234,-99.8244019,2346.1394
-606,-75,2185,-606.982239,-72.2960281,2185.18726
-622,55,2352,-622.982483,57.7046776,2352.18628
-565,-103,2346,-565.982239,-100.300201,2346.1875
-723,75,2044,-723.917542,77.3765106,2044.39746
-657,75,2193,-657.914612,77.3765106,2193.4043
-659,-77,2028,-659.914612,-74.625061,2028.4043
-852,249,2388,-852.978333,250.484161,2387.79297
-780,197,2222,-780.978333,198.481995,2221.79297
-864,313,2232,-864.978333,314.480103,2231.79297
-783,260,2533,-783.885254,261.580139,2533.46484
-788,147,2377,-788.884155,148.580643,2377.4668
-852,249,2388,-852.88623,250.581528,2388.46289
-780,197,2222,-780.945923,198.178238,2221.67578
-788,147,2377,-788.945923,148.178925,2376.67578
-657,75,2193,-657.946045,76.1742172,2192.67603
-659,-77,2028,-659.488281,-73.6196213,2028.87268
-810,-93,1940,-810.488281,-89.6174088,1940.87268
-723,75,2044,-723.488281,78.3766098,2044.87268
-852,249,2388,-852.970703,250.674713,2387.75977
-788,147,2377,-788.970459,148.673218,2376.75879
-780,197,2222,-780.970642,198.677017,2221.75952
-889,46,1775,-889.955811,51.438324,1775.29395
-838,44,1936,-838.955811,49.4537048,1936.29382
-861,-86,1782,-861.955811,-80.5616455,1782.29395
-889,46,1775,-889.978333,52.5516205,1774.79297
-835,-91,1629,-835.978333,-84.4498062,1628.79297
-873,155,1625,-873.978333,161.540894,1624.79297
-844,305,1486,-844.78833,307.325714,1485.38477
-873,155,1625,-873.78833,157.32576,1624.38477
-779,194,1480,-779.78833,196.327606,1479.38477
-902,161,1777,-902.988159,162.424606,1776.84668
-873,155,1625,-873.988159,156.425003,1624.84668
-938,246,1630,-938.988281,247.424728,1629.84741
-823,320,1330,-823.982605,321.727112,1329.81433
-779,194,1480,-779.981384,195.731018,1479.80798
-758,210,1324,-758.982422,211.731461,1323.81335
-568,222,1066,-568.743958,223.431442,1065.33179
-590,81,1236,-590.743286,82.427742,1235.33105
-466,81,1098,-466.742981,82.4305344,1097.33069
-675,295,1042,-675.425842,296.091156,1041.09521
-718,189,1170,-718.424011,190.090805,1169.09436
-568,222,1066,-568.426086,223.089203,1065.09534
-720,-38,1330,-720.46759,-32.8752861,1329.11609
-590,81,1236,-590.466919,86.1336441,1235.11572
-748,89,1317,-748.46698,94.1305008,1316.11584
-823,184,2065,-823.946045,185.105072,2065.32397
-780,197,2222,-780.945923,198.106064,2222.32422
-723,75,2044,-723.940125,76.101799,2044.3407
-823,184,2065,-823.950867,189.409027,2065.30957
-838,44,1936,-838.950867,49.4105759,1936.30957
-869,185,1924,-869.950867,190.419861,1924.30957
-902,161,1777,-902.970581,169.979721,1777.24072
-869,185,1924,-869.970398,193.997314,1924.24121
-889,46,1775,-889.970459,54.9880791,1775.24109
-864,313,2232,-864.946045,314.411041,2232.32397
-780,197,2222,-780.950867,198.413956,2222.30957
-823,184,2065,-823.950867,185.411301,2065.30957
-723,75,2044,-723.572754,76.4237976,2044.8197
-838,44,1936,-838.579712,45.4218369,1936.81482
-823,184,2065,-823.586304,185.424667,2065.81006
-861,-86,1782,-861.955688,-80.7489929,1782.29395
-838,44,1936,-838.95575,49.2527046,1936.29382
-810,-93,1940,-810.95575,-87.7499466,1940.29395
-823,184,2065,-823.950806,185.758987,2065.30957
-869,185,1924,-869.950806,186.755844,1924.30957
-899,317,2079,-899.95575,318.756714,2079.29395
-889,46,1775,-889.955688,51.283474,1775.29382
-869,185,1924,-869.950806,190.285965,1924.30957
-838,44,1936,-838.955811,49.2815132,1936.29395
-933,295,1930,-933.950806,296.76355,1930.30945
-869,185,1924,-869.950745,186.762589,1924.30945
-967,271,1781,-967.950867,272.764771,1781.30957
-758,210,1324,-758.990234,223.667587,1323.8606
-779,194,1480,-779.989197,207.678879,1479.85352
-748,89,1317,-748.99115,102.687897,1316.86731
-748,89,1317,-748.969971,104.187386,1316.75684
-718,189,1170,-718.970459,204.159821,1169.75879
-758,210,1324,-758.969666,225.167511,1323.75562
-758,210,1324,-758.984314,211.80162,1323.82361
-718,189,1170,-718.984253,190.797791,1169.82324
-783,300,1177,-783.984375,301.796387,1176.82397
-861,-86,1782,-861.988159,-81.4344406,1781.84668
-835,-91,1629,-835.988159,-86.4337158,1628.84668
-889,46,1775,-889.988159,50.5598106,1774.84668
-779,194,1480,-779.818787,201.426605,1479.4259
-873,155,1625,-873.818787,162.432083,1624.4259
-835,-91,1629,-835.819031,-83.5694656,1628.42627
-748,89,1317,-748.996033,95.7858582,1316.91113
-779,194,1480,-779.995056,200.803696,1479.90076
-741,-62,1485,-741.996033,-55.2140732,1484.91113
-354,189,3289,-354.544952,190.268799,3289.83838
-143,83,3323,-143.539017,84.2719421,3323.84229
-276,83,3237,-276.545746,84.2680664,3237.83789
-491,-121,3041,-491.85437,-99.874939,3041.51953
-427,94,3164,-427.854309,115.110542,3164.51953
-418,-152,3157,-418.854431,-130.879288,3157.51953
-491,-121,3041,-491.678741,-108.426674,3041.73438
-606,-125,2936,-606.680054,-112.417465,2936.73315
-625,97,2943,-625.681824,109.616646,2943.7312
-651,-101,2798,-651.958618,-90.2125854,2798.28418
-625,97,2943,-625.958618,107.789436,2943.28418
-606,-125,2936,-606.95575,-114.222618,2936.29395
-427,94,3164,-427.440155,118.116814,3164.89771
-276,83,3237,-276.438049,107.103935,3237.89893
-418,-152,3157,-418.438049,-127.861008,3157.89893
-498,223,909,-498.896851,224.256027,908.557678
-466,81,1098,-466.89682,82.2617798,1097.55762
-390,94,924,-390.89682,95.2595215,923.557617
-455,299,775,-455.803925,300.715851,774.405273
-498,223,909,-498.804779,224.715698,908.406433
-391,209,777,-391.803925,210.713715,776.405273
-498,223,909,-498.912018,224.330276,908.589905
-568,222,1066,-568.911133,223.330872,1065.58789
-466,81,1098,-466.912109,82.3328934,1097.59009
-466,81,1098,-466.749939,85.9765396,1097.3385
-590,81,1236,-590.74353,85.9804001,1235.3313
-548,-54,1230,-548.74353,-49.018261,1229.3313
-390,94,924,-390.89682,96.7255478,923.557617
-407,-62,1086,-407.896881,-59.280098,1085.55774
-329,-64,931,-329.896881,-61.2771912,930.557739
-354,-56,788,-354.986816,-53.3636131,788.161804
-390,94,924,-390.986877,96.6298141,924.161438
-329,-64,931,-329.986755,-61.3671074,931.162109
-272,36,639,-272.796051,39.5371819,638.394775
-354,-56,788,-354.795868,-52.4563179,787.394531
-248,-72,658,-248.793396,-68.4553299,657.391296
-29,241,479,-29.6242561,243.100967,478.218781
-100,150,591,-100.623207,152.106644,590.217957
18,152,496,17.3738022,154.102631,495.220337
-100,150,591,-100.629227,176.40715,590.222778
-87,16,587,-87.6249008,42.3884544,586.219299
18,152,496,17.3738403,178.475433,495.220306
-87,16,587,-87.2983856,20.2493153,586.045593
-272,36,639,-272.292969,40.2401123,638.043884
-248,-72,658,-248.29216,-67.7563171,657.04364
40,9,479,39.3449173,13.3306246,478.244446
-87,16,587,-87.6582336,20.3297329,586.247192
-67,-119,611,-67.6582184,-114.672775,610.247192
-344,262,626,-344.333313,264.420715,625.05719
-289,164,650,-289.322784,166.419083,649.053528
-163,237,574,-163.322235,239.415985,573.053345
-391,209,777,-391.783875,236.309677,776.379089
-379,68,770,-379.784119,95.3266296,769.379395
-289,164,650,-289.783783,191.377289,649.378967
-498,223,909,-498.783722,251.446228,908.378906
-379,68,770,-379.777527,96.465744,769.371155
-391,209,777,-391.776733,237.462311,776.370178
-344,262,626,-344.871887,263.630951,625.510315
-391,209,777,-391.871613,210.631256,776.509827
-289,164,650,-289.871857,165.633804,649.510254
2060,23,2908,2060.6333,1318.67981,2908.77368
2195,-38,2795,2195.63379,1257.24158,2795.77344
2061,-142,2907,2061.62793,1154.20483,2907.77808
1908,-103,3021,1908.58594,679.979248,3021.8103
2060,23,2908,2060.58594,805.633972,2908.8103
2061,-142,2907,2061.59082,642.12677,2907.80664
1907,147,3026,1907.61328,221.974884,3026.78979
2058,148,2908,2058.60547,222.892273,2908.79565
1908,-103,3021,1908.61523,-27.7789688,3021.78833
1385,184,3127,1384.5957,190.496979,3127.91455
1531,-75,3147,1530.5957,-68.5086517,3147.91455
1400,-73,3090,1399.58521,-66.5118942,3090.90991
1667,-77,3155,1667.18628,-50.9888611,3155.98242
1792,171,3139,1792.1864,197.080246,3139.98242
1807,-83,3126,1807.18665,-56.988678,3126.98242
1531,-75,3147,1530.92358,-67.7080002,3147.99707
1523,204,3185,1522.92358,211.265152,3185.99707
1667,-77,3155,1666.92358,-69.7177887,3155.99707
1282,-70,3001,1281.38074,-64.3951187,3001.78516
1266,135,3037,1265.38477,140.609924,3037.78833
1400,-73,3090,1399.38477,-67.3837357,3090.78833
1176,138,2892,1175.21094,151.496033,2892.61426
1282,-70,3001,1281.21167,-56.5422478,3001.61523
1175,9,2876,1174.21436,22.4909496,2876.61865
1387,39,1214,1387.99597,47.3581276,1214.08875
1390,-58,1042,1390.99512,-49.6304016,1042.09851
1369,-102,1234,1369.99512,-93.6482086,1234.09863
1454,30,1344,1454.90527,34.3673973,1343.5752
1369,-102,1234,1369.90479,-97.6153641,1233.57422
1434,-119,1379,1434.90479,-114.625107,1378.57422
1629,145,1397,1629.53418,146.037201,1396.15466
1541,24,1480,1541.53418,25.0379467,1479.15466
1665,6,1580,1665.53418,7.03910875,1579.15466
1804,-151,1628,1804.10645,-146.043655,1627.00574
1665,6,1580,1665.12354,10.9692373,1579.00769
1631,-117,1600,1631.1156,-112.030357,1599.00671
2273,89,1957,2273.23926,95.6666489,1956.02905
2127,-24,1939,2127.22266,-17.3237209,1938.02515
2274,-37,1976,2274.22656,-30.331625,1975.02612
1919,131,1717,1919.9563,153.096283,1716.70764
1875,126,1571,1875.95496,148.039215,1570.70337
1873,-11,1587,1873.95508,11.0453215,1586.70374
2027,-13,1827,2027.66895,1.89642918,1826.25671
1919,131,1717,1919.66699,145.917496,1716.255
1912,-27,1725,1912.6582,-12.1095095,1724.24719
2136,101,1922,2136.73364,108.011391,1921.32056
2027,-13,1827,2027.73181,-5.99747467,1826.3186
2127,-24,1939,2127.73291,-16.9905396,1938.3197
1815,264,1409,1815.57312,265.798309,1408.18054
1765,128,1467,1765.57947,129.79985,1466.18506
1929,231,1513,1929.57239,232.799881,1512.18005
1692,265,1320,1692.57239,266.841919,1319.18005
1765,128,1467,1765.57947,129.841873,1466.18506
1815,264,1409,1815.5741,265.845581,1408.18127
1975,252,1666,1975.95874,253.802917,1665.71582
1875,126,1571,1875.95886,127.799385,1570.71619
1919,131,1717,1919.96301,132.798294,1716.73059
2029,124,1824,2029.67786,125.675125,1823.26489
1975,252,1666,1975.67834,253.674225,1665.26526
1919,131,1717,1919.66809,132.671448,1716.25598
2155,241,1836,2155.60571,242.788666,1835.20435
2029,124,1824,2029.61328,125.785217,1823.21021
2136,101,1922,2136.60547,102.787025,1921.20422
2278,253,1868,2278.19043,254.881546,1867.01831
2136,101,1922,2136.2002,102.880264,1921.02026
2273,89,1957,2273.20532,90.8826904,1956.02136
645,46,3802,645.910645,47.9878578,3802.41309
523,-90,3902,523.90979,-88.0047913,3902.41504
582,37,3930,582.910583,38.9912682,3930.41309
582,37,3930,582.772583,39.0593681,3930.63477
523,-90,3902,523.773071,-87.938736,3902.63428
489,37,4042,489.768707,39.0642967,4042.6394
811,48,3235,811.962708,58.0483131,3234.72949
773,56,3094,773.9646,66.0740814,3093.73633
759,-90,3095,759.963196,-79.9442291,3094.7312
787,23,3386,787.99408,26.5369568,3386.10815
811,48,3235,811.992065,51.5324478,3235.12476
768,-99,3238,768.993225,-95.4725342,3238.11572
750,19,3527,750.969421,23.968399,3527.24512
787,23,3386,787.969482,27.9811382,3386.24512
758,-121,3387,758.969482,-116.017036,3387.24512
811,48,3235,811.997009,51.2513924,3234.92285
759,-90,3095,759.997009,-86.7471085,3094.92285
768,-99,3238,768.997009,-95.7532349,3237.92285
885,132,3391,885.999084,133.121307,3391.04028
811,48,3235,811.999268,49.1208496,3235.03662
787,23,3386,787.999146,24.1221142,3386.04028
811,48,3235,811.955811,49.3598633,3234.70605
869,178,3098,869.950867,179.359589,3097.69043
773,56,3094,773.950867,57.359108,3093.69043
787,23,3386,787.999084,27.8724651,3386.04272
768,-99,3238,768.999023,-94.1173019,3238.04395
758,-121,3387,758.999023,-116.120041,3387.04346
840,131,3555,840.969421,132.260986,3555.24512
787,23,3386,787.969421,24.2585869,3386.24512
750,19,3527,750.96936,20.2617455,3527.24512
750,19,3527,750.969482,24.0391216,3527.24512
758,-121,3387,758.969421,-115.947311,3387.24512
722,-125,3528,722.96936,-119.95649,3528.24512
670,-105,3660,670.914612,-99.4389877,3660.4043
750,19,3527,750.913635,24.5572262,3527.40625
722,-125,3528,722.920532,-119.431351,3528.39062
645,46,3802,645.883179,49.5546265,3802.46875
670,-105,3660,670.884216,-101.443848,3660.46704
607,-117,3777,607.883179,-113.450333,3777.46875
645,46,3802,645.80011,49.4505539,3802.59961
607,-117,3777,607.808899,-113.543221,3777.58789
523,-90,3902,523.80304,-86.5452957,3902.5957
432,87,846,432.317871,92.9232559,845.05188
415,-57,866,415.319336,-51.0785789,865.052368
548,-14,902,548.307617,-8.07310772,901.048523
394,81,734,394.994904,90.838028,733.899414
370,-37,621,370.994904,-27.1365814,620.899414
382,-43,740,382.994934,-33.1460838,739.899475
432,87,846,432.963531,93.5444412,845.732422
382,-43,740,382.963654,-36.434742,739.732849
415,-57,866,415.963654,-50.4444237,865.732849
411,-6,396,411.934723,4.10981274,396.355377
424,128,399,424.934265,138.09082,399.356506
451,3,291,451.934265,13.1107807,291.356476
380,-25,508,380.964752,-16.6016579,508.263153
397,111,507,397.964752,119.391876,507.263153
411,-6,396,411.964569,2.40343094,396.263824
380,-163,508,380.989868,-142.262573,508.141968
363,-182,620,363.990875,-161.238815,620.134644
370,-37,621,370.990875,-16.2350941,621.134644
481,193,738,481.980774,194.311844,737.804871
384,100,614,384.980835,101.31443,613.805176
394,81,734,394.979767,82.3132858,733.799866
397,111,507,397.998077,112.643631,507.061951
384,100,614,384.998047,101.644897,614.062439
456,217,608,456.998047,218.64473,608.061951
424,128,399,424.989929,129.537445,399.14151
397,111,507,397.989868,112.535545,507.141968
475,229,501,475.989868,230.536942,501.141876
464,137,294,464.955505,138.481262,294.294952
424,128,399,424.955475,129.483322,399.295013
508,243,394,508.955505,244.486038,394.294952
503,117,198,503.868591,118.598564,198.495499
464,137,294,464.868958,138.598068,294.494873
552,252,284,552.869568,253.598007,284.493805
503,117,198,503.758545,118.453484,198.651611
552,252,284,552.762939,253.456619,284.646454
635,240,174,635.762939,241.457031,174.646469
451,3,291,451.913025,15.1212711,291.407898
503,117,198,503.912964,129.092392,198.407898
495,13,195,495.913025,25.1105099,195.407837
464,137,294,464.941437,138.452408,294.337189
508,243,394,508.941406,244.456863,394.33725
552,252,284,552.946411,253.456528,284.322937
424,128,399,424.976715,129.423798,399.214508
475,229,501,475.976776,230.424469,501.214233
508,243,394,508.976715,244.426636,394.214508
451,3,291,451.934265,13.1107807,291.356476
424,128,399,424.934265,138.09082,399.356506
464,137,294,464.934326,147.092407,294.356415
397,111,507,397.993958,112.533264,507.109741
456,217,608,456.994995,218.534546,608.099915
475,229,501,475.994019,230.533508,501.109161
411,-6,396,411.974701,4.03930998,396.223511
397,111,507,397.974701,121.04467,507.223511
424,128,399,424.97467,138.054932,399.223541
456,217,608,456.958588,218.637848,607.71521
384,100,614,384.958466,101.641556,613.714844
481,193,738,481.955505,194.636566,737.705078
380,-25,508,380.993073,-16.868227,508.117493
384,100,614,384.994934,108.140411,614.100403
397,111,507,397.993134,119.145554,507.116974
384,100,614,384.994934,109.44133,613.899475
370,-37,621,370.994934,-27.5608139,620.899475
394,81,734,394.994934,90.4559937,733.899475
481,193,738,481.958588,194.350906,737.71521
394,81,734,394.958588,82.3531342,733.71521
432,87,846,432.958496,88.3519974,845.714905
394,81,734,394.952484,90.4221725,733.695435
382,-43,740,382.952484,-33.5663109,739.695435
432,87,846,432.952454,96.4335938,845.695374
382,-43,740,382.994934,-21.8605347,739.899475
370,-37,621,370.994934,-15.872983,620.899475
363,-182,620,363.994934,-160.829834,619.899475
415,-57,866,415.97467,-24.8817101,865.776367
382,-182,740,382.97467,-149.92099,739.776367
411,-182,866,411.97467,-149.923935,865.776367
415,-57,866,415.292145,49.6872253,865.04364
411,-182,866,411.280823,-75.2427368,865.040283
552,-142,908,552.282227,-35.528717,907.04071
432,87,846,432.350555,97.0599747,845.063477
548,-14,902,548.349609,-3.91839671,901.06311
552,102,891,552.349609,112.073196,890.06311
694,119,868,693.84082,128.522766,867.012756
552,102,891,551.846985,111.529984,890.01178
692,9,880,691.84668,18.5377827,879.011841
692,9,880,691.86731,20.3360329,879.00885
552,102,891,551.86731,113.341782,890.00885
548,-14,902,547.853821,-2.67391348,901.010742
567,202,799,566.955872,203.100403,798.000977
552,102,891,551.937561,103.099556,890.001953
694,119,868,693.955872,120.098305,867.000977
824,130,807,823.586914,136.755264,806.089355
694,119,868,693.574219,125.754761,867.095215
828,26,822,827.57428,32.7584305,821.095154
985,140,817,985.062378,147.174545,816.001953
824,130,807,824.075562,137.162628,806.002869
828,26,822,828.061462,33.1714783,821.001892
1390,45,1042,1390.73376,77.5118637,1041.32068
1392,180,1038,1392.73389,212.508713,1037.3208
1283,192,922,1283.71643,224.473022,921.302368
1472,156,1162,1472.83374,191.731323,1161.44788
1392,180,1038,1392.8335,215.681458,1037.44751
1390,45,1042,1390.82983,80.6171951,1041.44202
828,26,822,827.609497,36.7121391,821.079407
694,119,868,693.621094,129.694275,867.074585
692,9,880,691.602539,19.7015533,879.082397
983,-85,818,982.955078,-32.475811,817.001038
828,26,822,827.955078,78.4296112,821.001038
832,-87,824,831.955078,-34.5941467,823.001038
1117,-88,877,1117.40308,42.9668159,876.084839
985,140,817,985.404053,270.585358,816.085266
983,-85,818,983.403076,45.9308701,817.084839
985,140,817,984.955872,383.550354,816.000977
828,26,822,827.955872,268.853119,821.000977
983,-85,818,982.955078,158.243347,817.001038
1541,24,1480,1541.88391,26.9567261,1479.53235
1434,-119,1379,1434.88428,-116.051476,1378.53308
1501,-134,1520,1501.88428,-131.050171,1519.53308
1631,-117,1600,1631.55725,-114.156464,1599.16968
1541,24,1480,1541.55176,26.8379478,1479.16602
1501,-134,1520,1501.55762,-131.154663,1519.16992
489,37,4042,489.773041,39.0777397,4042.63428
523,-90,3902,523.780579,-87.925766,3902.625
434,-90,4014,434.786774,-87.9235001,4014.61719
111,250,173,110.147095,251.523163,172.477936
74,163,342,73.1468353,164.525482,341.478363
158,176,190,157.152451,177.521545,189.469284
184,221,41,183.092163,222.159622,40.580677
158,176,190,157.090134,177.157837,189.585114
235,153,70,234.092163,154.159531,69.5806808
40,9,479,39.0645599,17.6123314,478.646515
96,23,330,95.0649414,31.6185513,329.645508
74,163,342,73.0648956,171.63768,341.64563
158,176,190,157.138382,184.761993,189.492447
96,23,330,95.1342621,31.7472839,329.499512
179,44,184,178.138382,52.7660179,183.492447
235,153,70,234.160431,160.287704,69.456749
179,44,184,178.161469,51.2887764,183.455154
257,22,69,256.160461,29.2963142,68.4567032
18,152,496,17.0765419,153.784775,495.616302
74,163,342,73.0765305,164.783936,341.616333
-29,241,479,-29.9234581,242.782959,478.616302
27,238,325,26.1462193,239.526138,324.47937
74,163,342,73.1462402,164.524185,341.47934
111,250,173,110.146973,251.529037,172.478134
40,9,479,39.0616226,18.7771053,478.654388
74,163,342,73.0616684,172.78479,341.654266
18,152,496,17.0617027,161.797058,495.654175
111,250,173,110.064896,251.477905,172.64563
158,176,190,157.066696,177.478043,189.640915
184,221,41,183.066284,222.47847,40.6419868
158,176,190,157.126266,186.475601,189.513596
74,163,342,73.1232071,173.464539,341.519135
96,23,330,95.1228409,33.4631615,329.519806
235,153,70,234.14566,161.950607,69.4802856
158,176,190,157.152451,184.939713,189.469284
179,44,184,178.152527,52.934803,183.469162
3131,90,2900,3131.99902,91.2865677,2899.95605
3213,202,2881,3213.99878,203.282745,2880.95508
3131,90,2729,3131.99902,91.2865677,2728.95605
3131,252,2519,3131.99805,253.122711,2518.93774
3003,104,2415,3003.99878,105.1278,2414.95508
3010,105,2568,3010.99902,106.127434,2567.95605
3101,249,2342,3101.95923,250.203766,2341.71753
2956,92,2286,2956.95923,93.2052612,2285.71753
3003,104,2415,3003.95874,105.202133,2414.71582
2422,116,1946,2421.95605,122.796165,1945.00098
2273,89,1957,2272.95508,95.7864609,1956.0011
2425,-32,1968,2424.95605,-25.1951828,1967.00098
2532,119,1867,2531.41895,126.382408,1866.18616
2422,116,1946,2421.4043,123.37207,1945.1969
2425,-32,1968,2424.4043,-24.6150608,1967.1969
2675,96,1890,2675.17529,174.420609,1889.0155
2532,-46,1867,2532.16895,32.2675323,1866.0144
2680,-63,1893,2680.16309,15.3143473,1892.01343
2917,66,2124,2917.64502,268.809967,2123.23584
2789,89,2014,2789.63916,291.572906,2013.23096
2790,-83,2016,2790.6582,119.529686,2015.24719
3003,104,2415,3003.948,107.743073,2414.68188
2956,92,2286,2956.94653,95.7362518,2285.67749
2964,-46,2432,2964.94604,-42.2590942,2431.67603
3010,105,2568,3010.99902,108.712158,2567.95605
3003,104,2415,3003.99902,107.712433,2414.95605
2964,-46,2432,2964.99902,-42.2796555,2431.95605
2973,-35,2575,2973.78467,-30.6390553,2574.38013
3131,90,2729,3131.79175,94.3626404,2728.38916
3010,105,2568,3010.79175,109.35405,2567.38916
2422,116,1946,2422.03809,117.722786,1945.00073
2278,253,1868,2278.0437,254.729462,1867.00098
2273,89,1957,2273.03955,90.7273178,1956.00085
2387,263,1856,2386.50293,264.826111,1855.13232
2532,119,1867,2531.49121,120.826508,1866.13916
2537,249,1781,2536.50977,250.823425,1780.12842
2537,249,1781,2537.0874,250.470398,1780.00391
2532,119,1867,2532.09717,120.471054,1866.00476
2700,243,1801,2700.08765,244.467712,1800.00391
2700,243,1801,2700.71655,244.818069,1800.30249
2675,96,1890,2675.7124,97.8186569,1889.29834
2831,254,1929,2831.71265,255.817551,1928.29858
2831,254,1929,2831.55103,255.801529,1928.16553
2789,89,2014,2789.55078,90.8040314,2013.16541
2967,203,2054,2967.55103,204.804871,2053.16553
2917,66,2124,2917.97949,68.2630157,2123.79858
3020,247,2221,3020.98145,249.264038,2220.80835
2967,203,2054,2967.97852,205.262146,2053.79395
3020,247,2221,3020.82935,248.748199,2220.44141
2956,92,2286,2956.83203,93.7473679,2285.44531
3101,249,2342,3101.83203,250.747528,2341.44531
3101,249,2342,3101.98438,250.352493,2341.82397
3003,104,2415,3003.9873,105.349312,2414.84131
3131,252,2519,3131.98438,253.349503,2518.82397
3010,105,2568,3010.93115,106.157646,2567.63574
3181,234,2697,3181.93652,235.161346,2696.64941
3131,252,2519,3131.93652,253.162445,2518.64941
3131,90,2729,3131.96973,92.5559311,2728.75586
3213,202,2881,3213.96948,204.551849,2880.75488
3181,234,2697,3181.96924,236.556244,2696.75488
3131,90,2900,3131.99316,96.7927933,2899.8833
3129,-45,3086,3129.99512,-38.2159348,3085.90137
3149,106,3074,3149.99512,112.77813,3073.90137
3137,36,3159,3137.99512,39.4910774,3158.90137
3163,103,3224,3163.99512,106.490669,3223.90137
3149,106,3074,3149.99512,109.486092,3073.90137
3098,102,3291,3098.71436,103.538765,3291.69971
3163,103,3224,3163.71436,104.542206,3224.69971
3136,56,3208,3136.7146,57.5421829,3208.69946
2680,-63,1893,2680.18652,-53.2231712,1892.01758
2529,-114,1868,2529.19043,-104.230881,1867.01831
2676,-126,1899,2676.18726,-116.215454,1898.0177
2790,-83,2016,2790.73291,-73.8679428,2015.3197
2680,-63,1893,2680.73291,-53.8784981,1892.3197
2676,-126,1899,2676.73291,-116.879059,1898.3197
2789,89,2014,2789.74341,375.184967,2013.33118
2680,-63,1893,2680.74341,223.189621,1892.33118
2790,-83,2016,2790.74341,202.940231,2015.33118
2917,66,2124,2917.65161,244.998306,2123.24146
2790,-83,2016,2790.64502,96.4479218,2015.23584
2918,-98,2126,2918.65161,80.9570694,2125.24146
3010,105,2568,3010.99902,108.663986,2567.95605
2964,-46,2432,2964.99902,-42.3337822,2431.95605
2973,-35,2575,2973.99902,-31.3374405,2574.95605
3149,106,3074,3149.99902,107.094017,3073.95605
3243,215,3046,3243.99902,216.093948,3045.95605
3131,90,2900,3131.99902,91.0978622,2899.95605
925,51,-100,925.38916,54.3296089,-99.0788345
809,138,-22,809.388672,141.336929,-21.0786247
960,155,-81,960.388672,158.335037,-80.0786285
809,138,-22,809.428711,139.577271,-21.0965595
862,220,11,862.424805,221.579132,11.9052782
960,155,-81,960.428772,156.578796,-80.0965881
809,138,-22,809.5401,139.429459,-21.1583996
635,240,174,635.540527,241.429047,174.841324
862,220,11,862.541992,221.426529,11.8403692
593,133,130,593.607422,147.249237,130.794373
495,13,195,495.611359,27.2599049,195.791336
503,117,198,503.611694,131.268997,198.791092
809,138,-22,809.57428,216.833969,-21.1813412
495,-126,195,495.573059,-47.0275497,195.819489
593,133,130,593.580139,211.730255,130.814514
235,153,70,234.40303,154.265213,69.1977386
347,159,-18,346.403625,160.26326,-18.8027058
184,221,41,183.402191,222.264725,40.1983643
664,149,-247,663.380432,155.177017,-247.784943
582,43,-161,581.380432,49.1959076,-161.784943
682,50,-241,681.379028,56.1844902,-241.783829
257,22,69,256.380463,32.284977,68.2150345
347,159,-18,346.381683,169.284744,-18.7859268
235,153,70,234.381683,163.27594,69.2140732
257,22,69,256.434143,28.58041,68.175499
475,51,-86,474.434143,57.5716934,-86.824501
347,159,-18,346.434204,165.580612,-18.8245449
454,177,-90,453.416931,185.152649,-90.8124084
475,51,-86,474.417084,59.1680412,-86.8125305
582,43,-161,581.427795,51.1722984,-161.820099
454,177,-90,453.381653,182.985046,-90.7859039
582,43,-161,581.380066,48.9814453,-161.784653
664,149,-247,663.38678,154.985626,-247.789902
925,51,-100,925.990173,53.7657585,-99.8601608
960,155,-81,960.990356,157.762955,-80.8614578
964,41,-412,964.989136,43.7552032,-411.852997
809,138,-22,809.583984,139.803772,-21.1882362
593,133,130,593.58313,134.800507,130.812378
635,240,174,635.58313,241.805771,174.812378
2676,-126,1899,2676.18652,-42.5845604,1898.01758
2529,-114,1868,2529.20557,-30.6051273,1867.02136
2525,-182,1868,2525.20557,-98.5929489,1867.02136
2790,-137,2016,2790.70361,-127.072662,2015.28943
2676,-126,1899,2676.71289,-116.072693,1898.29883
2671,-218,1907,2671.71387,-208.072342,1906.2998
2973,-182,2575,2973.99609,-81.8253937,2574.91187
2964,-118,2432,2964.99707,-17.9223022,2431.92358
2969,-190,2517,2969.99707,-89.8251495,2516.92358
2676,-126,1899,2676.22314,-115.711655,1898.02527
2525,-182,1868,2525.23926,-171.709946,1867.02905
2671,-218,1907,2671.23926,-207.702545,1906.02905
2680,-63,1893,2680.17505,-16.8483086,1892.0155
2532,-46,1867,2532.15161,0.110953622,1866.0116
2529,-114,1868,2529.15723,-67.9036179,1867.01245
3241,168,3215,3241.9707,169.098618,3214.75977
3243,215,3046,3243.9707,216.096405,3045.75977
3149,106,3074,3149.9707,107.097313,3073.75977
3137,36,3159,3137.95776,37.5632324,3159.28711
3136,56,3208,3136.95557,57.562397,3208.29395
3163,103,3224,3163.95898,104.56192,3224.2832
3132,6,3114,3132.99902,11.9513721,3113.95605
3137,36,3159,3137.99976,41.9570389,3158.99121
3149,106,3074,3149.99902,111.94101,3073.95605
3132,6,3114,3132.99707,19.3547745,3113.92358
3135,-32,3210,3135.99707,-18.6693611,3209.92358
3137,36,3159,3137.99707,49.3530464,3158.92358
3129,-45,3086,3129.99316,-36.8797188,3086.11621
3132,6,3114,3132.99219,14.1172161,3114.12402
3149,106,3074,3149.99121,114.118187,3074.13135
3129,-45,3086,3129.99805,-17.0209084,3085.93774
3135,-32,3210,3135.99902,-4.06416178,3209.95605
3132,6,3114,3132.99902,33.9632492,3113.95605
3137,36,3159,3137.99902,129.781357,3159.04297
3135,-32,3210,3135.99902,61.8512192,3210.04272
3136,56,3208,3136.99927,149.803345,3208.0354
3098,102,3291,3098.80005,104.793091,3291.59961
3136,56,3208,3136.79468,58.7936478,3208.60693
3083,51,3278,3083.80908,53.7945595,3278.58765
3083,51,3278,3083.81104,53.9026794,3278.58496
3136,56,3208,3136.80054,58.9020309,3208.59912
3105,35,3239,3105.79468,37.9015846,3239.60693
3075,28,3291,3075.91089,38.7244606,3291.4126
3083,51,3278,3083.92578,61.7265434,3278.37793
3074,-1,3286,3074.90991,9.72441769,3286.41479
3083,0,3268,3083.84204,10.46527,3268.53882
3083,51,3278,3083.84473,61.470295,3278.53516
3105,35,3239,3105.84961,45.4659958,3239.52734
3074,-1,3286,3074.8833,10.6381531,3286.46875
3083,51,3278,3083.8833,62.628109,3278.46826
3083,0,3268,3083.90527,11.6360083,3268.4248
3075,28,3291,3075.99121,99.6418152,3290.86792
3074,-1,3286,3074.99023,70.6333618,3285.8606
3074,-48,3291,3074.99219,23.6628284,3290.87549
3109,-72,3324,3109.67847,48.8828621,3323.26538
3075,28,3291,3075.67871,148.907013,3290.26562
3074,-48,3291,3074.67773,72.800499,3290.26489
2696,-128,3278,2695.93774,-123.141663,3278.99805
2702,-72,3290,2701.92358,-67.1457672,3290.99707
2730,-127,3280,2729.95605,-122.142288,3280.99902
2602,-128,3379,2602.70117,-120.961678,3379.71289
2610,-75,3382,2610.71606,-67.9601517,3382.698
2702,-72,3290,2702.71289,-64.9684219,3290.70117
2702,-72,3290,2702.63281,-70.0943756,3290.77417
2622,-28,3389,2622.62793,-26.0936947,3389.77808
2710,-28,3315,2710.63306,-26.0926857,3315.77393
2602,-128,3379,2602.71118,-123.462715,3379.70288
2702,-72,3290,2702.72803,-67.4610825,3290.6853
2696,-128,3278,2696.71509,-123.462715,3278.69897
2816,-96,3286,2815.86792,-94.6677475,3286.99121
2702,-72,3290,2701.86792,-70.6659698,3290.99121
2820,-69,3306,2819.86792,-67.6679993,3306.99121
2866,-28,3391,2865.38477,-27.0852566,3391.78833
2867,-72,3337,2866.37671,-71.0847855,3337.78198
2814,-28,3350,2813.37158,-27.0836849,3350.77783
2816,-182,3286,2815.48706,-175.452026,3286.8584
2867,-72,3337,2866.47168,-65.4557877,3337.84888
2900,-72,3357,2899.47266,-65.4557877,3357.84961
2834,-70,3316,2833.41943,-68.9696274,3316.81421
2814,-28,3350,2813.41211,-26.9693871,3350.80884
2867,-72,3337,2866.41919,-70.9700089,3337.81396
2816,-182,3286,2815.32129,-128.133636,3286.73438
2838,-96,3309,2837.30176,-42.1362534,3309.71582
2867,-72,3337,2866.30273,-18.1305141,3337.7168
2834,-70,3316,2833.37012,-68.9776306,3316.77661
2820,-69,3306,2819.36572,-67.9773941,3306.77295
2814,-28,3350,2813.36572,-26.9765854,3350.77295
2838,-96,3309,2837.44824,-92.8300323,3309.83398
2834,-70,3316,2833.44824,-66.8306198,3316.83398
2867,-72,3337,2866.44824,-68.8307648,3337.83398
2838,-96,3309,2837.41309,-92.7412109,3309.80957
2820,-69,3306,2819.40869,-65.7418213,3306.8064
2834,-70,3316,2833.40503,-66.7411728,3316.80371
2730,-127,3280,2729.95605,-121.442726,3280.99902
2702,-72,3290,2701.95605,-66.4406891,3290.99902
2816,-96,3286,2815.95605,-90.4399567,3286.99902
2856,171,3618,2855.89209,172.121094,3618.99414
2794,102,3549,2793.90137,103.120758,3549.99512
2761,174,3612,2760.8833,175.119293,3612.99316
2851,107,3505,2851.69629,114.975601,3505.71729
2903,67,3447,2903.69849,74.9768219,3447.71558
2854,30,3489,2854.69629,37.9733696,3489.71753
2805,35,3538,2805.67847,43.4098091,3538.73462
2851,107,3505,2851.69678,115.413712,3505.71704
2854,30,3489,2854.67896,38.4142876,3489.73413
2903,67,3447,2903.46777,69.3903427,3447.88379
2909,113,3465,2909.47754,115.391541,3465.87842
2955,99,3433,2955.45898,101.388069,3433.88818
2851,107,3505,2851.56934,109.508781,3505.82178
2909,113,3465,2909.58594,115.510269,3465.81006
2903,67,3447,2903.58594,69.5113373,3447.8103
2761,-28,3497,2760.3811,-21.1791992,3497.7854
2714,-28,3461,2713.38916,-21.1791992,3461.79175
2701,102,3475,2700.38477,108.831596,3475.78833
2794,102,3549,2794.60986,133.769974,3549.79248
2851,107,3505,2851.61377,138.774002,3505.78931
2805,35,3538,2805.61377,66.8096771,3538.78931
325,25,3758,324.256042,27.0594845,3757.33179
186,124,3834,185.273132,126.06292,3833.31323
232,15,3864,231.272446,17.0622635,3863.31396
129,99,3938,128.287979,102.227921,3937.29785
61,50,4028,60.2918434,53.2283134,4027.29395
152,15,3953,151.286057,18.2252731,3952.2998
-130,-204,4177,-130.042267,-192.249954,4176.00098
-158,58,4154,-158.042267,69.7483063,4153.00098
-609,41,4157,-609.042969,52.7978325,4156.00098
61,50,4028,60.4333763,52.6534691,4027.17603
-45,72,4091,-45.5692368,74.648613,4090.17798
-5,-68,4124,-5.57595682,-65.3547668,4123.18262
152,15,3953,151.2491,18.901619,3952.3396
178,-112,3970,177.2491,-108.105286,3969.3396
232,15,3864,231.249741,18.9057751,3863.33887
232,15,3864,231.243774,18.2583771,3863.3457
129,99,3938,128.248886,102.25502,3937.33984
152,15,3953,151.248886,18.2591724,3952.33984
61,50,4028,60.4327621,53.0392952,4027.17651
-5,-68,4124,-5.5793252,-64.9517212,4123.18506
100,-87,4059,99.4150085,-83.9547577,4058.18896
152,15,3953,151.211853,19.1102982,3952.38452
100,-87,4059,99.2172394,-82.8958664,4058.37769
178,-112,3970,177.205811,-107.892525,3969.39233
232,15,3864,231.119278,88.1846619,3863.52637
178,-112,3970,177.115128,-39.0526733,3969.53418
232,-128,3868,231.115128,-54.9304085,3867.53418
186,124,3834,185.172546,125.881348,3833.43848
129,99,3938,128.172546,100.876823,3937.43848
232,15,3864,231.172546,16.8788433,3863.43848
379,-237,3630,378.081146,-218.356262,3629.60547
372,-111,3629,371.084198,-92.3227921,3628.59839
322,-257,3763,321.081329,-238.333038,3762.60498
325,25,3758,324.043152,44.252224,3757.70947
372,-111,3629,371.04306,-91.7187653,3628.70972
365,31,3628,364.04306,50.2980309,3627.70972
322,-105,3763,321.234009,-47.9584656,3762.35718
232,15,3864,231.23378,72.0779266,3863.35742
232,-128,3868,231.233994,-70.7958298,3867.35718
325,25,3758,324.022949,27.2320175,3757.78711
289,164,3642,288.023163,166.236755,3641.78613
272,151,3740,271.027039,153.234818,3739.76904
252,36,4212,252.605286,46.6250381,4212.7959
357,-90,4114,357.599426,-79.3846588,4114.80029
238,-90,4207,238.609894,-79.3871155,4207.79248
252,36,4212,252.552429,45.9934235,4212.8335
238,-90,4207,238.558914,-80.0260239,4207.8291
107,35,4309,107.55249,44.961113,4309.8335
379,34,4122,379.568024,40.194828,4122.82275
357,-90,4114,357.56601,-83.8069611,4114.82422
252,36,4212,252.575912,42.2031326,4212.81738
434,-90,4014,434.596283,-87.8351593,4014.80273
379,34,4122,379.59613,36.1549301,4122.80273
489,37,4042,489.58313,39.1611099,4042.81226
105,-90,4288,104.818542,-83.7828445,4288.9834
-75,24,4277,-75.1698837,30.2337685,4277.98535
107,35,4309,106.829468,41.2226257,4309.98535
107,35,4309,107.509628,41.1878471,4309.86035
238,-90,4207,238.508606,-83.7941132,4207.86084
105,-90,4288,105.518593,-83.808754,4288.85498
2955,99,3433,2954.35376,101.852356,3433.76294
3031,67,3482,3030.34668,69.8533325,3482.75708
2951,61,3412,2950.35449,63.8526039,3412.76367
2951,61,3412,2950.34058,66.8595123,3412.75171
3031,67,3482,3030.34058,72.8672256,3482.75171
2945,28,3399,2944.34082,33.8586349,3399.75195
2904,28,3440,2904.69702,30.2093582,3440.71704
2951,61,3412,2951.69653,63.209404,3412.71729
2945,28,3399,2945.69751,30.2093582,3399.71655
2854,30,3489,2854.69678,38.8426399,3489.71704
2903,67,3447,2903.69678,75.8567657,3447.71729
2904,28,3440,2904.69653,36.854351,3440.71729
2904,28,3440,2904.57031,35.9062729,3440.82129
2903,67,3447,2903.55737,74.9039154,3447.83008
2951,61,3412,2951.56934,68.9045639,3412.82202
2945,28,3399,2944.31934,55.2381172,3399.73242
3031,67,3482,3030.30273,94.2410889,3482.7168
3005,-62,3451,3004.30103,-34.7674675,3451.71509
2945,-72,3399,2945.69653,91.7305374,3399.71729
2854,30,3489,2854.68164,193.79921,3489.73145
2904,28,3440,2904.69678,191.830048,3440.71729
2761,-28,3497,2760.41943,-20.345829,3497.81421
2701,102,3475,2700.41211,109.658852,3475.80884
2805,35,3538,2804.41211,42.6503334,3538.80884
2714,-28,3461,2713.38477,-18.9474735,3461.78833
2622,-28,3389,2621.38574,-18.9496384,3389.78906
2607,102,3396,2606.37988,111.047478,3396.78442
2761,-28,3497,2760.38013,-14.346591,3497.78467
2805,35,3538,2804.37109,48.6686401,3538.77734
2809,-28,3535,2808.38477,-14.3386135,3535.78833
2622,-28,3389,2621.41333,-19.0999432,3389.80981
2591,-27,3367,2590.41235,-18.0985889,3367.80908
2607,102,3396,2606.41943,110.896645,3396.81421
2714,-28,3461,2713.38086,507.156921,3461.78516
2809,-182,3535,2808.38574,351.5065,3535.78906
2622,-28,3389,2621.38013,508.053467,3389.78467
375,51,3671,375.409454,52.3177299,3670.08789
348,24,3680,348.40918,25.317873,3679.08765
385,24,3697,385.40918,25.3174553,3696.08765
375,51,3671,375.908051,52.234684,3671.4187
365,24,3644,365.901855,25.2348022,3644.43164
348,24,3680,348.90799,25.2341995,3680.4187
401,24,3661,400.559937,25.3436508,3661.89795
365,24,3644,364.566956,25.3432426,3644.90137
375,51,3671,374.564941,52.3427773,3671.90039
385,24,3697,384.081146,25.3604507,3696.60547
401,24,3661,400.08197,25.3604507,3660.60352
375,51,3671,374.081238,52.3606644,3670.60522
599,51,3756,599.338867,52.3885155,3755.05933
573,24,3767,573.333069,25.3876095,3766.05713
611,24,3781,611.319336,25.3876095,3780.05249
599,51,3756,599.936096,52.3191223,3756.35156
587,24,3730,587.93634,25.3189354,3730.35107
573,24,3767,573.931458,25.3189354,3767.36377
625,24,3744,624.648804,25.3425312,3744.93628
587,24,3730,586.649414,25.3417168,3730.93652
599,51,3756,598.636658,52.3420639,3756.93164
611,24,3781,610.063477,25.4270954,3780.64941
625,24,3744,624.063293,25.4266853,3743.6499
599,51,3756,598.06311,52.4266815,3755.65039
741,51,3368,740.911743,52.3242531,3367.00391
722,24,3390,721.923523,25.3240185,3389.00293
762,24,3387,761.911743,25.3240185,3386.00391
741,51,3368,741.999023,52.3498459,3367.95605
720,24,3350,720.999023,25.3503609,3349.95605
722,24,3390,722.998962,25.350565,3389.95508
760,24,3347,760.0755,25.4302063,3347.99707
720,24,3350,720.060669,25.4297905,3350.99805
741,51,3368,741.075134,52.4301109,3368.99707
762,24,3387,761.000977,25.2856007,3387.04395
760,24,3347,759.000977,25.2862167,3347.0437
741,51,3368,740.000916,52.2855453,3368.04272
269,51,3383,268.955841,52.3757591,3382.00098
249,24,3403,248.955826,25.376173,3402.00098
289,24,3403,288.955841,25.376173,3402.00098
269,51,3383,269.999115,52.3461266,3382.95801
249,24,3363,249.999115,25.3465385,3362.95801
249,24,3403,249.999115,25.3465385,3402.95801
289,24,3363,288.955719,25.3208008,3363.99878
249,24,3363,248.955719,25.3208008,3363.99878
269,51,3383,268.955719,52.3203888,3383.99878
289,24,3403,288.000946,25.3508453,3402.95654
289,24,3363,288.000946,25.3508453,3362.95654
269,51,3383,268.000946,52.3504295,3382.95654
243,51,3037,242.853821,52.4148598,3036.01074
225,24,3059,224.853821,25.415266,3058.01074
265,24,3054,264.853821,25.4156818,3053.01074
243,51,3037,243.991898,52.2753944,3036.87305
220,24,3019,220.990875,25.2751865,3018.86523
225,24,3059,225.991135,25.2747097,3058.86719
260,24,3014,260.123535,25.3196583,3014.99219
220,24,3019,220.107391,25.3188553,3019.99414
243,51,3037,243.107025,52.3190842,3037.99414
265,24,3054,264.007019,25.3706493,3054.11816
260,24,3014,259.007019,25.3706493,3014.11816
243,51,3037,242.006897,52.3710938,3037.11719
750,51,3010,749.955872,52.3252907,3009.00098
730,24,3031,729.955872,25.3253574,3030.00098
770,24,3030,769.955872,25.3261662,3029.00098
750,51,3010,750.998962,52.3033066,3009.95508
729,24,2991,729.999023,25.3038273,2990.95605
730,24,3031,730.999023,25.3038273,3030.95605
769,24,2990,769.042847,25.3340187,2990.99902
729,24,2991,729.032043,25.3331852,2991.99927
750,51,3010,750.043457,52.3332481,3010.99902
770,24,3030,769.000854,25.3950844,3030.04102
769,24,2990,768.000916,25.3950844,2990.04272
750,51,3010,749.000916,52.3947296,3010.04224
2975,-123,3050,2974.89209,-118.523506,3050.99414
2983,-45,3068,2982.89209,-40.5261726,3068.99414
3133,-113,3068,3132.89209,-108.531502,3068.99414
2943,-94,3149,2943.99707,-92.7116241,3149.07495
2978,-42,3178,2978.99805,-40.7121582,3178.06152
2983,-45,3068,2983.99609,-43.7102203,3068.08691
2994,-72,3210,2994.8064,-67.1017456,3209.40869
2978,-42,3178,2978.80371,-37.100563,3177.40503
2943,-94,3149,2943.80078,-89.1049728,3148.40112
3129,-45,3086,3128.86792,-42.9595413,3086.99121
2983,-45,3068,2982.8606,-42.9632721,3068.99023
3012,2,3096,3011.86719,4.03769302,3096.99097
2983,-45,3068,2983.99731,-43.5630531,3068.07251
2978,-42,3178,2978.99707,-40.5642624,3178.0752
3012,2,3096,3012.99805,3.43528914,3096.06055
3133,-113,3068,3132.86719,-109.397758,3068.99097
2983,-45,3068,2982.86792,-41.3974953,3068.99121
3129,-45,3086,3128.86792,-41.4003067,3086.99121
2943,-94,3149,2943.92554,-88.1047821,3149.37842
2983,-45,3068,2983.92749,-39.1069717,3068.37378
2975,-123,3050,2975.93628,-117.10878,3050.35107
326,-60,2056,326.912231,-57.3771019,2056.40967
298,-183,1999,298.91214,-180.381577,1999.40979
276,-184,2048,276.915039,-181.380295,2048.40332
361,-189,2166,361.38208,-186.497406,2165.07593
345,-60,2105,345.389191,-57.491066,2104.07886
312,-187,2144,312.398773,-184.496277,2143.08301
410,-60,2024,409.187561,-50.0048065,2024.58301
403,47,2032,402.187805,57.0080795,2032.58337
416,47,2050,415.18808,57.0049095,2050.58374
386,-60,2013,385.566193,-50.0027122,2013.901
384,47,2024,383.589142,56.9846268,2024.91162
410,-60,2024,409.589264,-50.0002899,2024.91174
337,-60,2032,337.575134,-48.6681557,2032.81799
345,47,2038,345.580719,58.3447037,2038.81409
359,-60,2016,359.579681,-48.669529,2016.81482
326,-60,2056,326.907928,-48.9971657,2056.41895
345,47,2038,345.912109,58.0129967,2038.40991
337,-60,2032,337.907928,-48.9971657,2032.41895
329,-60,2083,329.994995,-49.9984741,2082.90015
339,47,2079,339.994995,57.0015755,2078.90015
326,-60,2056,326.994995,-49.9946785,2055.90015
409,47,2090,408.384766,57.5390434,2089.21167
392,47,2103,391.384766,57.5377769,2102.21167
396,-60,2113,395.385071,-49.4557953,2112.21143
369,-60,2116,369.40979,-50.2365761,2115.08789
371,47,2105,371.409302,56.7495537,2104.08765
345,-60,2105,345.409363,-50.235363,2104.08765
396,-60,2113,395.891907,-50.3219948,2112.00586
371,47,2105,370.883301,56.6820946,2104.00684
369,-60,2116,368.875275,-50.3195419,2115.00781
409,-60,2090,408.125153,-57.0870667,2089.51562
396,-60,2113,395.126251,-57.0882225,2112.51367
437,-186,2126,436.127319,-183.085541,2125.51172
361,-189,2166,360.875275,-186.329605,2165.00781
396,-60,2113,395.891907,-57.3290558,2112.00586
369,-60,2116,368.891907,-57.3297462,2115.00586
369,-60,2116,369.409088,-57.2733803,2115.08765
345,-60,2105,345.40918,-57.2740707,2104.08765
361,-189,2166,361.409332,-186.27092,2165.08765
345,-60,2105,345.806244,-57.3913612,2104.40845
329,-60,2083,329.81192,-57.3923569,2082.41626
281,-185,2101,281.812103,-182.388138,2100.4165
281,-185,2101,281.994995,-182.562714,2100.90015
329,-60,2083,329.994934,-57.5599556,2082.89966
326,-60,2056,326.994965,-57.5589638,2055.8999
326,-60,2056,326.907959,-57.4792671,2056.41895
337,-60,2032,337.907959,-57.4789391,2032.41895
298,-183,1999,298.90799,-180.480606,1999.41895
337,-60,2032,337.575226,-57.5098267,2032.81799
359,-60,2016,359.575134,-57.5095024,2016.81799
298,-183,1999,298.575714,-180.51326,1999.81763
394,-183,1963,394.097412,-180.533951,1963.99524
359,-60,2016,359.106781,-57.5319176,2016.99426
386,-60,2013,386.106781,-57.5325813,2013.99426
386,-60,2013,385.566193,-57.4587212,2013.901
410,-60,2024,409.566956,-57.4590492,2024.90137
394,-183,1963,393.589539,-180.459686,1963.91187
447,-184,2028,446.026947,-180.368988,2028.23047
410,-60,2024,409.026947,-56.3706398,2024.23047
416,-60,2050,415.025177,-56.3691826,2050.2229
396,-60,2113,395.891907,-49.402935,2112.00586
392,47,2103,391.901306,57.5982399,2102.00488
371,47,2105,370.891907,57.5957031,2104.00586
345,-60,2105,345.409363,-49.6730461,2104.08765
371,47,2105,371.40918,57.3332253,2104.08765
351,47,2096,351.398682,57.3319969,2095.08301
339,47,2079,339.811584,57.354763,2078.41577
345,-60,2105,345.811035,-49.6435928,2104.41504
351,47,2096,351.812103,57.3515129,2095.4165
326,-60,2056,326.994995,-50.0111313,2055.90015
339,47,2079,339.995026,56.9834709,2078.90039
337,47,2058,337.995026,56.9831657,2057.90039
326,-60,2056,326.928131,-50.2824707,2056.37207
337,47,2058,337.926117,56.7052803,2058.37695
345,47,2038,345.926117,56.7052803,2038.37695
359,-60,2016,359.555023,-50.191494,2016.83179
345,47,2038,345.560974,56.8039932,2038.82776
363,47,2026,363.56131,56.8039932,2026.82751
363,47,2026,363.086639,57.1220665,2026.99622
384,47,2024,384.086639,57.1207962,2024.99622
359,-60,2016,359.086761,-49.8765717,2016.99622
410,-60,2024,409.610199,-49.2611771,2024.9209
384,47,2024,383.610199,57.7394638,2024.9209
403,47,2032,402.602234,57.7407646,2032.91748
-38,115,866,-38.495842,131.500229,865.131592
-46,-146,889,-46.5002747,-129.494308,888.134155
-18,-146,873,-18.4958324,-129.503281,872.131592
-43,-146,860,-42.0050163,-99.209938,860.100037
-46,-146,889,-45.0051155,-99.2083359,889.101013
-38,115,866,-37.0050659,161.696091,866.100525
-18,-146,873,-18.4617977,-60.5627937,873.886963
-43,-146,860,-43.4612961,-60.557518,860.887207
-38,115,866,-38.4614525,200.22081,866.887146
-32,51,1174,-32.0425262,87.2643738,1173.00098
-58,-132,1179,-58.0425262,-95.7244492,1178.00098
-26,-132,1179,-26.0425262,-95.7244492,1178.00098
-41,-132,1154,-40.1752052,-122.167496,1154.56543
-58,-132,1179,-57.1813011,-122.169296,1179.57422
-32,51,1174,-31.1692467,60.8314285,1174.55664
-26,-132,1179,-26.8625717,-60.327877,1179.50586
-41,-132,1154,-41.8585243,-60.3235397,1154.5127
-32,51,1174,-32.8585472,122.508194,1174.5127
-88,115,1482,-88.0425262,139.823776,1481.00098
-106,-132,1492,-106.042526,-107.085716,1491.00098
-74,-132,1492,-74.0425262,-107.085716,1491.00098
-89,-132,1468,-88.1884155,-103.737732,1468.58423
-106,-132,1492,-105.18824,-103.725883,1492.58398
-88,115,1482,-87.188324,143.267441,1482.58411
-74,-132,1492,-74.8442078,-94.8916016,1492.53601
-89,-132,1468,-89.8435059,-94.8755417,1468.53711
-88,115,1482,-88.8442841,151.986191,1482.53589
-324,75,1943,-324.042267,84.0383682,1942.00098
-346,-138,1966,-346.042267,-128.950012,1965.00098
-314,-138,1966,-314.042267,-128.950012,1965.00098
-330,-138,1942,-329.16568,-99.0942841,1942.55127
-346,-138,1966,-345.165375,-99.0942841,1966.55078
-324,75,1943,-323.163452,113.916809,1943.54785
-328,59,2266,-328.042267,74.0507736,2265.00098
-345,-132,2279,-345.042267,-116.951042,2278.00098
-313,-132,2279,-313.042267,-116.951042,2278.00098
-328,-132,2255,-327.187561,-102.859253,2255.58301
-345,-132,2279,-344.187561,-102.870262,2279.58301
-328,59,2266,-327.187561,88.1661224,2266.58301
-313,-132,2279,-313.85144,-100.232941,2279.52441
-328,-132,2255,-328.848877,-100.228943,2255.52856
-328,59,2266,-328.848877,90.7092285,2266.52856
-166,-168,2504,-165.163437,-152.204117,2504.54785
-182,-168,2529,-181.153412,-152.208054,2529.53223
-166,75,2532,-165.163437,90.8352356,2532.54785
-151,-168,2529,-151.854401,-151.075333,2529.51953
-166,-168,2504,-166.861359,-151.079453,2504.50781
-166,75,2532,-166.861374,91.9394302,2532.50781
76,7,2911,75.9558182,14.764945,2910.00098
56,-220,2939,55.9558182,-212.257797,2938.00098
87,-220,2939,86.9558182,-212.257797,2938.00098
72,-220,2914,72.8403778,-86.2740479,2914.54199
56,-220,2939,56.8453598,-86.2582397,2939.53418
76,7,2911,76.8408432,140.612305,2911.54126
48,35,3181,47.9558182,51.4696693,3180.00098
40,-196,3195,39.9558182,-179.558594,3194.00098
72,-196,3195,71.9558182,-179.558594,3194.00098
72,-196,3195,71.1465912,-178.660492,3195.52124
57,-196,3171,56.1521759,-178.653931,3171.53027
48,35,3181,47.1526337,52.2822456,3181.53101
1015,55,2586,1014.95587,76.7580261,2585.00098
996,-186,2597,995.955872,-164.246658,2596.00098
1028,-186,2597,1027.95593,-164.246658,2596.00098
1013,-186,2573,1013.80884,-160.522858,2573.58789
996,-186,2597,996.808716,-160.522858,2597.58789
1015,55,2586,1015.80927,80.4094543,2586.5874
1028,-186,2597,1027.1499,-141.369629,2597.52661
1013,-186,2573,1012.14978,-141.352631,2573.52637
1015,55,2586,1014.14978,99.6456833,2586.52637
1355,73,2623,1354.95593,91.0204315,2622.00098
1346,-162,2636,1345.95593,-143.964676,2635.00098
1378,-162,2636,1377.95593,-143.964676,2635.00098
1362,-162,2611,1362.82935,250.292358,2611.55859
1346,-162,2636,1346.83203,250.192368,2636.55469
1355,73,2623,1355.83325,484.885193,2623.55273
1378,-162,2636,1377.1499,-142.952667,2636.52661
1362,-162,2611,1361.15027,-142.952667,2611.5271
1355,73,2623,1354.15527,92.006485,2623.53516
1638,65,2754,1637.95593,307.263336,2753.00098
1604,-184,2755,1603.95593,59.0285034,2754.00098
1636,-184,2755,1635.95593,59.0285034,2754.00098
1621,-184,2730,1621.8186,-175.066803,2730.57422
1604,-184,2755,1604.82068,-175.071243,2755.57129
1638,65,2754,1638.82935,73.9222717,2754.55859
1861,93,2860,1860.95593,100.961624,2859.00098
1862,-162,2892,1861.95593,-154.034515,2891.00098
1894,-162,2892,1893.95593,-154.034515,2891.00098
1894,-162,2892,1893.14978,-138.868546,2892.52637
1879,-162,2868,1878.14685,-138.868546,2868.52148
1861,93,2860,1860.14978,116.171013,2860.52637
2248,79,2106,2247.95605,99.7911835,2105.00098
2208,-188,2119,2207.95605,-167.121628,2118.00098
2240,-188,2119,2239.95605,-167.121628,2118.00098
2225,-188,2095,2225.81396,-177.125534,2095.58081
2208,-188,2119,2208.80347,-177.125534,2119.59521
2248,79,2106,2248.80884,89.878685,2106.58789
1839,129,2171,1838.95593,184.562973,2170.00098
1825,-196,2177,1824.95593,-140.34613,2176.00098
1857,-196,2177,1856.95593,-140.34613,2176.00098
1842,-196,2152,1842.81384,-157.85733,2152.58105
1825,-196,2177,1825.8186,-157.85733,2177.57422
1839,129,2171,1839.83203,167.066238,2171.55469
1857,-196,2177,1856.13855,-169.941757,2177.50781
1842,-196,2152,1841.13599,-169.938538,2152.50342
1839,129,2171,1838.1416,155.067612,2171.51294
1659,-188,2014,1658.13513,-180.614059,2014.50195
1644,-188,1989,1643.1355,-180.612213,1989.50256
1615,107,2017,1614.13623,114.39637,2017.50378
1392,-174,1816,1392.83325,-164.038116,1816.55273
1376,-174,1841,1376.82983,-164.040573,1841.55798
1400,29,1841,1400.84204,38.9516907,1841.53906
1408,-174,1841,1407.15564,-145.265106,1841.53577
1392,-174,1816,1391.15466,-145.24855,1816.53418
1400,29,1841,1399.15588,57.7443275,1841.53613
962,63,1518,961.955872,76.7896042,1517.00098
955,-170,1535,954.955872,-156.248581,1534.00098
987,-170,1535,986.955872,-156.248581,1534.00098
987,-170,1535,986.13562,-151.308365,1535.50281
972,-170,1510,971.147339,-151.312851,1510.52246
962,63,1518,961.135254,81.7002258,1518.5022
835,-156,1242,835.833679,-136.361038,1242.55225
819,-156,1267,819.833313,-136.361038,1267.55273
834,119,1269,834.844116,138.606064,1269.53613
851,-156,1267,850.154785,-138.014511,1267.53442
835,-156,1242,834.154907,-138.016708,1242.53455
834,119,1269,833.154724,136.944336,1269.5343
660,147,1023,659.955872,170.377197,1022.00098
640,-160,1036,639.955872,-136.688477,1035.00098
672,-160,1036,671.955872,-136.688477,1035.00098
657,-160,1011,657.829346,-126.343353,1011.55859
640,-160,1036,640.829407,-126.34742,1036.55859
660,147,1023,660.829346,180.514297,1023.55853
672,-160,1036,671.144104,-76.5097122,1036.51709
657,-160,1011,656.135193,-76.4784622,1011.50201
660,147,1023,659.135315,230.803833,1023.50226
3074,-48,3291,3074.75024,-43.2983513,3290.33887
2978,-42,3178,2978.75146,-37.2882996,3177.34033
3021,-72,3237,3021.75122,-67.2926559,3236.34009
3021,-72,3237,3021.69751,-69.3437347,3236.28345
2978,-42,3178,2978.69727,-39.3432693,3177.2832
2994,-72,3210,2994.69849,-69.3437347,3209.28442
-126,-99,1605,-125.007988,-96.0423126,1605.1261
-175,-181,1788,-174.007904,-178.047791,1788.12537
-146,-107,1752,-145.007858,-104.047249,1752.125
-80,-121,1746,-80.9729004,-119.955887,1745.7688
-72,-98,1617,-72.9728394,-96.95681,1616.76855
-98,-103,1746,-98.972847,-101.955887,1745.76855
-175,-181,1788,-175.26886,-177.095062,1787.03687
-80,-121,1746,-80.2626648,-117.098343,1745.03516
-98,-103,1746,-98.2614059,-99.0986557,1745.03479
1548,-143,2048,1547.6488,-141.497192,2048.93628
1562,-188,2021,1561.64844,-186.497849,2021.93616
1443,-188,1977,1442.64917,-186.496536,1977.9364
-78,-139,1748,-78.9879074,-131.063858,1747.84497
-58,-129,1620,-58.9878693,-121.072952,1619.84473
-80,-121,1746,-80.9878845,-113.063332,1745.84485
-81,-176,1776,-81.9878693,-150.393616,1775.84473
-58,-129,1620,-58.9878654,-103.385262,1619.84473
-78,-139,1748,-78.9878693,-113.390045,1747.84473
-57,-176,1619,-57.9066658,-80.1820755,1618.57825
2,-176,1493,1.09210134,-79.9916077,1492.58081
-58,-129,1620,-58.9066048,-33.2251778,1619.57812
-59,-112,1619,-59.9067039,-99.1179199,1618.57825
-58,-129,1620,-58.9066277,-116.11544,1619.57812
2,-120,1490,1.09153867,-107.125504,1489.58203
-72,-98,1617,-72.9220428,-96.9138107,1616.61292
-59,-112,1619,-59.9217682,-110.913567,1618.6123
2,-120,1490,1.07272863,-118.911964,1489.62561
-126,-99,1605,-125.165352,-96.3822174,1605.55078
-68,-147,1482,-67.1583633,-144.380066,1482.54004
-146,-148,1602,-145.163666,-145.382538,1602.54822
2,-120,1490,1.01184249,-97.9553757,1489.84656
2,-130,1493,1.01182353,-107.954727,1492.84668
21,-103,1360,20.0118237,-80.9406586,1359.84668
-6,-105,1488,-6.97688007,-103.194885,1487.78625
2,-120,1490,1.02383757,-118.195503,1489.78296
21,-103,1360,20.0227127,-101.194443,1359.78809
-59,-104,1477,-58.0049858,-98.9346848,1477.09973
-52,-146,1319,-51.0049744,-140.930954,1319.09961
-68,-147,1482,-67.0049744,-141.931717,1482.09961
-81,-176,1776,-81.9879074,-120.782272,1775.84497
-57,-176,1619,-57.9880981,-120.708649,1618.84619
-58,-129,1620,-58.9878654,-73.7314835,1619.84473
-80,-121,1746,-80.9849854,-106.070259,1745.82739
-58,-129,1620,-58.985054,-114.086464,1619.82776
-59,-112,1619,-59.9859962,-97.0827026,1618.83325
-80,-121,1746,-80.974884,-119.922638,1745.77734
-59,-112,1619,-59.9729919,-110.92305,1618.76917
-72,-98,1617,-72.9731369,-96.9233627,1616.76978
-126,-99,1605,-125.003067,-96.6016235,1605.07825
-146,-148,1602,-145.003876,-145.603973,1602.08789
-175,-181,1788,-174.003876,-178.608719,1788.08789
21,-103,1360,20.0266895,-100.811844,1359.77051
2,-130,1493,1.02674723,-127.813843,1492.77026
32,-116,1339,31.0268345,-113.811005,1338.7699
-6,-105,1488,-6.97687531,-102.851692,1487.78625
21,-103,1360,20.0227394,-100.846893,1359.78796
16,-89,1353,15.0237837,-86.8473206,1352.7832
-32,-88,1347,-31.0109329,-85.6068344,1347.14746
-52,-146,1319,-51.0110435,-143.605057,1319.14819
-59,-104,1477,-58.0110435,-101.608894,1477.14819
2,-120,1490,1.09153867,-112.134178,1489.58203
-58,-129,1620,-58.9066086,-121.133179,1619.57812
2,-130,1493,1.09153867,-122.134354,1492.58203
-72,-98,1617,-72.9005737,-96.1090546,1616.56543
2,-120,1490,1.09754598,-118.112885,1489.56921
-6,-105,1488,-6.90158081,-103.112511,1487.5675
-59,-104,1477,-58.1229897,-96.2327499,1477.48047
-68,-147,1482,-67.1231232,-139.238266,1482.48071
-126,-99,1605,-125.122459,-91.227478,1605.47949
-81,-176,1776,-81.097702,-174.686096,1775.00488
-78,-139,1748,-78.0977936,-137.685898,1747.00488
-175,-181,1788,-175.098312,-179.685638,1787.00488
-175,-181,1788,-175.333496,-173.868744,1787.05725
-78,-139,1748,-78.3194656,-131.879166,1747.05249
-80,-121,1746,-80.3334885,-113.880157,1745.05725
-175,-181,1788,-175.374603,-173.483398,1787.07288
-98,-103,1746,-98.3673477,-95.4782486,1745.06995
-115,-97,1752,-115.380638,-89.4803162,1751.07532
-175,-181,1788,-174.835953,-179.159683,1787.01355
-115,-97,1752,-114.828766,-95.1597137,1751.01477
-146,-107,1752,-145.828766,-105.159027,1751.01477
-7,-79,1350,-6.93951273,-76.9696732,1350.99817
-52,-146,1319,-51.9375839,-143.968719,1319.99805
-32,-88,1347,-31.9375324,-85.9688492,1347.99805
-52,-146,1319,-52.0745087,-144.020477,1319.99719
32,-116,1339,31.9375324,-114.019897,1339.99805
32,-148,1323,31.9375324,-146.020004,1323.99805
16,-89,1353,15.7477093,-85.5035934,1353.96765
-52,-146,1319,-52.2544098,-142.498917,1319.96704
-7,-79,1350,-7.23951387,-75.5029984,1350.97083
1667,-160,2105,1666.49158,-158.550674,2105.86108
1562,-188,2021,1561.49634,-186.548843,2021.86389
1548,-143,2048,1547.49622,-141.548737,2048.86377
1767,-162,2127,1766.70605,-147.374557,2127.95581
1763,-187,2124,1762.69067,-172.373795,2124.95093
1672,-188,2096,1671.70605,-173.370163,2096.95581
1767,-162,2127,1767.42578,-161.028915,2126.09521
1766,-168,2133,1766.42578,-167.029083,2132.09521
1830,-173,2170,1830.4248,-172.030594,2169.09473
1767,-162,2127,1766.49658,-119.879761,2127.86401
1832,-187,2164,1831.49658,-144.884186,2164.86401
1763,-187,2124,1762.49744,-144.884186,2124.8645
1667,-160,2105,1667.18628,-158.882614,2104.01758
1661,-169,2112,1661.20593,-167.88298,2111.02148
1767,-162,2127,1767.18652,-160.880905,2126.01758
1548,-143,2048,1548.3114,-141.886993,2047.0498
1661,-169,2112,1661.31152,-167.884338,2111.0498
1667,-160,2105,1667.30762,-158.884567,2104.04858
1424,-145,2006,1423.82397,-143.607147,2006.98438
1443,-188,1977,1442.82324,-186.606705,1977.98425
1309,-170,1968,1308.82324,-168.609207,1968.98425
1548,-143,2048,1547.67676,-141.743423,2048.94629
1443,-188,1977,1442.68457,-186.740753,1977.94885
1424,-145,2006,1423.69104,-143.741165,2006.95105
1767,-162,2127,1766.75977,-159.242233,2127.9707
1672,-188,2096,1671.77612,-185.240143,2096.97461
1667,-160,2105,1666.75879,-157.239899,2105.97046
-169,-126,2384,-168.060944,-124.897804,2383.65625
-210,-170,2391,-209.060944,-168.897446,2390.65625
-168,-168,2502,-167.060944,-166.895981,2501.65625
-113,-142,2494,-113.952736,-140.89386,2494.30371
-157,-136,2380,-157.9478,-134.894318,2380.31885
-124,-129,2499,-124.952705,-127.893501,2499.30371
-191,-142,2260,-191.953369,-140.739929,2260.30176
-157,-136,2380,-157.953827,-134.741501,2380.30029
-181,-155,2258,-181.953354,-153.740372,2258.30176
-207,-168,2259,-206.000885,-166.34166,2259.04199
-210,-170,2391,-209.000885,-168.339447,2391.04199
-191,-142,2260,-190.000885,-140.34108,2260.04199
-191,-142,2260,-191.896713,-140.817139,2260.44238
-238,-143,2167,-238.89682,-141.816162,2167.44238
-244,-134,2172,-244.896805,-132.816055,2172.44238
-244,-134,2172,-243.118362,-129.868347,2171.52808
-249,-150,2171,-248.11824,-145.868881,2170.52832
-207,-168,2259,-206.1185,-163.866287,2258.52783
-68,-189,2600,-68.9979782,-187.797195,2600.06348
-113,-142,2494,-113.997971,-140.797577,2494.06348
-81,-173,2606,-81.9980392,-171.797379,2606.0625
-244,-134,2172,-244.9039,-132.797211,2172.42773
-238,-143,2167,-238.903885,-141.797546,2167.42773
-279,-141,2085,-279.904114,-139.797043,2085.42725
-244,-134,2172,-243.11824,-130.014664,2171.52832
-288,-150,2098,-287.118256,-146.010101,2097.52832
-249,-150,2171,-248.11824,-146.014175,2170.52832
-244,-134,2172,-244.903885,-132.75061,2172.42773
-279,-141,2085,-279.904114,-139.75238,2085.42725
-283,-135,2088,-283.90387,-133.752365,2088.42773
-81,-173,2606,-81.9989853,-171.786789,2606.04492
-113,-142,2494,-113.999001,-140.789673,2494.04468
-124,-129,2499,-124.99897,-127.789787,2499.04492
-124,-129,2499,-123.254066,-127.92807,2498.33398
-168,-168,2502,-167.249741,-166.928528,2501.33887
-81,-173,2606,-80.2549591,-171.930389,2605.33301
-244,-134,2172,-243.165359,-131.956528,2171.44922
-207,-168,2259,-206.167297,-165.956589,2258.44629
-191,-142,2260,-190.167297,-139.956284,2259.44629
-283,-135,2088,-282.087769,-133.262009,2087.59033
-288,-150,2098,-287.091766,-148.261963,2097.58154
-244,-134,2172,-243.087769,-132.261978,2171.59033
1672,-188,2096,1671.42603,-185.26088,2096.81885
1562,-188,2021,1561.42603,-185.26265,2021.81885
1667,-160,2105,1666.44458,-157.261917,2105.83154
-181,-155,2258,-181.896927,-153.718735,2258.44214
-238,-143,2167,-238.894836,-141.71788,2167.44629
-191,-142,2260,-191.895828,-140.719131,2260.44434
-191,-142,2260,-190.001877,-140.910614,2259.93896
-210,-170,2391,-209.001846,-168.909119,2390.93945
-169,-126,2384,-168.001846,-124.909744,2383.93945
682,50,-241,681.04364,55.2148628,-241.292145
709,144,-393,708.039734,149.216537,-393.279083
664,149,-247,663.039734,154.217194,-247.279037
430,-112,-1168,430.810974,134.010941,-1168.58496
841,-112,-592,841.806152,135.304138,-592.591675
439,119,-1157,439.811218,364.891113,-1157.58472
964,161,-417,964.837158,204.621414,-417.546783
841,-112,-592,841.829407,-68.306427,-592.558594
964,41,-412,964.826477,84.6463547,-412.562897
-5,-68,4124,-5.29298353,-59.7317963,4123.04395
-158,58,4154,-158.292892,66.2450256,4153.04395
-130,-204,4177,-130.292877,-195.740524,4176.04395
-5,-68,4124,-5.46128988,-65.0762711,4123.11279
-45,72,4091,-45.4612961,74.9213638,4090.11279
-158,58,4154,-158.47229,60.921978,4153.11865
