241,305,3203,241.912659,311.248138,3203.40869
280,354,3133,280.911957,360.254181,3133.41016
255,163,3116,255.912003,169.247711,3116.40991
-1403,-60,2227,-1403.81848,6.87280607,2227.57422
-1403,15,2229,-1403.8197,81.8228989,2229.57275
-1324,15,2341,-1324.81848,81.9181366,2341.57422
-1218,17,2411,-1218.57239,43.9073639,2411.81982
-1098,22,2494,-1098.55762,48.8979149,2494.83008
-1216,-60,2409,-1216.5791,-33.1012726,2409.81519
670,422,2843,670.465698,476.683197,2843.88477
730,290,2809,730.453552,344.763214,2809.89111
695,275,2827,695.464844,329.786133,2827.88525
808,238,3064,808.461731,508.594635,3064.88696
846,290,3044,846.460388,560.525269,3044.8877
885,227,3023,885.458984,497.611938,3023.88843
808,238,3064,808.462891,366.14267,3064.88623
885,227,3023,885.464844,355.09848,3023.88525
899,161,3015,899.456116,289.189545,3015.88989
30,84,3234,29.9558182,220.381454,3234.99902
-42,84,3234,-42.0425262,220.381454,3234.99902
-134,222,3235,-134.042267,358.638855,3235.99902
30,84,3234,30.0148315,478.310974,3234.99976
-134,222,3235,-134.01004,617.097473,3235.99976
123,222,3234,122.988373,615.609131,3234.99976
122,0,3203,122.022797,262.7612,3203.99951
122,252,3204,122.022797,514.815063,3204.99951
209,252,3203,209.022797,515.061218,3203.99951
5,105,1413,4.95581722,124.813889,1412.00098
45,77,1413,44.9558182,96.817131,1412.00098
68,100,1411,67.9558182,119.812248,1410.00098
496,140,1944,495.000946,209.997894,1943.95654
498,-1,1928,497.000946,69.0774612,1927.95654
496,140,1926,495.000946,209.997894,1925.95654
575,360,1260,575.999023,363.065277,1259.95593
575,360,1280,575.999023,363.065277,1279.95593
593,415,1270,593.999023,418.064758,1269.95593
611,360,1260,610.955872,365.365875,1260.99902
575,360,1260,574.955872,365.365875,1260.99902
593,415,1270,592.955872,420.360443,1270.99902
611,360,1280,610.000977,363.025818,1279.95593
611,360,1260,610.000977,363.025818,1259.95593
593,415,1270,592.000977,418.02533,1269.95593
575,360,1280,574.955872,365.567169,1279.00098
611,360,1280,610.955872,365.567169,1279.00098
593,415,1270,592.955872,420.561737,1269.00098
178,77,1372,177.936584,79.2461395,1371.00208
66,48,1391,65.9375381,50.2483559,1390.00195
180,48,1385,179.936584,50.2459831,1384.00208
-57,77,1383,-57.3865891,80.5066833,1382.07776
-35,41,1385,-35.3865891,44.5082283,1384.07776
-35,77,1374,-35.3865929,80.5080261,1373.07776
-79,320,1108,-78.0010147,343.025574,1107.95508
-76,400,1094,-75.0010147,423.007751,1093.95508
-79,400,1002,-78.0010147,423.012878,1001.95502
-79,320,1108,-78.0001068,347.927216,1107.98547
-79,400,1002,-78.0001068,427.928864,1001.98541
-82,320,996,-81.0001068,347.943573,995.985413
-299,-60,3054,-298.205627,112.542023,3054.60742
-305,32,3063,-304.201019,204.781631,3063.60132
-244,33,2981,-243.201187,205.589691,2981.60156
-401,56,2054,-401.845337,61.5691986,2054.53418
-405,99,2062,-405.851349,104.570335,2062.52441
-396,56,2062,-396.85437,61.5678024,2062.51953
-416,56,2062,-415.153412,64.9286804,2062.53223
-409,99,2060,-408.153412,107.927361,2060.53223
-411,56,2054,-410.153412,64.927597,2054.53223
-401,56,2071,-401.042267,61.4504852,2070.00098
-408,99,2063,-408.042267,104.452675,2062.00098
-411,56,2071,-411.042267,61.4504852,2070.00098
-448,178,1339,-448.947632,196.066666,1338.68066
-459,275,1355,-459.947296,293.078064,1354.67969
-451,178,1348,-451.94751,196.066666,1347.6803
-460,178,1345,-459.047058,201.980408,1345.3031
-459,275,1355,-458.047028,299.015656,1355.30298
-457,178,1336,-456.047089,201.978241,1336.30322
-457,178,1336,-457.322235,183.18782,1336.94666
-459,275,1355,-459.322235,280.18985,1355.94666
-448,178,1339,-448.322235,183.188461,1339.94666
-445,0,1325,-445.998138,23.884985,1325.06091
-451,178,1348,-451.997955,201.917648,1348.06335
-444,0,1341,-444.997955,23.8820553,1341.06348
-460,0,1342,-459.047089,189.783676,1342.30322
-460,178,1345,-459.047089,367.418243,1345.30322
-457,178,1336,-456.047211,367.401123,1336.30359
-460,0,1342,-459.001862,52.1855049,1341.93909
-457,178,1336,-456.001862,230.180069,1335.93909
-461,0,1326,-460.001862,52.1984062,1325.93909
-461,0,1326,-461.322235,21.3591366,1326.94666
-457,178,1336,-457.32254,199.348419,1336.94653
-448,178,1339,-448.322235,199.343124,1339.94666
-461,0,1326,-460.937561,13.118968,1326.99805
-448,178,1339,-447.939514,191.132507,1339.99817
-445,0,1325,-444.937561,13.1205482,1325.99805
-1335,175,704,-1334.04077,180.260864,704.28241
-1310,292,699,-1309.03699,297.251495,699.269287
-1333,175,697,-1332.04077,180.260223,697.282471
-1353,0,701,-1352.03674,9.88065815,701.268555
-1335,175,704,-1334.0387,184.872055,704.275391
-1333,175,697,-1332.04077,184.87088,697.282532
-1353,0,701,-1352.01929,9.39891815,701.195312
-1333,175,697,-1332.01746,184.403229,697.185608
-1350,0,685,-1349.01929,9.39778233,685.195374
-1350,0,685,-1350.28235,25.6147823,685.95929
-1333,175,697,-1333.28235,200.610229,697.95929
-1326,175,699,-1326.28223,200.607117,699.959229
-1350,0,685,-1350.18555,18.7245159,685.982605
-1326,175,699,-1326.19043,193.706573,699.981689
-1334,0,688,-1334.18555,18.7233696,688.982605
-1328,174,706,-1327.74036,184.391846,705.034302
-1310,292,699,-1309.73633,302.386993,698.0354
-1335,175,704,-1334.73633,185.391815,703.0354
-1337,0,704,-1336.72949,320.223236,703.037292
-1328,174,706,-1327.72949,493.732513,705.037292
-1335,175,704,-1334.72949,494.742188,703.037292
-1337,0,704,-1336.8125,463.522095,703.017761
-1335,175,704,-1334.8125,638.560242,703.017761
-1353,0,701,-1352.82324,463.43512,700.015747
-355,0,680,-354.289612,20.4520702,680.703796
-358,203,697,-357.288452,223.451828,697.702637
-353,203,692,-352.288391,223.451828,692.702576
-355,0,680,-354.319489,19.8534088,680.732727
-353,203,692,-352.318695,222.843567,692.731995
-343,0,669,-342.319092,19.8558426,669.732361
-358,203,697,-357.289001,211.680862,697.703186
-353,356,717,-352.289001,364.678864,717.703186
-353,203,692,-352.288452,211.680862,692.702637
-332,0,680,-332.765137,147.162918,679.35614
-348,203,697,-348.764557,350.205841,696.355469
-353,202,703,-353.768707,349.210327,702.360413
-343,0,669,-343.711975,8.64644909,669.702148
-353,203,692,-353.711975,211.637573,692.702087
-348,203,697,-348.713531,211.638107,697.700623
-343,0,669,-343.711975,8.64644909,669.702148
-348,203,697,-348.713531,211.638107,697.700623
-332,0,680,-332.711975,8.64644909,680.702148
-353,203,692,-353.712433,211.74733,692.701721
-353,356,717,-353.712067,364.745056,717.702087
-348,203,697,-348.712067,211.74733,697.702087
-903,0,2073,-903.517822,13.2914295,2072.14453
-909,154,2063,-909.526428,167.302902,2062.1499
-914,154,2066,-914.526611,167.302902,2065.1499
-903,0,2073,-903.322449,15.0423727,2072.05347
-914,154,2066,-914.322388,169.080505,2065.05347
-918,0,2078,-918.322266,15.0442343,2077.05347
-918,0,2078,-917.651367,11.9742708,2077.06274
-914,154,2066,-913.659363,165.947937,2065.05981
-922,154,2063,-921.648804,165.947937,2062.06372
-918,0,2078,-917.300781,20.2873421,2077.28516
-922,154,2063,-921.301758,174.271759,2062.28418
-927,0,2069,-926.302002,20.2873421,2068.28394
-909,154,2063,-909.52655,160.28949,2062.1499
-910,257,2045,-910.526367,263.293915,2044.14978
-914,154,2066,-914.526611,160.28949,2065.1499
-914,154,2066,-913.659363,158.998505,2065.05981
-910,257,2045,-909.648438,261.999939,2044.06384
-922,154,2063,-921.648804,158.998505,2062.06372
1956,69,864,1956.11548,76.0569305,863.006714
1942,181,846,1942.11536,188.049255,845.006714
1931,69,861,1931.11646,76.0556488,860.006836
1921,69,837,1921.78857,75.0298309,837.614868
1942,181,839,1942.7887,187.036407,839.614746
1936,69,817,1936.78833,75.0282898,817.615051
1961,69,821,1960.38489,73.5922394,821.788391
1950,181,843,1949.3811,185.601028,843.785461
1990,69,844,1989.37988,73.5922394,844.784485
1689,-4,712,1688.06836,22.4339561,712.363281
1677,61,688,1676.06311,87.4188995,688.349609
1686,61,711,1685.06311,87.4188995,711.349609
1677,61,688,1676.0686,66.7546158,688.363892
1667,158,708,1666.06311,163.759079,708.349609
1686,61,711,1685.06799,66.7531662,711.362305
1644,-4,730,1644.93127,21.2100811,729.635742
1646,61,728,1646.92542,86.2195892,727.621094
1637,61,705,1637.93127,86.2257233,704.635742
1637,61,705,1637.99902,65.2165298,704.955872
1660,158,711,1660.99902,162.215164,710.955872
1660,158,704,1660.99902,162.215164,703.955872
1644,-4,730,1644.1156,25.3052044,729.006714
1671,61,731,1671.11536,90.2809219,730.006714
1646,61,728,1646.1156,90.2773514,727.006714
1671,61,731,1671.11536,66.311264,730.006714
1660,158,711,1660.1156,163.307648,710.006714
1646,61,728,1646.11548,66.309639,727.006714
-967,138,1112,-966.000977,139.881531,1111.95593
-998,80,1112,-997.000977,81.8835526,1111.95593
-998,80,1188,-997.000977,81.8835526,1187.95593
-967,138,1112,-966.000977,139.881531,1111.95593
-998,80,1188,-997.000977,81.8835526,1187.95593
-967,138,1188,-966.000977,139.881531,1187.95593
894,65,1075,893.955872,66.309761,1075.99902
848,65,1075,847.955872,66.309761,1075.99902
871,96,1099,870.955872,97.310257,1099.99902
848,65,1075,848.998962,66.3419647,1074.95508
848,65,1123,848.998962,66.3419647,1122.95508
871,96,1099,871.999023,97.342041,1098.95593
848,65,1123,847.955872,66.2707748,1122.00098
894,65,1123,893.955872,66.2707748,1122.00098
871,96,1099,870.955872,97.2712784,1098.00098
894,65,1123,893.000977,66.3521042,1122.95593
894,65,1075,893.000977,66.3521042,1074.95593
871,96,1099,870.000977,97.3521805,1098.95593
940,65,1075,939.955872,66.309761,1075.99902
894,65,1075,893.955872,66.309761,1075.99902
917,96,1099,916.955872,97.310257,1099.99902
894,65,1075,894.999023,66.3417587,1074.95593
894,65,1123,894.999023,66.3417587,1122.95593
917,96,1099,917.999023,97.341835,1098.95593
894,65,1123,893.955872,66.2707748,1122.00098
940,65,1123,939.955872,66.2707748,1122.00098
917,96,1099,916.955872,97.2712784,1098.00098
940,65,1123,939.000977,66.3524094,1122.95593
940,65,1075,939.000977,66.3524094,1074.95593
917,96,1099,916.000977,97.3523865,1098.95593
-320,0,1430,-320.042267,39.5494614,1429.00098
-320,80,1428,-320.042267,119.542137,1427.00098
-709,80,1428,-709.042969,119.542137,1427.00098
-723,70,716,-722.000977,71.5795593,715.955872
-716,81,908,-715.000977,82.5793304,907.955872
-716,81,716,-715.000977,82.5793304,715.955872
-711,70,716,-711.998962,72.1992874,715.955078
-716,81,716,-716.999023,83.1994629,715.955872
-716,81,908,-716.999023,83.1994629,907.955872
-736,46,2026,-735.000977,48.5918999,2025.95593
-721,85,2026,-720.000977,87.5909653,2025.95593
-721,85,1828,-720.000977,87.5909653,1827.95593
-706,46,1828,-706.999023,48.6000633,1827.95593
-721,85,1828,-721.999023,87.5989532,1827.95593
-721,85,2026,-721.999023,87.5989532,2025.95593
-120,190,1977,-120.042526,219.553741,1976.00098
-120,160,1978,-120.042526,189.565643,1977.00098
120,190,1977,119.955818,219.553741,1976.00098
-120,160,1978,-120.042526,189.565643,1977.00098
120,160,1978,119.955818,189.565643,1977.00098
120,190,1977,119.955818,219.553741,1976.00098
-406,0,1855,-406.711426,72.2534027,1854.29724
-406,52,1854,-406.712128,124.198006,1853.29797
-421,52,1869,-421.712006,124.198006,1868.29785
-401,0,1836,-401.964844,204.053146,1835.73718
-406,52,1854,-406.963806,256.157806,1853.7334
-406,0,1855,-406.9646,204.040649,1854.73633
-416,56,2062,-415.046936,61.8125687,2061.69727
-408,99,2063,-407.046936,104.810707,2062.69727
-409,99,2060,-408.048492,104.811073,2059.69238
-411,56,2071,-410.132294,62.567131,2070.50293
-408,99,2063,-407.126251,105.568878,2062.51367
-416,56,2062,-415.132294,62.567131,2061.50293
-401,56,2054,-401.441589,60.965023,2054.89722
-409,99,2060,-409.440521,103.965057,2060.89771
-405,99,2062,-405.440094,103.965057,2062.89795
-411,56,2054,-411.042267,63.3461227,2054.99902
-409,99,2060,-409.042267,106.349228,2060.99902
-401,56,2054,-401.042267,63.3461227,2054.99902
-401,56,2071,-401.322601,60.3727303,2070.05347
-405,99,2062,-405.322479,103.374573,2061.05347
-408,99,2063,-408.322296,103.374573,2062.05347
-396,56,2062,-396.873077,61.5589142,2061.51245
-405,99,2062,-405.873077,104.561157,2061.51245
-401,56,2071,-401.879669,61.5589142,2070.52441
-417,38,2042,-417.042267,39.5214615,2042.99902
-401,56,2054,-401.042267,57.5215721,2054.99902
-394,38,2042,-394.042267,39.5214615,2042.99902
-383,38,2062,-383.879639,39.6182404,2062.47559
-394,38,2042,-394.879669,39.6177826,2042.47559
-396,56,2062,-396.880585,57.6179199,2062.47363
-394,38,2083,-394.881683,39.5844269,2082.52832
-383,38,2062,-383.880707,39.5839806,2061.52637
-401,56,2071,-401.880188,57.5844345,2070.52539
-417,38,2083,-417.042267,39.474369,2082.00098
-394,38,2083,-394.042267,39.474369,2082.00098
-411,56,2071,-411.042267,57.4744797,2070.00098
-429,38,2062,-428.136261,39.6040306,2061.49609
-417,38,2083,-416.132599,39.6044884,2082.50244
-416,56,2062,-415.132294,57.6039391,2061.50293
-417,38,2042,-416.14444,39.5383186,2042.5177
-429,38,2062,-428.147339,39.5375175,2062.52246
-411,56,2054,-410.144379,57.5379982,2054.51758
-411,56,2054,-410.153412,57.6577988,2054.53223
-429,38,2062,-428.154022,39.6570625,2062.5332
-416,56,2062,-415.153412,57.6577988,2062.53223
-416,56,2062,-415.126251,57.6191673,2061.51367
-417,38,2083,-416.132294,39.6185493,2082.50293
-411,56,2071,-410.132294,57.6189346,2070.50293
-417,38,2042,-417.042267,39.5214615,2042.99902
-411,56,2054,-411.042267,57.5215721,2054.99902
-401,56,2054,-401.042267,57.5215721,2054.99902
-396,56,2062,-396.854736,57.4583969,2062.51904
-394,38,2042,-394.85434,39.458622,2042.51953
-401,56,2054,-401.854584,57.4583969,2054.51929
-401,56,2071,-401.879608,57.5481224,2070.52441
-383,38,2062,-383.87149,39.5492439,2061.50977
-396,56,2062,-396.87323,57.5485802,2061.5127
-411,56,2071,-411.042267,57.4744797,2070.00098
-394,38,2083,-394.042267,39.474369,2082.00098
-401,56,2071,-401.042267,57.4744797,2070.00098
989,97,1985,988.123474,102.874123,1985.48132
985,140,1993,984.122742,145.874619,1993.47998
994,97,1994,993.122864,102.874123,1994.48022
974,97,1994,974.871521,106.131523,1994.49023
981,140,1991,981.867615,149.131348,1991.49707
979,97,1985,979.867554,106.131523,1985.49707
989,97,2002,988.955872,102.44973,2001.00098
981,140,1994,980.955872,145.45192,1993.00098
979,97,2002,978.955872,102.44973,2001.00098
974,97,1994,974.999023,103.084793,1993.95593
981,140,1994,981.998962,146.082916,1993.95508
981,140,1991,981.998962,146.082916,1990.95508
979,97,2002,979.849182,104.316391,2001.47192
981,140,1994,981.849182,147.314407,1993.47192
974,97,1994,974.849792,104.316391,1993.4729
989,97,1985,988.53125,101.909073,1985.8833
981,140,1991,980.532593,144.909714,1991.88403
985,140,1993,984.531921,144.909714,1993.88367
979,97,1985,978.955872,104.342224,1985.99902
981,140,1991,980.955872,147.345322,1991.99902
989,97,1985,988.955872,104.342224,1985.99902
989,97,2002,988.754883,101.54731,2001.03052
985,140,1993,984.754883,144.549179,1992.03052
981,140,1994,980.754883,144.549179,1993.03052
994,97,1994,993.14679,102.194229,1993.47852
985,140,1993,984.146973,145.191452,1992.47815
989,97,2002,988.146851,102.194229,2001.47839
973,64,1974,972.955872,67.0904083,1974.99902
989,97,1985,988.955872,100.090363,1985.99902
996,64,1974,995.955872,67.0904083,1974.99902
1007,64,1994,1006.1225,66.9022369,1994.47949
996,64,1974,995.122803,66.90242,1974.4801
994,97,1994,993.122864,99.9039383,1994.48022
996,64,2014,995.122498,66.8521271,2013.52051
1007,64,1994,1006.1214,66.8514023,1993.52246
989,97,2002,988.114624,99.8510284,2001.53516
973,64,2014,972.955872,66.7845306,2013.00098
996,64,2014,995.955872,66.7845306,2013.00098
979,97,2002,978.955872,99.7840576,2001.00098
961,64,1994,961.850098,66.950943,1993.47339
973,64,2014,973.848999,66.9507523,2013.47168
974,97,1994,974.849182,99.9498444,1993.47192
973,64,1974,973.849182,67.1533051,1974.52808
961,64,1994,961.84436,67.1533051,1994.53577
979,97,1985,979.860779,100.152687,1985.50879
979,97,1985,979.876465,99.948967,1985.48145
961,64,1994,961.867615,66.9481888,1994.49707
974,97,1994,974.867554,99.9482117,1994.49707
974,97,1994,974.845215,99.9680328,1993.46558
973,64,2014,973.844116,66.9674606,2013.46387
979,97,2002,979.845215,99.9684067,2001.46558
973,64,1974,972.955872,67.0904083,1974.99902
979,97,1985,978.955872,100.090363,1985.99902
989,97,1985,988.955872,100.090363,1985.99902
994,97,1994,993.122864,99.8406525,1994.48022
996,64,1974,995.122803,66.8401718,1974.4801
989,97,1985,988.122498,99.8408356,1985.47949
989,97,2002,988.14978,99.9075699,2001.47363
1007,64,1994,1006.14978,66.9068451,1993.47363
994,97,1994,993.14679,99.9075699,1993.47852
979,97,2002,978.955872,99.7840576,2001.00098
996,64,2014,995.955872,66.7845306,2013.00098
989,97,2002,988.955872,99.7840576,2001.00098
1336,105,1206,1335.14978,115.91713,1206.52637
1332,188,1214,1331.15527,198.927933,1214.53516
1341,105,1214,1340.15002,115.917793,1214.52673
1321,105,1214,1321.84241,122.578987,1214.53882
1328,188,1212,1328.84412,205.565018,1212.53601
1326,105,1206,1326.84412,122.578987,1206.53601
1336,105,1223,1335.95593,114.239998,1222.00098
1328,188,1214,1327.95593,197.248779,1213.00098
1326,105,1223,1325.95593,114.239998,1222.00098
1321,105,1214,1321.99902,116.792374,1213.95593
1328,188,1214,1328.99902,199.78331,1213.95593
1328,188,1212,1328.99902,199.78331,1211.95593
1326,105,1223,1326.87207,118.576706,1222.51062
1328,188,1214,1328.87646,201.582886,1213.51855
1321,105,1214,1321.87646,118.576706,1213.51855
1336,105,1206,1335.53235,114.459908,1206.88391
1328,188,1212,1327.53235,197.45253,1212.88391
1332,188,1214,1331.53223,197.45253,1214.88379
1326,105,1206,1325.95593,118.94178,1206.99902
1328,188,1212,1327.95593,201.925293,1212.99902
1336,105,1206,1335.95593,118.94178,1206.99902
1336,105,1223,1335.95593,114.239998,1222.00098
1332,188,1214,1331.95593,197.248779,1213.00098
1328,188,1214,1327.95593,197.248779,1213.00098
1341,105,1214,1340.12146,115.438911,1213.52234
1332,188,1214,1331.12268,198.442856,1213.52014
1336,105,1223,1335.11597,115.438911,1222.53259
1319,77,1194,1319.23926,78.8386307,1194.97095
1336,105,1206,1336.22266,106.839279,1206.97485
1343,87,1194,1343.23926,88.839325,1194.97095
1354,77,1214,1353.0498,79.244133,1214.31165
1343,87,1194,1342.04871,89.2439804,1194.30823
1341,105,1214,1340.04883,107.243279,1214.30847
1343,77,1234,1342.12256,79.4454269,1233.52039
1354,77,1214,1353.12146,79.4454269,1213.52234
1336,105,1223,1335.12292,107.445869,1222.51965
1319,77,1234,1318.95593,79.5381775,1233.00098
1343,77,1234,1342.95593,79.5381775,1233.00098
1326,105,1223,1325.95593,107.538994,1222.00098
1308,77,1214,1308.87671,79.511055,1213.51904
1319,77,1234,1319.87207,79.5115433,1233.51062
1321,105,1214,1321.87646,107.512634,1213.51855
1319,77,1194,1319.87158,79.360733,1194.48999
1308,77,1214,1308.87207,79.3613586,1214.48938
1326,105,1206,1326.87146,107.359879,1206.49023
1326,105,1206,1326.849,107.561867,1206.52832
1308,77,1214,1308.849,79.5613861,1214.52832
1321,105,1214,1321.84412,107.561531,1214.53613
1321,105,1214,1321.87158,107.477989,1213.50977
1319,77,1234,1319.87158,79.4785233,1233.50977
1326,105,1223,1326.87683,107.478149,1222.51929
1319,77,1194,1318.95593,79.3632431,1194.99902
1326,105,1206,1325.95593,107.362701,1206.99902
1336,105,1206,1335.95593,107.362701,1206.99902
1341,105,1214,1340.14978,106.463776,1214.52637
1343,87,1194,1342.1499,88.4641037,1194.52661
1336,105,1206,1335.1499,106.463882,1206.52661
1336,105,1223,1335.12146,107.439392,1222.52234
1354,77,1214,1353.12732,79.440567,1213.51172
1341,105,1214,1340.12256,107.439392,1213.52039
1326,105,1223,1325.95593,107.538994,1222.00098
1343,77,1234,1342.95593,79.5381775,1233.00098
1336,105,1223,1335.95593,107.538994,1222.00098
390,76,994,389.12735,81.8581238,994.488342
386,119,1002,385.127319,124.858795,1002.48828
395,76,1003,394.127625,81.8582993,1003.48883
376,76,1003,376.87265,85.164444,1003.48828
383,119,1000,383.872681,128.16539,1000.48828
381,76,994,381.87265,85.1655731,994.488281
390,76,1011,389.957245,81.4121628,1010.00092
383,119,1003,382.957245,124.414352,1002.00092
381,76,1011,380.957245,81.4121628,1010.00092
376,76,1003,376.999115,82.1160126,1002.95795
383,119,1003,383.999115,125.11451,1002.95795
383,119,1000,383.999115,125.11451,999.957947
381,76,1011,381.84552,83.2879105,1010.46606
383,119,1003,383.845673,126.285927,1002.46631
376,76,1003,376.845673,83.2876816,1002.46631
390,76,994,389.437073,80.8334045,994.826477
383,119,1000,382.437927,123.837379,1000.82709
386,119,1002,385.437408,123.837074,1002.82672
381,76,994,380.957245,83.2532043,994.999084
383,119,1000,382.957245,126.25631,1000.99908
390,76,994,389.957245,83.2532043,994.999084
390,76,1011,389.676514,80.351799,1010.05377
386,119,1002,385.675812,123.353645,1001.05402
383,119,1003,382.675751,123.353645,1002.05408
395,76,1003,394.150391,81.2300491,1002.4726
386,119,1002,385.144409,124.226288,1001.48236
390,76,1011,389.15036,81.2297211,1010.47266
372,45,980,371.957245,47.2226448,980.999084
390,76,994,389.957245,78.2239227,994.999084
398,45,980,397.957245,47.2226448,980.999084
411,45,1003,410.128418,47.2295151,1003.49023
398,45,980,397.12735,47.2294388,980.488342
395,76,1003,394.127319,78.228714,1003.48828
398,45,1025,397.13739,47.2327347,1024.49414
411,45,1003,410.137604,47.2319946,1002.49377
390,76,1011,389.13739,78.2328262,1010.49414
372,45,1025,371.955841,47.2045517,1024.00098
398,45,1025,397.955841,47.2045517,1024.00098
381,76,1011,380.957245,78.2059784,1010.00092
359,45,1003,359.855042,47.1226616,1002.48145
372,45,1025,372.85556,47.1228027,1024.4823
376,76,1003,376.855042,78.1234283,1002.48145
372,45,980,372.866974,47.107399,980.498352
359,45,1003,359.866547,47.107399,1003.49902
381,76,994,381.866577,78.1074524,994.499023
381,76,994,381.866577,78.052124,994.499023
359,45,1003,359.87265,47.0513725,1003.48828
376,76,1003,376.866577,78.0518417,1003.49902
376,76,1003,376.845367,78.0895691,1002.46582
372,45,1025,372.845367,47.0898857,1024.46582
381,76,1011,381.845459,78.0898514,1010.466
372,45,980,371.957245,47.2226448,980.999084
381,76,994,380.957245,78.2239227,994.999084
390,76,994,389.957245,78.2239227,994.999084
395,76,1003,394.127319,78.2508392,1003.48828
398,45,980,397.127319,47.2518616,980.488281
390,76,994,389.127319,78.2507629,994.488281
390,76,1011,389.144379,78.315918,1010.48242
411,45,1003,410.153412,47.3158035,1002.46777
395,76,1003,394.153412,78.315918,1002.46777
381,76,1011,380.957245,78.2059784,1010.00092
398,45,1025,397.955841,47.2045517,1024.00098
390,76,1011,389.957245,78.2059784,1010.00092
965,52,1498,964.955872,53.2623825,1497.00098
959,61,1491,958.955872,62.262455,1490.00098
857,61,1491,856.955872,62.262455,1490.00098
965,52,1498,964.000977,53.4871445,1497.95593
959,61,1385,958.000977,62.4870911,1384.95593
959,61,1491,958.000977,62.4870911,1490.95593
959,61,1385,958.955872,62.3048058,1385.99902
850,52,1378,849.955078,53.3045349,1378.9989
857,61,1385,856.955872,62.3048058,1385.99902
850,52,1378,850.999023,53.296978,1377.95593
857,61,1491,857.999023,62.2970505,1490.95593
857,61,1385,857.999023,62.2970505,1384.95593
965,52,1378,964.955078,53.3045349,1378.9989
850,52,1378,849.955078,53.3045349,1378.9989
959,61,1385,958.955872,62.3048058,1385.99902
850,52,1378,850.999023,53.296978,1377.95593
850,52,1498,850.999023,53.296978,1497.95593
857,61,1491,857.999023,62.2970505,1490.95593
965,52,1498,964.955872,53.2623825,1497.00098
857,61,1491,856.955872,62.262455,1490.00098
850,52,1498,849.955872,53.2623825,1497.00098
965,52,1498,964.000977,53.4871445,1497.95593
965,52,1378,964.000977,53.4871445,1377.95593
959,61,1385,958.000977,62.4870911,1384.95593
1096,52,835,1095.95593,53.7727585,834.000977
1091,61,830,1090.95593,62.7729225,829.000977
1013,61,830,1012.95587,62.7729225,829.000977
1096,52,835,1095.00098,53.7648392,834.955872
1091,61,748,1090.00098,62.765007,747.955872
1091,61,830,1090.00098,62.765007,829.955872
1091,61,748,1090.95593,62.8215599,748.999023
1008,52,743,1007.95587,53.8213959,743.999023
1013,61,748,1012.95587,62.8215599,748.999023
1008,52,743,1008.99896,53.8294411,742.955078
1013,61,830,1013.99902,62.829731,829.955872
1013,61,748,1013.99902,62.829731,747.955872
1096,52,835,1095.95593,53.7727585,834.000977
1013,61,830,1012.95587,62.7729225,829.000977
1008,52,835,1007.95587,53.7727585,834.000977
1096,52,835,1095.00098,53.7648392,834.955872
1096,52,743,1095.00098,53.7648392,742.955872
1091,61,748,1090.00098,62.765007,747.955872
1096,52,743,1095.95593,53.8213959,743.999023
1008,52,743,1007.95587,53.8213959,743.999023
1091,61,748,1090.95593,62.8215599,748.999023
1008,52,743,1008.99896,53.8294411,742.955078
1008,52,835,1008.99896,53.8294411,834.955078
1013,61,830,1013.99902,62.829731,829.955872
1689,-4,712,1688.19861,17.4951649,711.401917
1686,61,711,1685.19849,82.4832535,710.402039
1671,61,731,1670.1897,82.4859009,730.414001
1671,61,731,1670.59656,65.1930313,730.085022
1667,158,708,1666.5957,162.198242,707.085388
1660,158,711,1659.5957,162.198242,710.085388
1686,61,711,1685.1897,66.7355881,710.414001
1667,158,708,1666.19031,163.743942,707.413147
1671,61,731,1670.19067,66.73629,730.412659
1637,61,705,1637.78052,66.6727295,705.625
1660,158,704,1660.77295,163.667511,704.63446
1653,61,685,1653.78052,66.674118,685.625
1646,61,728,1646.9314,65.9725723,727.636047
1660,158,711,1660.92737,162.965683,710.625977
1637,61,705,1637.92932,65.9719391,704.630859
1650,-4,682,1650.77319,11.2264376,682.634155
1637,61,705,1637.77271,76.2277527,705.634705
1653,61,685,1653.77271,76.2315292,685.634705
1650,-4,682,1649.88281,20.9932613,682.993103
1653,61,685,1652.86865,85.9943237,685.991333
1677,61,688,1676.88281,85.9935684,688.993103
1677,61,688,1676.49805,65.3027725,688.864868
1660,158,704,1659.49634,162.300079,704.863892
1667,158,708,1666.49646,162.29982,708.863953
1653,61,685,1652.87573,66.4157867,685.992249
1660,158,704,1659.87537,163.409317,704.992188
1677,61,688,1676.88281,66.4162903,688.993103
1689,-4,712,1688.18518,15.0999498,711.420288
1671,61,731,1670.18481,80.0774155,730.420837
1673,-4,734,1672.19006,15.095252,733.413513
1679,-4,686,1678.06311,20.6721802,686.349609
1677,61,688,1676.06323,85.6686554,688.349792
1689,-4,712,1688.06311,20.6629639,712.349609
1650,-4,682,1649.86731,24.0063095,682.99115
1677,61,688,1676.86731,88.9849625,688.99115
1679,-4,686,1678.86731,23.9939861,686.99115
1634,-4,705,1634.82068,22.1685429,705.571167
1637,61,705,1637.81433,87.1464157,705.580383
1650,-4,682,1650.81384,22.1556492,682.580933
1644,-4,730,1644.93127,18.8533096,729.635742
1637,61,705,1637.92542,83.8463364,704.621094
1634,-4,705,1634.92542,18.8533096,704.621094
1673,-4,734,1673.13135,19.5292053,733.008667
1671,61,731,1671.13086,84.5389938,730.008606
1644,-4,730,1644.13086,19.5365639,729.008606
1921,69,837,1921.99902,74.3948212,836.955872
1942,181,846,1942.99902,186.388092,845.955872
1942,181,839,1942.99902,186.388092,838.955872
1931,69,861,1931.92542,75.9343719,860.621094
1942,181,846,1942.92053,187.936157,845.609375
1921,69,837,1921.92053,75.9343719,836.609375
1990,69,844,1989.49133,74.3399506,843.139038
1950,181,843,1949.49121,186.342453,842.13916
1956,69,864,1955.49609,74.3379745,863.136292
1956,69,864,1955.64844,74.1193008,863.063843
1950,181,843,1949.64941,186.11908,842.063477
1942,181,846,1941.64844,186.11908,845.063843
1961,69,821,1960.55859,73.5383072,821.897278
1942,181,839,1941.53198,185.532333,839.883667
1950,181,843,1949.56653,185.532898,843.901123
1936,69,817,1935.84668,74.439827,817.988159
1942,181,839,1941.84082,186.44577,839.987244
1961,69,821,1960.84668,74.4401627,821.988159
5,105,1377,5.04216576,106.781639,1376.00098
0,172,1339,0.0423184596,173.781143,1338.00098
-58,100,1377,-57.9586716,101.782852,1376.00085
68,100,1377,67.8465729,102.25869,1376.01184
178,77,1372,177.852997,79.2575912,1371.01086
170,168,1332,169.853821,170.259003,1331.01074
-57,77,1383,-56.859726,80.9700851,1382.00989
-58,100,1377,-57.859726,103.969383,1376.00989
-171,77,1367,-170.859985,80.9680862,1366.00989
68,100,1377,67.9375381,101.74733,1376.00195
170,168,1332,169.936584,169.746964,1331.00208
0,172,1339,-0.0610092804,173.744644,1338.00195
5,105,1377,4.95581722,106.721924,1376.00098
68,100,1377,67.9558182,101.720901,1376.00098
0,172,1339,-0.0610092804,173.724625,1338.00195
68,100,1377,67.8919067,103.884811,1376.00586
67,77,1383,66.9005051,80.8852692,1382.005
178,77,1372,177.891907,80.8847733,1371.00586
-58,100,1377,-57.9375343,101.765251,1376.00195
0,172,1339,0.0438375287,173.765015,1338.00098
-168,172,1329,-167.937546,173.765503,1328.00195
-171,77,1367,-170.83522,79.5241776,1366.01367
-58,100,1377,-57.8287621,102.524055,1376.01477
-168,172,1329,-167.828766,174.522186,1328.01477
139,618,1177,138.77948,620.884399,1176.02466
0,618,1210,-0.243341804,620.89032,1209.03015
170,168,1332,169.771423,170.874725,1331.02649
0,172,1339,0.0438254923,175.539154,1338.00098
0,618,1210,0.0599906296,621.553894,1209.00183
-168,172,1329,-167.955826,175.53035,1328.00098
-56,48,1390,-56.3193779,51.5856857,1389.05249
-35,0,1397,-35.3211098,3.58715224,1396.05298
-35,41,1385,-35.3195152,44.5862427,1384.05249
-171,77,1367,-170.852997,81.2318344,1366.01086
-56,48,1390,-55.859726,52.226963,1389.00989
-57,77,1383,-56.859726,81.2280884,1382.00989
-172,48,1382,-171.939514,53.4538841,1381.00183
-55,0,1399,-54.9375343,5.46204042,1398.00195
-56,48,1390,-55.9375343,53.4625816,1389.00195
-35,77,1374,-35.3798103,80.9536591,1373.07495
-58,100,1377,-58.3802795,103.955284,1376.0752
-57,77,1383,-57.3871346,80.9551239,1382.078
-56,48,1390,-56.2993469,52.1896019,1389.0459
-35,41,1385,-35.3134995,45.1902084,1384.05042
-57,77,1383,-57.3163757,81.1875458,1382.05139
-55,0,1399,-55.1154861,5.36829185,1398.00671
-35,0,1397,-35.1069221,5.36895037,1396.00574
-56,48,1390,-56.1154861,53.3688011,1389.00671
-172,48,1382,-171.939514,49.9051094,1381.00183
-56,48,1390,-55.9375839,49.9008636,1389.00195
-171,77,1367,-170.939514,78.9058151,1366.00183
-173,0,1400,-173.042267,2.60687709,1399.00098
-55,0,1399,-55.0425262,2.60722494,1398.00098
-172,48,1382,-172.042267,50.6081963,1381.00098
45,44,1385,45.2955093,49.4222679,1384.04468
65,0,1400,65.2969208,5.42629528,1399.04517
66,48,1391,66.2960892,53.4234886,1390.04492
180,48,1385,179.955826,51.2576981,1384.00098
65,0,1400,64.9558182,3.26038766,1399.00098
183,0,1400,182.955826,3.26038766,1399.00098
67,77,1383,66.9005051,80.7127228,1382.005
66,48,1391,65.9005051,51.7124405,1390.005
178,77,1372,177.90033,80.7094574,1371.005
66,48,1391,65.9375381,53.4046402,1390.00195
65,0,1400,64.9375381,5.40143633,1399.00195
180,48,1385,179.936584,53.4066429,1384.00208
45,77,1375,45.3362656,80.4525909,1374.05835
45,44,1385,45.3451347,47.4534836,1384.06152
67,77,1383,67.3452072,80.4534836,1382.06152
67,77,1383,67.3222733,80.6471634,1382.05347
45,44,1385,45.3223381,47.6477089,1384.05347
66,48,1391,66.3174744,51.6485176,1390.05176
45,44,1385,45.0973969,47.3432846,1384.00476
45,0,1398,45.0973969,3.34289718,1397.00476
65,0,1400,65.0868912,3.34289718,1399.00378
-35,77,1413,-34.9586716,96.819519,1412.00085
5,105,1413,5.04339838,124.816277,1412.00098
-58,100,1411,-57.9558182,119.814636,1410.00098
-1782,228,640,-1782.0437,254.838196,639.000977
-1832,114,645,-1832.04297,140.870407,644.000977
-1787,99,645,-1787.04358,125.858894,644.000977
-1600,328,640,-1599.96021,376.406708,639.000793
-1754,55,645,-1753.97363,103.508965,644.000366
-1400,360,640,-1399.96509,408.536011,639.00061
133,0,2930,132.736282,8.77935505,2930.9646
261,33,2969,260.729248,41.7883148,2969.96265
171,-30,2937,170.729248,-21.2219429,2937.96265
280,354,3133,280.980713,360.728119,3133.19531
313,422,3013,313.980774,428.732849,3013.19507
255,163,3116,255.980927,169.736282,3116.19434
-1015,16,2622,-1015.55133,37.8661995,2622.83423
-899,16,2698,-899.553772,37.8868027,2698.83252
-1013,-60,2619,-1013.55371,-38.1237564,2619.83252
-1324,-60,2338,-1324.55103,-30.6449947,2338.83447
-1324,15,2341,-1324.55664,44.3829117,2341.83057
-1218,17,2411,-1218.55676,46.3956566,2411.83057
-1606,-60,2026,-1606.8186,-23.5841465,2026.57422
-1610,35,2025,-1610.82068,71.4270096,2025.57117
-1523,23,2147,-1523.82056,59.4230537,2147.57129
-1923,-60,1738,-1923.79419,-49.5869255,1738.60742
-1933,40,1741,-1933.80005,50.4213333,1741.59949
-1845,29,1854,-1845.80579,39.4031334,1854.5918
-1731,-60,1943,-1731.52148,-50.4910774,1943.85315
-1739,37,1950,-1739.50684,46.5077362,1950.86194
-1610,35,2025,-1610.51208,44.5278816,2025.85889
-1933,40,1741,-1933.98035,52.7460403,1741.1969
-1960,-60,1579,-1960.97925,-47.2825012,1579.20178
-1967,24,1579,-1967.98035,36.7194519,1579.19678
-1967,24,1579,-1967.99902,31.9044857,1579.04211
-1965,-60,1424,-1965.99902,-52.0851593,1424.04187
-1976,27,1424,-1976.99902,34.9151154,1424.04199
-1961,45,1267,-1961.99902,63.5296936,1267.04187
-1961,-60,1105,-1961.99902,-41.4726524,1105.04346
-1966,32,1107,-1966.99902,50.5489578,1107.04333
-1966,32,1107,-1966.99707,40.1290817,1107.07581
-1967,-60,950,-1967.99597,-51.8760109,950.088745
-1979,36,950,-1979.99597,44.115139,950.088745
-1979,36,950,-1979.99402,131.531403,950.108032
-1998,-60,795,-1998.99304,35.4890022,795.116089
-1999,32,795,-1999.99304,127.542847,795.116089
-1782,228,640,-1781.95898,264.983856,639.000854
-1754,55,645,-1753.95593,91.9350586,644.000977
-1600,328,640,-1599.95728,365.093597,639.000916
-1782,228,640,-1782.04321,255.220428,639.000977
-1787,99,645,-1787.04395,126.183701,644.000977
-1754,55,645,-1754.04297,82.1734314,644.000977
-1832,114,645,-1831.95874,148.017609,644.000854
-1984,228,640,-1983.96021,262.142914,639.000793
-1877,99,645,-1876.96021,133.034164,644.000793
1964,52,984,1964.99304,242.294937,983.882812
1985,619,1136,1985.99304,810.114807,1135.88281
1967,619,984,1967.99219,809.835754,983.875305
1971,49,1280,1971.99597,598.145691,1280.08887
1972,588,1280,1972.99597,1133.47363,1280.08887
1983,50,1136,1983.99609,598.539124,1136.0874
1908,509,1704,1908.96948,743.920959,1704.24487
1972,561,1432,1972.96936,796.313721,1432.24512
1934,31,1584,1934.97437,264.893311,1584.22461
1967,619,984,1967.99915,805.986938,984.038208
1971,619,640,1971.99915,805.940735,640.038208
1964,52,984,1964.99915,237.819336,984.038208
670,250,2867,670.310547,458.899567,2867.95044
540,177,2912,540.319397,385.617859,2912.94751
558,422,2907,558.314453,630.795593,2907.94922
448,15,2964,448.461273,178.422409,2964.88721
558,25,2907,558.455811,188.650955,2907.88989
447,-60,2964,447.45224,103.360031,2964.89185
260,41,3121,260.854401,48.925251,3121.51953
288,41,3074,288.85437,48.9262657,3074.51953
284,0,3071,284.858521,7.93182373,3071.5127
284,0,3071,284.724365,8.28148079,3071.68921
288,41,3074,288.734406,49.2875786,3074.67847
320,-60,3021,320.742584,-51.721756,3021.66968
805,422,2784,805.377686,446.123688,2784.92578
764,267,2794,764.362488,291.08963,2794.93188
730,290,2809,730.362854,314.085938,2809.93164
805,422,2784,805.411438,440.212921,2784.91138
730,290,2809,730.395508,308.237335,2809.91846
670,422,2843,670.388794,440.194824,2843.92114
320,-60,3021,320.409149,128.711151,3021.91235
448,15,2964,448.398041,203.658585,2964.91724
447,-60,2964,447.398193,128.711151,2964.91724
-293,225,3049,-293.374634,283.467133,3049.927
-419,4,2996,-419.374786,62.4756546,2996.927
-421,266,3000,-421.374725,324.385101,3000.927
-1326,371,2346,-1326.55676,437.594879,2346.83057
-1218,17,2411,-1218.55469,83.3294144,2411.83203
-1324,15,2341,-1324.55762,81.2841187,2341.83008
-1326,371,2346,-1326.81885,427.775665,2346.57397
-1403,15,2229,-1403.8186,71.8569641,2229.57422
-1407,371,2234,-1407.81372,427.817932,2234.58105
-1407,371,2234,-1407.5791,447.647522,2234.81519
-1523,23,2147,-1523.5791,100.062828,2147.81519
-1528,371,2149,-1528.58057,447.816925,2149.81421
-1098,-60,2499,-1098.81885,-38.3767624,2499.57397
-1015,16,2622,-1015.82104,37.615406,2622.5708
-1013,-60,2619,-1013.8186,-38.3767624,2619.57422
-1324,-60,2338,-1324.55676,-31.6594772,2338.83057
-1218,17,2411,-1218.55676,45.3975983,2411.83057
-1216,-60,2409,-1216.55688,-31.5983582,2409.83057
-1403,-60,2227,-1403.81372,-16.0731945,2227.58105
-1324,15,2341,-1324.81921,58.9245186,2341.57349
-1324,-60,2338,-1324.81921,-16.0521412,2338.57349
-1523,-60,2147,-1523.55725,-15.9775038,2147.83032
-1403,15,2229,-1403.55396,59.0573425,2229.83252
-1403,-60,2227,-1403.55664,-15.9334879,2227.83057
-1731,-60,1943,-1731.55664,8.68881035,1943.83069
-1610,35,2025,-1610.55664,103.442223,2025.83069
-1606,-60,2026,-1606.55664,8.48713589,2026.83069
-1841,-60,1858,-1841.61328,-51.168293,1858.78967
-1739,37,1950,-1739.6134,45.8427353,1950.78967
-1731,-60,1943,-1731.61328,-51.1637268,1943.78979
-1923,-60,1738,-1923.83398,26.9706059,1738.55176
-1845,29,1854,-1845.82947,116.110741,1854.55847
-1841,-60,1858,-1841.83325,27.1160564,1858.55273
-1933,40,1741,-1933.97449,49.5461922,1741.22424
-1923,-60,1738,-1923.97827,-50.4507599,1738.20654
-1960,-60,1579,-1960.97449,-50.4719582,1579.22412
-1967,24,1579,-1967.99902,36.1474266,1579.04211
-1960,-60,1579,-1960.99902,-47.8441277,1579.04211
-1965,-60,1424,-1965.99902,-47.8558922,1424.04211
-1976,27,1424,-1976.99902,34.9913864,1423.95593
-1965,-60,1424,-1965.99902,-52.0071716,1423.95593
-1961,-60,1267,-1961.99902,-52.0061989,1266.95593
-1966,32,1107,-1966.99902,50.6481209,1107.04211
-1961,-60,1105,-1961.99902,-41.3690262,1105.04224
-1967,-60,950,-1967.99902,-41.4089355,950.042236
-1979,36,950,-1979.98218,44.0538368,950.187317
-1967,-60,950,-1967.98132,-51.9332047,950.191833
-1998,-60,795,-1998.98413,-51.9191589,795.176697
-1999,32,795,-1999.99609,123.872276,794.911743
-1998,-60,795,-1998.99609,31.9539547,794.911743
-1984,-60,640,-1984.99707,31.7624111,639.923523
-1782,228,640,-1782.04297,250.528564,639.000977
-1984,228,640,-1984.04297,250.528564,639.000977
-1832,114,645,-1832.04297,136.544586,644.000977
-1984,228,640,-1983.96021,261.765747,639.000793
-1909,55,646,-1908.95874,88.8094101,645.000854
-1877,99,645,-1876.96021,132.783829,644.000793
45,77,1375,45.3344727,80.876503,1374.05762
67,77,1383,67.3448792,80.8779526,1382.0614
68,100,1377,68.3225174,103.877014,1376.05347
805,422,2784,805.275391,506.551392,2784.96118
791,250,2786,791.26178,334.578033,2786.96509
764,267,2794,764.26178,351.604248,2794.96509
-1882,49,240,-1882.99792,50.8624229,239.936584
-1901,51,536,-1901.99805,52.8705101,535.937561
-1832,0,-160,-1832.99805,1.85169792,-160.062332
-1763,51,536,-1762.00195,52.972229,535.937561
-1782,49,240,-1781.00195,50.9641418,239.937546
-1832,0,-160,-1831.00195,1.95315361,-160.062317
-1528,371,2149,-1528.81885,434.550629,2149.57397
-1523,23,2147,-1523.81384,86.731636,2147.58105
-1610,35,2025,-1610.82251,98.788063,2025.56836
-1407,371,2234,-1407.55469,426.476776,2234.83203
-1403,15,2229,-1403.55688,70.6917191,2229.83057
-1523,23,2147,-1523.57239,78.8139191,2147.81982
-1326,371,2346,-1326.82935,447.736328,2346.55859
-1324,15,2341,-1324.8186,92.0548859,2341.57422
-1403,15,2229,-1403.82935,92.0933456,2229.55859
-1326,371,2346,-1326.53711,594.360229,2346.84351
-1093,318,2490,-1093.53503,540.794312,2490.84473
-1218,17,2411,-1218.53809,240.749405,2411.84277
-530,11,2924,-530.556885,68.8180466,2924.83057
-421,266,3000,-421.544922,323.558472,3000.83838
-419,4,2996,-419.5448,61.7103462,2996.83838
-648,266,2846,-648.572327,411.87735,2846.81982
-421,266,3000,-421.568024,412.097504,3000.823
-530,11,2924,-530.557007,156.655777,2924.83032
-226,0,3204,-226.943207,285.691284,3204.33203
-250,226,3138,-250.946228,511.217743,3138.32324
-227,258,3204,-227.943192,543.383423,3204.33203
1983,50,1136,1983.99109,341.779053,1135.86719
1985,619,1136,1985.99109,912.182678,1135.86719
1964,52,984,1964.99109,344.094757,983.867188
1983,50,1136,1983.995,333.485474,1136.09949
1972,588,1280,1972.99414,870.582153,1280.1062
1985,619,1136,1985.995,901.050781,1136.09827
1971,49,1280,1971.99902,583.129761,1279.95593
1972,561,1432,1972.99902,1092.88464,1431.95593
1972,588,1280,1972.99902,1120.2937,1279.95593
670,250,2867,670.388977,258.479919,2867.92114
652,161,2863,652.372437,169.471054,2863.92798
540,177,2912,540.367554,185.489075,2912.92993
317,162,3017,317.409363,241.831482,3017.91211
558,422,2907,558.411987,502.278503,2907.91113
540,177,2912,540.41156,257.015839,2912.91138
-168,172,1329,-167.876221,175.134018,1328.00769
0,618,1210,0.130990759,621.129822,1209.00867
-145,618,1191,-144.867035,621.134705,1190.00891
170,168,1332,169.955826,171.508789,1331.00098
0,618,1210,-0.0437362455,621.48999,1209.00098
0,172,1339,-0.0437362455,175.514389,1338.00098
1068,0,1260,1068.99902,176.961639,1259.95593
1070,360,2060,1070.99902,537.016602,2059.95605
1070,360,1260,1070.99902,537.016602,1259.95593
-320,0,1260,-319.000885,17.5074177,1259.95801
-303,300,1115,-302.000885,317.526886,1114.95801
-303,304,1003,-302.000885,321.505554,1002.95795
-320,0,1260,-319.000885,17.8420773,1259.95801
-303,304,1003,-302.000885,321.7612,1002.95795
-320,0,640,-319.000885,17.8420773,639.957947
-303,319,1115,-302.046936,329.281494,1115.30273
-320,591,1260,-319.046936,601.281006,1260.30273
-290,400,1100,-289.047119,410.274353,1100.30334
-290,400,1009,-289.013733,406.797424,1008.8349
-320,619,640,-319.012848,625.80304,639.840271
-303,320,1003,-302.013733,326.797333,1002.8349
35,190,1968,35.9999161,195.993317,1967.98706
35,190,1977,35.9999161,195.993317,1976.98706
39,214,1973,39.9999161,219.992584,1972.98706
44,190,1968,43.9558182,194.719772,1968.99902
35,190,1968,34.9558182,194.719772,1968.99902
39,214,1973,38.9558182,218.719635,1973.99902
44,190,1977,43.000927,194.79628,1976.95703
44,190,1968,43.000927,194.79628,1967.95703
39,214,1973,38.000927,218.795975,1972.95703
35,190,1977,34.9558182,196.051193,1976.00098
44,190,1977,43.9558182,196.051193,1976.00098
39,214,1973,38.9558182,220.050446,1972.00098
105,190,1968,105.999916,195.991089,1967.98706
105,190,1977,105.999916,195.991089,1976.98706
109,214,1973,109.999916,219.990356,1972.98706
113,190,1968,112.955818,194.719772,1968.99902
105,190,1968,104.955818,194.719772,1968.99902
109,214,1973,108.955818,218.719635,1973.99902
113,190,1977,112.000931,195.992905,1976.95691
113,190,1968,112.000931,195.992905,1967.95691
109,214,1973,108.000931,219.992172,1972.95691
105,190,1977,104.955818,196.051193,1976.00098
113,190,1977,112.955818,196.051193,1976.00098
109,214,1973,108.955818,220.050446,1972.00098
-45,190,1968,-44.0000839,195.99585,1967.98706
-45,190,1977,-44.0000839,195.99585,1976.98706
-41,214,1973,-40.0000839,219.995117,1972.98706
-36,190,1968,-36.0425262,194.719772,1968.99902
-45,190,1968,-45.0425262,194.719772,1968.99902
-41,214,1973,-41.0425262,218.719635,1973.99902
-36,190,1977,-36.999073,194.793259,1976.95703
-36,190,1968,-36.999073,194.793259,1967.95703
-41,214,1973,-41.999073,218.792953,1972.95703
-45,190,1977,-45.0425262,196.051193,1976.00098
-36,190,1977,-36.0425262,196.051193,1976.00098
-41,214,1973,-41.0425262,220.050446,1972.00098
-112,190,1968,-111.000084,195.997955,1967.98706
-112,190,1977,-111.000084,195.997955,1976.98706
-108,214,1973,-107.000084,219.997223,1972.98706
-103,190,1968,-103.042526,194.719772,1968.99902
-112,190,1968,-112.042526,194.719772,1968.99902
-108,214,1973,-108.042526,218.719635,1973.99902
-103,190,1977,-103.999069,194.79071,1976.95691
-103,190,1968,-103.999069,194.79071,1967.95691
-108,214,1973,-108.999069,218.79039,1972.95691
-112,190,1977,-112.042526,196.051193,1976.00098
-103,190,1977,-103.042526,196.051193,1976.00098
-108,214,1973,-108.042526,220.050446,1972.00098
35,190,1891,35.9999161,195.993317,1890.98706
35,190,1900,35.9999161,195.993317,1899.98706
39,214,1896,39.9999161,219.992584,1895.98706
44,190,1891,43.9558182,194.723373,1891.99902
35,190,1891,34.9558182,194.723373,1891.99902
39,214,1896,38.9558182,218.723236,1896.99902
44,190,1900,43.000927,194.79628,1899.95703
44,190,1891,43.000927,194.79628,1890.95703
39,214,1896,38.000927,218.795975,1895.95703
35,190,1900,34.9558182,196.048965,1899.00098
44,190,1900,43.9558182,196.048965,1899.00098
39,214,1896,38.9558182,220.048233,1895.00098
105,190,1891,105.999916,195.991089,1890.98706
105,190,1900,105.999916,195.991089,1899.98706
109,214,1896,109.999916,219.990356,1895.98706
113,190,1891,112.955818,194.723373,1891.99902
105,190,1891,104.955818,194.723373,1891.99902
109,214,1896,108.955818,218.723236,1896.99902
113,190,1900,112.000931,195.992905,1899.95691
113,190,1891,112.000931,195.992905,1890.95691
109,214,1896,108.000931,219.992172,1895.95691
105,190,1900,104.955818,196.048965,1899.00098
113,190,1900,112.955818,196.048965,1899.00098
109,214,1896,108.955818,220.048233,1895.00098
-45,190,1891,-44.0000839,195.99585,1890.98706
-45,190,1900,-44.0000839,195.99585,1899.98706
-41,214,1896,-40.0000839,219.995117,1895.98706
-36,190,1891,-36.0425262,194.723373,1891.99902
-45,190,1891,-45.0425262,194.723373,1891.99902
-41,214,1896,-41.0425262,218.723236,1896.99902
-36,190,1900,-36.999073,194.793259,1899.95703
-36,190,1891,-36.999073,194.793259,1890.95703
-41,214,1896,-41.999073,218.792953,1895.95703
-45,190,1900,-45.0425262,196.048965,1899.00098
-36,190,1900,-36.0425262,196.048965,1899.00098
-41,214,1896,-41.0425262,220.048233,1895.00098
-112,190,1891,-111.000084,195.997955,1890.98706
-112,190,1900,-111.000084,195.997955,1899.98706
-108,214,1896,-107.000084,219.997223,1895.98706
-103,190,1891,-103.042526,194.723373,1891.99902
-112,190,1891,-112.042526,194.723373,1891.99902
-108,214,1896,-108.042526,218.723236,1896.99902
-103,190,1900,-103.999069,194.79071,1899.95691
-103,190,1891,-103.999069,194.79071,1890.95691
-108,214,1896,-108.999069,218.79039,1895.95691
-112,190,1900,-112.042526,196.048965,1899.00098
-103,190,1900,-103.042526,196.048965,1899.00098
-108,214,1896,-108.042526,220.048233,1895.00098
-88,32,2232,-87.3409119,36.4269905,2231.24805
-80,32,2239,-79.3413467,36.4280853,2238.24756
-80,55,2232,-79.3413467,59.4268379,2231.24756
-80,32,2224,-79.2950287,35.9963455,2224.70923
-88,32,2232,-87.2882156,35.9963455,2232.70239
-80,55,2232,-79.2901459,58.995388,2232.70435
-72,32,2231,-72.6586151,35.8460999,2231.75244
-80,32,2224,-80.658371,35.8460999,2224.75269
-80,55,2232,-80.658371,58.8456383,2232.75269
-80,32,2239,-80.7061615,36.6997795,2238.29199
-72,32,2231,-72.706192,36.7003593,2230.29199
-80,55,2232,-80.7054138,59.6993675,2231.29126
-124,32,2196,-123.289177,36.704422,2195.29663
-116,32,2204,-115.288216,36.704422,2203.29761
-116,55,2197,-115.291115,59.7034302,2196.29468
-116,32,2188,-115.295273,35.6821327,2188.70947
-124,32,2196,-123.288216,35.6821327,2196.70239
-116,55,2197,-115.29039,58.6825752,2197.70459
-108,32,2196,-108.706161,35.6894569,2196.70801
-116,32,2188,-116.706161,35.6894569,2188.70801
-116,55,2197,-116.706398,58.6903572,2197.70776
-116,32,2204,-116.706429,36.6986198,2203.29224
-108,32,2196,-108.705437,36.6986198,2195.29126
-116,55,2197,-116.706436,59.6982079,2196.29224
-152,32,2144,-151.071213,36.6339302,2143.62939
-148,32,2154,-147.071121,36.6339302,2153.62964
-145,55,2148,-144.071121,59.6336594,2147.62964
-142,32,2141,-141.71904,35.9463501,2141.95972
-152,32,2144,-151.719879,35.9463501,2144.95996
-145,55,2148,-144.719879,58.9456482,2148.95996
-138,32,2151,-138.930115,36.2915306,2151.36719
-142,32,2141,-142.930115,36.2912598,2141.36719
-145,55,2148,-145.930099,59.2910957,2148.36719
-148,32,2154,-148.296249,36.806282,2153.04492
-138,32,2151,-138.292206,36.806282,2150.0437
-145,55,2148,-145.293076,59.807785,2147.04395
72,32,2231,72.7031784,36.6997795,2230.28906
80,32,2239,80.7059479,36.7003593,2238.29175
80,55,2232,80.7073593,59.6993675,2231.29321
80,32,2223,80.7057037,35.6899147,2223.7085
72,32,2231,72.7059479,35.6899147,2231.70825
80,55,2232,80.7044449,58.6903572,2232.70972
88,32,2231,87.2918472,35.6844215,2231.70605
80,32,2223,79.2930679,35.6844215,2223.70728
80,55,2232,79.2920914,58.6853218,2232.7063
80,32,2239,79.2923355,36.704422,2238.29346
88,32,2231,87.2933121,36.704422,2230.29248
80,55,2232,79.2918472,59.7034302,2231.29395
107,32,2194,107.658096,36.4373779,2193.24707
115,32,2201,115.657104,36.4379272,2200.24634
115,55,2194,115.657104,59.4366798,2193.24634
115,32,2186,115.705162,35.9912338,2186.70898
107,32,2194,107.704163,35.9912338,2194.70996
115,55,2194,115.71032,58.9907875,2194.70386
123,32,2194,122.291847,35.9983902,2194.70605
115,32,2186,114.291847,35.9983902,2186.70605
115,55,2194,114.292336,58.9979439,2194.70654
115,32,2201,114.329269,36.4242592,2200.2583
123,32,2194,122.340233,36.4242592,2193.24854
115,55,2194,114.339951,59.4235573,2193.24878
133,32,2153,133.333572,36.911972,2152.05737
144,32,2157,144.331696,36.911972,2156.05664
141,55,2151,141.341721,59.9131317,2150.0603
138,32,2143,138.893814,35.5941277,2143.44824
133,32,2153,133.895844,35.5936623,2153.44434
141,55,2151,141.894821,58.5928421,2151.44629
148,32,2147,147.623383,35.6207733,2147.92627
138,32,2143,137.616608,35.6203117,2143.92358
141,55,2151,140.624344,58.6203003,2151.92676
144,32,2157,143.069092,36.6339302,2156.63477
148,32,2147,147.069183,36.6339302,2146.63452
141,55,2151,140.069092,59.6336594,2150.63477
129,32,2941,129.253815,36.6517563,2940.03296
140,32,2944,140.246765,36.6517563,2943.03101
137,55,2938,137.250793,59.6510544,2937.03198
133,32,2930,133.938431,35.6506767,2930.34546
129,32,2941,129.938278,35.6506767,2941.3457
137,55,2938,137.938293,58.6519966,2938.3457
143,32,2934,142.624344,35.8100586,2934.92676
133,32,2930,132.616608,35.809082,2930.92358
137,55,2938,136.616608,58.8080139,2938.92358
140,32,2944,139.041229,36.9485855,2943.71582
143,32,2934,142.041016,36.9488983,2933.71655
137,55,2938,136.04306,59.94804,2937.70972
174,32,2954,174.359558,36.381218,2953.06689
184,32,2958,184.354568,36.381218,2957.06519
181,55,2951,181.360336,59.381321,2950.06738
177,32,2944,177.955963,36.0529404,2944.29346
174,32,2954,174.958908,36.0534363,2954.28369
181,55,2951,181.956039,59.0522385,2951.29321
188,32,2947,187.736282,36.0785637,2947.9646
177,32,2944,176.729248,36.0785637,2944.96265
181,55,2951,180.730118,59.079258,2951.96289
184,32,2958,183.056061,36.4281082,2957.66992
188,32,2947,187.056137,36.4281082,2946.66968
181,55,2951,180.056061,59.4286499,2950.66992
220,32,2968,220.359558,36.3833618,2967.06689
230,32,2972,230.354691,36.3833618,2971.06519
227,55,2965,227.369904,59.383461,2964.07104
223,32,2958,223.955887,36.0539322,2958.2937
220,32,2968,220.955429,36.0539322,2968.29492
227,55,2965,227.955444,59.0527344,2965.29492
234,32,2961,233.729248,36.0805931,2961.96265
223,32,2958,222.736282,36.0805931,2958.9646
227,55,2965,226.729248,59.0812874,2965.96265
230,32,2972,229.054031,36.4270058,2971.67578
234,32,2961,233.055038,36.4270058,2960.67285
227,55,2965,226.055038,59.4275436,2964.67285
263,32,2987,263.600159,36.8423653,2986.2002
272,32,2994,272.60025,36.8423653,2993.2002
271,55,2987,271.614563,59.8421021,2986.21118
270,32,2979,270.742401,35.8523674,2979.66992
263,32,2987,263.754364,35.8523674,2987.65625
271,55,2987,271.754456,58.8519058,2987.65625
279,32,2985,278.430206,35.6932678,2985.82178
270,32,2979,269.454163,35.6942177,2979.83789
271,55,2987,270.454163,58.694706,2987.83789
272,32,2994,271.202667,36.6676216,2993.39648
279,32,2985,278.205627,36.6676216,2984.39258
271,55,2987,270.20285,59.6674843,2986.39624
304,32,3022,304.645569,36.9669075,3021.23633
318,32,3034,318.645172,36.9656487,3033.23608
316,60,3025,316.637573,64.9641647,3024.22974
310,32,3014,310.792816,34.4829216,3014.60938
304,32,3022,304.792847,34.4832458,3022.60938
316,60,3025,316.789825,62.4827156,3025.61328
324,32,3025,323.373657,37.6505356,3025.77954
310,32,3014,309.375183,37.6519394,3014.78076
316,60,3025,315.385376,65.6510849,3025.78882
318,32,3034,317.163452,36.2116165,3033.45215
324,32,3025,323.163452,36.2110863,3024.45215
316,60,3025,315.163452,64.2134018,3024.45215
-130,32,2939,-130.498474,36.4465637,2938.1333
-121,32,2934,-121.495277,36.4465637,2933.13135
-128,55,2932,-128.486786,59.4465599,2931.12671
-135,32,2929,-134.107071,36.5773163,2928.5498
-130,32,2939,-129.106094,36.5767326,2938.55176
-128,55,2932,-127.102699,59.5779305,2931.55859
-126,32,2925,-125.596085,35.9466476,2925.91479
-135,32,2929,-134.60054,35.9466476,2929.91675
-128,55,2932,-127.601097,58.9473686,2932.91699
-121,32,2934,-121.877586,36.5253639,2934.47925
-126,32,2925,-126.878578,36.5253639,2925.47754
-128,55,2932,-128.87178,59.5248032,2932.48975
-176,32,2961,-176.440063,36.8948326,2960.10205
-166,32,2956,-166.461212,36.8936653,2955.11279
-173,55,2954,-173.461212,59.8948593,2953.11279
-181,32,2951,-180.103668,35.9580574,2950.55664
-176,32,2961,-175.106705,35.9580574,2960.55054
-173,55,2954,-172.107574,58.9580994,2953.54883
-171,32,2946,-170.542892,35.7939568,2946.8894
-181,32,2951,-180.538727,35.7939568,2951.88721
-173,55,2954,-172.545746,58.7931404,2954.89087
-166,32,2956,-166.896759,36.4711494,2956.44238
-171,32,2946,-171.896729,36.4706154,2946.44238
-173,55,2954,-173.896744,59.4727325,2954.44238
-223,32,2984,-223.440063,36.8983345,2983.10205
-213,32,2979,-213.461456,36.8971672,2978.11304
-220,55,2977,-220.46138,59.8983612,2976.11304
-228,32,2974,-227.105118,35.9575577,2973.55371
-223,32,2984,-222.10318,35.9575577,2983.55762
-220,55,2977,-219.104141,58.9576035,2976.55566
-218,32,2969,-217.537704,35.7958183,2969.88672
-228,32,2974,-227.544785,35.7967453,2974.89038
-220,55,2977,-219.540985,58.7949982,2977.88843
-213,32,2979,-213.896774,36.4722252,2979.44238
-218,32,2969,-218.896881,36.4716873,2969.44214
-220,55,2977,-220.897034,59.4738083,2977.44189
-258,32,3019,-258.803833,36.7958908,3018.40527
-252,32,3011,-252.803925,36.7958908,3010.40527
-259,55,3012,-259.804626,59.7947578,3011.40625
-267,32,3013,-266.446075,36.4372597,3012.16748
-258,32,3019,-257.446747,36.4383545,3018.16699
-259,55,3012,-258.440552,59.4373779,3011.17114
-260,32,3004,-259.21167,35.9892616,3004.61523
-267,32,3013,-266.21167,35.9892616,3013.61523
-259,55,3012,-258.21167,58.9899521,3012.61523
-252,32,3011,-252.664795,36.4322205,3011.74683
-260,32,3004,-260.663635,36.4322205,3004.74805
-259,55,3012,-259.664642,59.4315186,3012.74707
-295,32,3069,-295.796051,39.9414024,3068.39478
-282,32,3052,-282.796234,39.9444771,3051.39502
-294,76,3059,-294.796051,83.9441605,3058.39478
-304,32,3062,-303.399109,37.3686333,3061.20068
-295,32,3069,-294.398773,37.3686333,3068.20093
-294,76,3059,-293.39975,81.3711472,3058.2002
-291,32,3045,-290.21167,38.9099998,3045.61523
-304,32,3062,-303.21167,38.909111,3062.61523
-294,76,3059,-293.21167,82.9086533,3059.61523
-282,32,3052,-282.625366,35.3746529,3052.78027
-291,32,3045,-291.624359,35.3746529,3045.78101
-294,76,3059,-294.625366,79.374176,3059.78027
160,-60,2120,159.081223,119.215614,2119.60522
132,32,2184,131.081329,211.351837,2183.60498
154,-60,2134,153.081223,119.237,2133.60522
-706,46,1828,-706.999023,48.6000633,1827.95593
-721,85,2026,-721.999023,87.5989532,2025.95593
-706,46,2026,-706.999023,48.6000633,2025.95593
-736,46,2026,-735.000977,48.5918999,2025.95593
-721,85,1828,-720.000977,87.5909653,1827.95593
-736,46,1828,-735.000977,48.5918999,1827.95593
-957,46,1644,-956.000977,47.6397285,1643.95593
-933,85,1644,-932.000977,86.6396484,1643.95593
-933,85,1446,-932.000977,86.6396484,1445.95593
-909,46,1446,-909.999023,47.6084023,1445.95593
-933,85,1446,-933.999023,86.6082001,1445.95593
-933,85,1644,-933.999023,86.6082001,1643.95593
-909,46,1446,-909.999023,47.6084023,1445.95593
-933,85,1644,-933.999023,86.6082001,1643.95593
-909,46,1644,-909.999023,47.6084023,1643.95593
-957,46,1644,-956.000977,47.6397285,1643.95593
-933,85,1446,-932.000977,86.6396484,1445.95593
-957,46,1446,-956.000977,47.6397285,1445.95593
-842,44,1860,-842.042969,46.5856705,1859.00098
-842,83,1845,-842.042969,85.5847321,1844.00098
-1010,83,1845,-1010.04297,85.5847321,1844.00098
-1010,44,1830,-1010.04297,46.6060753,1830.99902
-1010,83,1845,-1010.04297,85.6051407,1845.99902
-842,83,1845,-842.042969,85.6051407,1845.99902
-1010,44,1830,-1010.04297,46.6060753,1830.99902
-842,83,1845,-842.042969,85.6051407,1845.99902
-842,44,1830,-842.042969,46.6060753,1830.99902
-842,44,1860,-842.042969,46.5856705,1859.00098
-1010,83,1845,-1010.04297,85.5847321,1844.00098
-1010,44,1860,-1010.04297,46.5856705,1859.00098
-1103,49,1134,-1103.04297,51.5896835,1133.00098
-1103,88,1119,-1103.04297,90.5887451,1118.00098
-1333,88,1119,-1333.04297,90.5887451,1118.00098
-1333,49,1104,-1333.04297,51.6020966,1104.99902
-1333,88,1119,-1333.04297,90.6011581,1119.99902
-1103,88,1119,-1103.04297,90.6011581,1119.99902
-1333,49,1104,-1333.04297,51.6020966,1104.99902
-1103,88,1119,-1103.04297,90.6011581,1119.99902
-1103,49,1104,-1103.04297,51.6020966,1104.99902
-1103,49,1134,-1103.04297,51.5896835,1133.00098
-1333,88,1119,-1333.04297,90.5887451,1118.00098
-1333,49,1134,-1333.04297,51.5896835,1133.00098
-1098,52,889,-1098.04297,54.5910378,888.000977
-1098,91,874,-1098.04297,93.5899353,873.000977
-1313,91,874,-1313.04297,93.5899353,873.000977
-1313,52,859,-1313.04297,54.6007309,859.999023
-1313,91,874,-1313.04297,93.5996246,874.999023
-1098,91,874,-1098.04297,93.5996246,874.999023
-1313,52,859,-1313.04297,54.6007309,859.999023
-1098,91,874,-1098.04297,93.5996246,874.999023
-1098,52,859,-1098.04297,54.6007309,859.999023
-1098,52,889,-1098.04297,54.5910378,888.000977
-1313,91,874,-1313.04297,93.5899353,873.000977
-1313,52,889,-1313.04297,54.5910378,888.000977
-711,70,716,-711.998962,72.1992874,715.955078
-716,81,908,-716.999023,83.1994629,907.955872
-711,70,908,-711.998962,72.1992874,907.955078
-723,70,908,-722.000977,71.5795593,907.955872
-716,81,908,-715.000977,82.5793304,907.955872
-723,70,716,-722.000977,71.5795593,715.955872
-916,73,834,-916.998962,74.5557022,833.955078
-923,84,640,-923.999023,85.555481,639.955872
-923,84,834,-923.999023,85.555481,833.955872
-928,73,834,-927.000977,75.196907,833.955872
-923,84,834,-922.000977,86.1969376,833.955872
-923,84,640,-922.000977,86.1969376,639.955872
-928,73,834,-927.000977,75.196907,833.955872
-923,84,640,-922.000977,86.1969376,639.955872
-928,73,640,-927.000977,75.196907,639.955872
-916,73,640,-916.998962,74.5557022,639.955078
-923,84,640,-923.999023,85.555481,639.955872
-916,73,834,-916.998962,74.5557022,833.955078
-758,71,1076,-757.000977,72.5800934,1075.95593
-751,82,1260,-750.000977,83.5798721,1259.95593
-751,82,1076,-750.000977,83.5798721,1075.95593
-746,71,1076,-746.999023,73.1994781,1075.95593
-751,82,1076,-751.999023,84.1996536,1075.95593
-751,82,1260,-751.999023,84.1996536,1259.95593
-746,71,1076,-746.999023,73.1994781,1075.95593
-751,82,1260,-751.999023,84.1996536,1259.95593
-746,71,1260,-746.999023,73.1994781,1259.95593
-758,71,1260,-757.000977,72.5800934,1259.95593
-751,82,1260,-750.000977,83.5798721,1259.95593
-758,71,1076,-757.000977,72.5800934,1075.95593
-864,64,2031,-864.042969,65.7883301,2031.99902
-1060,80,2040,-1060.04297,81.7885895,2040.99902
-864,80,2040,-864.042969,81.7885895,2040.99902
-864,64,2043,-864.042969,69.2471008,2042.00098
-864,80,2040,-864.042969,85.2459488,2039.00098
-1060,80,2040,-1060.04297,85.2459488,2039.00098
-864,64,2043,-864.042969,69.2471008,2042.00098
-1060,80,2040,-1060.04297,85.2459488,2039.00098
-1060,64,2043,-1060.04297,69.2471008,2042.00098
-1060,64,2031,-1060.04297,65.7883301,2031.99902
-1060,80,2040,-1060.04297,81.7885895,2040.99902
-864,64,2031,-864.042969,65.7883301,2031.99902
