-7,893,-796,-6.85308313,929.549072,-796.989136
393,666,-729,393.14505,702.588745,-729.98938
367,924,-740,367.14505,960.48822,-740.98938
-1164,290,951,-1164.71582,294.26123,950.301758
-1247,285,1037,-1247.71594,289.266235,1036.30188
-1157,234,963,-1157.71582,238.258484,962.301758
-1474,150,1268,-1474.23926,154.399902,1267.02905
-1606,183,1291,-1606.23926,187.398605,1290.02905
-1596,121,1303,-1596.23926,125.394386,1302.02905
-1872,-14,1496,-1872.6582,-3.73707771,1495.24719
-1793,53,1420,-1793.65918,63.2728958,1419.24805
-1805,251,1405,-1805.64453,261.302277,1404.23547
-1793,53,1420,-1793.55688,56.5488281,1419.16943
-1872,-14,1496,-1872.55688,-10.4523745,1495.16943
-1781,3,1429,-1781.55688,6.54721928,1428.16943
-421,557,890,-421.999084,564.881531,890.042725
-439,683,814,-439.999023,690.894592,814.043762
-438,686,874,-438.999054,693.896179,874.043213
658,557,663,658.733459,577.222778,663.679688
831,557,480,831.727844,577.160828,480.68573
828,471,477,828.73053,491.165924,477.682831
-148,125,933,-148.14505,138.249161,933.98938
-148,231,941,-148.14505,244.259872,941.98938
0,138,956,-0.145009443,151.277054,956.98938
-910,300,305,-910.911682,633.694946,305.410889
-837,296,462,-837.911682,629.531799,462.410797
-850,150,433,-850.911682,483.536255,433.410889
139,557,909,139.169449,576.368896,909.985535
62,670,928,62.1635208,689.40686,928.986511
139,670,915,139.170532,689.384705,915.985352
-1933,-505,2268,-1932.28918,-479.087433,2268.70337
-2188,-212,2539,-2187.30176,-186.014099,2539.71582
-1837,-212,2188,-1836.30176,-186.014099,2188.71582
-1565,-505,1917,-1564.32056,-469.699341,1917.73364
-1933,-505,2268,-1932.30298,-469.648071,2268.71704
-1837,-212,2188,-1836.30273,-176.810837,2188.7168
-1565,-505,1917,-1564.30078,55.5745735,1917.71484
-1837,-212,2188,-1836.30078,348.514801,2188.71484
-1837,183,2189,-1836.30078,742.468872,2189.71484
-2003,-133,1668,-2003.71594,26.3426304,1667.30188
-2181,212,1843,-2181.71509,371.1604,1842.30103
-2097,-136,1762,-2097.7168,23.0296001,1761.30273
-2003,-133,1668,-2003.7887,-116.697151,1667.38525
-1906,-505,1580,-1906.78833,-488.707031,1579.38477
-1918,-125,1558,-1918.78967,-108.681213,1557.38647
-1837,183,2189,-1837.71582,720.791565,2189.698
-1837,-212,2188,-1837.71606,328.532349,2188.698
-1954,-123,2071,-1954.71484,417.749969,2071.69922
564,0,-777,564.268555,5.88889313,-777.963257
572,150,-801,572.269775,155.876236,-801.962891
429,150,-842,429.272156,155.884689,-842.962219
-21,670,1085,-20.000082,674.65033,1085.0127
-20,674,1023,-19.0000401,678.653687,1023.00879
-45,557,1029,-44.000042,561.650879,1029.00879
-324,685,968,-324.513855,1469.479,968.857849
-357,557,948,-357.51358,1342.48279,948.858032
-364,693,944,-364.521637,1477.62158,944.853149
1006,0,950,1006.73254,8.9823904,950.680664
861,80,1119,861.733459,88.9766998,1119.67969
865,214,1137,865.733459,222.975861,1137.67969
571,326,1337,571.169861,331.111511,1337.98535
451,270,1348,451.180359,275.110107,1348.98352
450,383,1371,450.175964,388.104767,1371.98438
91,558,1390,90.6316528,566.046387,1390.92969
-104,557,1315,-104.36235,565.035767,1315.93201
-119,690,1327,-119.362938,698.041382,1327.93176
-104,557,1315,-104.042526,599.488037,1315.99902
-369,557,1315,-369.042267,599.488037,1315.99902
-385,682,1318,-385.042267,724.517334,1318.99902
-104,557,1315,-104.157471,566.282898,1315.98743
-364,803,1301,-364.163116,812.236816,1301.98657
-119,690,1327,-119.151627,699.266479,1327.9884
-326,675,1084,-326.976807,679.688049,1083.78589
-336,618,1191,-336.976959,622.690613,1190.78662
-300,557,1085,-300.97699,561.682312,1084.78674
391,495,1126,390.955841,509.371582,1125.00098
210,503,1133,209.955826,517.385559,1132.00098
392,393,1133,391.955841,407.37915,1132.00098
727,308,947,726.34668,338.334869,946.24292
577,385,1071,576.353577,415.421112,1070.23706
731,185,949,730.353699,215.306671,948.236938
862,0,456,862.675903,14.0097055,455.263031
938,0,525,938.667114,14.0049629,524.255066
947,127,521,947.667114,141.010574,520.255066
1527,38,428,1527.86865,212.307663,427.504608
1586,38,532,1586.86438,212.454254,531.497192
1556,217,477,1556.86938,391.736725,476.50589
1585,203,529,1585.32239,214.704269,529.946594
1373,66,589,1373.32288,77.6756897,589.946411
1373,110,593,1373.32324,121.681473,593.946289
1373,66,589,1373.40234,82.7982712,589.915344
1253,37,641,1253.41211,53.7781372,641.911133
1252,90,645,1252.40234,106.78553,645.915405
1253,37,641,1253.46484,55.2502937,641.885315
1153,0,693,1153.47949,18.2525501,693.877441
1153,65,697,1153.46484,83.235878,697.885315
-1781,3,1429,-1780.30176,5.65549278,1428.28418
-1906,-505,1580,-1905.30176,-502.35965,1579.28418
-1565,-505,1917,-1564.30188,-502.354187,1916.28406
-1781,3,1429,-1780.30176,5.56162977,1428.28418
-1565,-505,1917,-1564.30176,-502.451111,1916.28418
-1429,3,1781,-1428.30176,5.56162977,1780.28418
272,245,-225,272.459808,247.023712,-224.111984
244,168,-253,244.459457,170.025162,-252.111801
239,219,-222,239.459427,221.024612,-221.111786
244,168,-253,244.8181,171.725174,-252.424927
222,191,-211,222.818283,194.723221,-210.425186
239,219,-222,239.81813,222.724731,-221.424973
299,168,-253,298.245819,170.888596,-252.343338
329,289,-154,328.245819,291.890839,-153.343338
352,241,-153,351.245819,243.889984,-152.343338
299,168,-253,298.43808,175.032486,-252.172821
288,131,-267,287.425903,138.033615,-266.181213
272,137,-277,271.43808,144.032578,-276.172821
329,289,-154,328.537781,290.16687,-153.113235
272,245,-225,271.539276,246.168137,-224.112457
280,332,-138,279.538483,333.16684,-137.112869
-961,0,4,-961.989136,3231.70142,3.85299516
-940,-136,-127,-940.988159,3105.10522,-127.153343
-921,0,-246,-921.989136,3236.70117,-246.146805
-595,0,-341,-594.073242,920.249695,-341.375641
-492,-282,-87,-491.078064,635.758362,-87.3873367
-440,0,40,-439.078064,915.083191,39.6126595
-961,0,4,-961.991089,32.5816689,3.86693716
-957,-131,4,-957.991089,-98.4022369,3.86693716
-940,-136,-127,-940.992126,-103.351685,-127.12513
-921,0,-246,-921.975403,14.9212999,-246.220413
-940,-136,-127,-940.975403,-121.1035,-127.220352
-897,-125,-310,-897.975403,-110.111526,-310.220306
-583,-118,567,-583.339294,-116.925957,567.940674
-692,-164,483,-692.344177,-162.928711,483.938904
-847,-132,460,-847.34375,-130.929733,460.938995
-575,-207,482,-575.34375,-205.92511,482.939056
-692,-164,483,-692.34375,-162.9254,483.939026
-583,-118,567,-583.339478,-116.923035,567.940613
-440,0,40,-439.663696,58.7769814,39.0582466
-281,-278,101,-280.663605,-219.040085,100.058281
-176,-279,138,-175.676697,-220.039154,137.053711
-583,-118,567,-583.402527,-116.580338,567.915405
-342,-136,659,-342.408844,-134.576675,659.912598
-494,-167,569,-494.408844,-165.577927,569.912537
-583,-118,567,-583.502075,-116.853798,567.864807
-494,-167,569,-494.498474,-165.855179,569.866882
-575,-207,482,-575.497437,-205.852844,482.867493
598,-133,427,598.632812,-131.971069,427.774292
582,-164,402,582.632935,-162.970566,402.7742
485,-198,440,485.633087,-196.969574,440.774078
621,-161,340,621.859802,-159.759583,340.51059
582,-164,402,582.859802,-162.760574,402.51062
656,-132,326,656.859802,-130.759201,326.51062
656,-132,326,656.868591,-130.807709,326.495483
582,-164,402,582.868591,-162.80777,402.495483
598,-133,427,598.868591,-131.808197,427.495453
724,-129,0,724.999146,-127.941872,0.0408792607
684,-171,52,684.999146,-169.940323,52.040863
716,-136,109,716.999268,-134.941116,109.037552
-440,0,40,-439.654175,147.463821,39.0617027
-176,-279,138,-175.659592,-130.99826,137.059723
0,0,200,0.34400183,147.825806,199.061035
-956,0,148,-956.999084,32.8258247,148.042099
-957,-131,4,-957.998962,-98.3033066,4.04473209
-961,0,4,-961.998962,32.7557564,4.04473209
-913,0,317,-913.968567,54.5583344,317.248688
-907,-129,331,-907.968567,-74.4543915,331.248749
-956,0,148,-956.968018,54.6716652,148.25087
0,138,956,-0.0441445298,147.173065,956.999023
0,211,964,-0.0441445298,220.182892,964.999023
160,150,965,159.955826,159.160355,965.999023
148,75,953,148.322403,79.9649048,953.946594
160,150,965,160.319275,154.966461,965.947632
299,150,919,299.322479,154.976013,919.946533
567,139,780,567.466614,471.601776,780.88446
568,0,779,568.467529,332.717133,779.883972
433,0,850,433.461517,333.222168,850.887085
431,150,847,431.45932,164.000122,847.888245
575,288,788,575.424255,302.048767,788.905518
567,139,780,567.423828,153.019638,780.905701
625,133,737,625.587097,804.261169,737.809509
568,0,779,568.587097,672.061096,779.809509
567,139,780,567.585999,811.118103,780.810303
916,287,-147,916.974487,335.817139,-147.224289
899,287,-223,899.975403,335.796295,-223.220306
912,150,-152,912.975403,198.72905,-152.220367
777,0,-564,777.948914,8.85411453,-564.315369
839,150,-429,839.946106,158.847885,-429.323853
788,150,-584,788.94812,158.836304,-584.317871
777,0,-564,777.696472,6.7688942,-564.717529
788,150,-584,788.697327,156.770233,-584.716736
677,150,-695,677.696716,156.770233,-695.717346
564,0,-777,564.716187,6.64376736,-777.697876
677,150,-695,677.714905,156.646973,-695.699219
572,150,-801,572.711182,156.650665,-801.703003
-150,300,-933,-150.292145,318.121582,-933.95636
-285,300,-892,-285.292114,318.08847,-892.95636
-181,100,-912,-181.292786,118.073616,-912.956177
0,300,-941,-0.0610092804,310.429871,-941.998108
-150,300,-933,-150.061401,310.42926,-933.998108
-181,100,-912,-181.061401,110.397896,-912.998108
-918,144,-245,-918.989136,150.166733,-245.146667
-959,310,-151,-959.989319,316.171265,-151.145767
-957,156,4,-957.990173,162.15715,3.86015463
-957,156,4,-957.999023,167.713486,4.04299212
-970,310,9,-970.999084,321.700165,9.04144955
-966,300,152,-966.999146,311.716309,152.04126
-434,0,841,-434.388763,22.6720486,841.921326
-433,76,845,-433.389648,98.6669235,845.920959
-364,0,870,-364.389496,22.6846619,870.921021
-296,154,897,-296.250763,167.540115,897.968018
-148,231,941,-148.251587,244.539444,941.967834
-148,125,933,-148.250854,138.532623,933.968018
-296,154,897,-296.349426,159.105392,897.936951
-362,152,872,-362.349945,157.104813,872.936768
-296,236,914,-296.349457,241.104813,914.936951
411,448,840,411.524719,455.078156,840.851257
295,408,906,295.52533,415.079834,906.850891
409,501,850,409.524994,508.082275,850.851074
409,501,850,409.354645,507.146637,850.934998
553,385,774,553.362427,391.136841,774.932007
411,448,840,411.350342,454.14502,840.936584
148,75,953,147.955826,81.5155106,953.999023
0,138,956,-0.0434769392,144.50145,956.999023
160,150,965,159.955719,156.509171,965.998962
947,150,-6,947.97345,200.571442,-6.22882652
916,287,-147,916.973572,337.621002,-147.228333
912,150,-152,912.973511,200.528427,-152.228561
-737,582,-318,-737.570374,583.33075,-318.821381
-689,707,-468,-689.570312,708.334534,-468.821411
-902,629,-247,-902.570312,630.332947,-247.821365
-111,564,-732,-111.495415,565.131042,-732.868652
-1,541,-771,-1.49723375,542.129272,-771.867615
-12,647,-871,-12.4917946,648.126892,-871.870667
114,550,-731,114.362274,551.152771,-731.932068
393,666,-729,393.364655,667.151306,-729.931091
-12,647,-871,-11.6347475,648.152405,-871.930908
-1,541,-771,-0.620958209,542.210449,-771.925354
114,550,-731,114.379242,551.210999,-731.925293
-12,647,-871,-11.6234436,648.210327,-871.926392
-742,841,-519,-742.614929,842.839661,-519.788574
-902,629,-247,-902.619141,630.838806,-247.785233
-689,707,-468,-689.619141,708.840027,-468.785278
-529,600,-494,-529.611328,601.372742,-494.79129
-689,707,-468,-689.607422,708.36853,-468.794373
-737,582,-318,-737.615234,583.369934,-318.788239
946,640,0,946.996033,646.162842,-0.0886847302
933,637,-159,933.996094,643.174316,-159.088165
911,500,-154,911.99707,506.175079,-154.076111
932,778,-25,932.979309,791.744934,-25.2022552
867,699,-297,867.975525,712.795105,-297.219879
932,704,0,932.976379,717.746399,-0.21596463
867,699,-297,867.802612,700.055176,-297.596497
638,569,-409,638.810852,570.064636,-409.585083
798,594,-227,798.805359,595.057678,-227.592773
2,489,-754,2.35206008,492.482971,-754.935974
114,550,-731,114.344269,553.479797,-731.938843
-1,541,-771,-0.647282958,544.482056,-771.93573
-1,541,-771,-1.3910743,544.126953,-771.920349
-111,564,-732,-111.393333,567.131836,-732.919373
2,489,-754,1.59802794,492.12439,-754.915649
933,637,-159,933.669312,638.071228,-159.742981
867,699,-297,867.675781,700.074402,-297.73703
798,594,-227,798.675781,595.072815,-227.73703
911,500,-154,911.47168,509.29538,-154.881744
933,637,-159,933.473633,646.30896,-159.880722
798,594,-227,798.473633,603.304932,-227.880722
831,557,480,831.911743,612.952087,479.589264
801,516,414,801.912109,571.95166,413.590057
828,471,477,828.91095,526.995911,476.587494
927,479,3,927.925476,490.993469,3.37879586
903,493,66,903.929321,504.994507,66.3692169
937,577,0,937.925476,588.986084,0.378804982
932,704,0,932.997986,1252.61755,0.062857978
924,619,123,924.997986,1166.1283,123.062958
925,812,113,925.997986,1360.58142,113.063255
911,500,-154,911.99408,509.540344,-154.108444
927,479,3,927.994019,488.546844,2.89093542
937,577,0,937.994019,586.550842,-0.108889118
937,577,0,937.556641,589.54071,0.830726147
867,627,53,867.568359,639.52478,53.8227234
946,640,0,946.556641,652.544067,0.830726147
911,500,-154,911.995056,507.002106,-154.099274
937,577,0,937.99408,583.992188,-0.108422771
946,640,0,946.99408,646.986572,-0.108422764
940,340,-4,940.984253,419.714691,-4.17674494
916,287,-147,916.985229,366.767395,-147.171051
939,287,-6,939.984253,366.704132,-6.1766839
139,670,915,138.95723,689.020996,915.999084
290,670,915,289.957245,689.020996,915.999084
139,557,909,138.95723,575.995117,909.999084
-295,557,1030,-295.996948,562.197327,1030.078
-324,685,968,-324.99707,690.192078,968.076477
-318,676,1027,-318.996948,681.1922,1027.078
-425,692,925,-425.9646,702.382812,925.263611
-421,557,890,-421.964661,567.397217,890.263489
-438,686,874,-438.963989,696.388794,874.26593
-45,557,1029,-44.0338058,562.146179,1029.25781
-20,674,1023,-19.0338058,679.148254,1023.25781
-3,672,956,-2.03485584,677.149597,956.261719
-318,676,1027,-318.990875,681.133423,1026.86523
-326,675,1084,-326.990875,680.132446,1083.86523
-295,557,1030,-295.990875,562.129639,1029.86523
-300,557,1085,-300.956451,572.282227,1084.70813
-336,618,1191,-336.956604,633.294312,1190.70862
-369,557,1315,-369.956451,572.292908,1314.70813
-850,150,433,-850.926514,160.881058,432.623749
-921,194,599,-921.931702,204.898163,598.63678
-848,78,446,-848.926453,88.8727036,445.623596
-877,178,1078,-876.36554,186.701416,1078.77295
-970,178,1155,-969.36554,186.693329,1155.77295
-960,234,1155,-959.365295,242.688385,1155.77271
-870,234,1078,-869.353577,238.210342,1078.76294
-960,234,1155,-959.353699,238.21553,1155.76306
-945,290,1160,-944.353699,294.21875,1160.76306
-1044,231,1244,-1043.30212,240.71759,1244.71619
-1198,182,1390,-1197.30176,191.674347,1390.71582
-1193,246,1394,-1192.30188,255.673004,1394.71594
-1273,90,1472,-1272.05347,112.163467,1472.32251
-1314,61,1587,-1313.05359,83.1985168,1587.32288
-1311,122,1587,-1310.05347,144.203232,1587.32251
-970,178,1155,-969.256042,191.058548,1155.66821
-1044,178,1238,-1043.2478,191.043915,1238.65894
-1044,231,1244,-1043.2478,244.034988,1244.65894
-1034,284,1241,-1033.26526,294.051392,1241.67834
-960,234,1155,-959.264709,244.057281,1155.67773
-1044,231,1244,-1043.26685,241.053329,1244.68005
-1193,246,1394,-1192.23547,255.986618,1394.64453
-1198,182,1390,-1197.23547,191.982437,1390.64453
-1270,150,1471,-1269.23145,159.979126,1471.63977
-1264,210,1479,-1263.11572,216.621201,1479.46692
-1270,150,1471,-1269.11572,156.622208,1471.46692
-1323,183,1583,-1322.11572,189.620789,1583.46692
-1193,246,1394,-1192.21033,252.23616,1394.61353
-1270,150,1471,-1269.21045,156.22789,1471.61365
-1264,210,1479,-1263.21033,216.231461,1479.61353
-1044,231,1244,-1043.30078,241.537766,1244.71484
-1193,246,1394,-1192.30017,256.508575,1394.71423
-1034,284,1241,-1033.30188,294.533844,1241.71594
-1273,90,1472,-1272.05371,113.362427,1472.32312
-1311,122,1587,-1310.05371,145.333755,1587.32312
-1270,150,1471,-1269.05347,173.343109,1471.32227
-1198,182,1390,-1197.24719,219.630371,1390.6582
-1273,90,1472,-1272.24719,127.621719,1472.6582
-1270,150,1471,-1269.24792,187.631348,1471.65906
-1044,178,1238,-1043.30188,190.086609,1238.71594
-1198,182,1390,-1197.30188,194.041718,1390.71594
-1044,231,1244,-1043.30188,243.093735,1244.71594
-945,290,1160,-944.320496,293.950012,1160.73364
-960,234,1155,-959.320496,237.95224,1155.73364
-1034,284,1241,-1033.32092,287.944611,1241.73401
-877,178,1078,-876.353699,190.092728,1078.76306
-960,234,1155,-959.353821,246.075195,1155.76318
-870,234,1078,-869.353577,246.092529,1078.76294
-970,178,1155,-969.265869,185.741333,1155.67896
-1044,231,1244,-1043.26526,238.749161,1244.67834
-960,234,1155,-959.266174,241.745773,1155.67932
-870,234,1078,-869.412354,236.610992,1078.80908
-945,290,1160,-944.412659,292.618347,1160.80933
-851,289,1091,-850.41217,291.612396,1091.80896
-362,152,872,-362.322235,187.768646,872.946655
-433,76,845,-433.333313,111.766579,845.94281
-431,154,848,-431.322235,189.766388,848.946594
-364,0,870,-364.349426,130.515701,870.936951
-433,76,845,-433.349457,206.584244,845.936951
-362,152,872,-362.349457,282.542572,872.936951
-364,0,870,-364.349884,130.617523,870.936768
-362,152,872,-362.355072,282.365875,872.934814
-296,154,897,-296.354492,284.357849,897.935059
-296,236,914,-296.333313,240.707962,914.94281
-362,152,872,-362.333588,156.714401,872.942688
-431,154,848,-431.333313,158.713455,848.94281
-660,159,970,-659.53125,180.504456,970.883301
-431,154,848,-430.536713,175.551086,848.886169
-433,76,845,-432.525726,97.5733871,845.880371
-870,234,1078,-869.649109,236.922928,1078.9364
-851,289,1091,-850.649109,291.922272,1091.9364
-660,159,970,-659.649414,161.923798,970.936523
-659,89,970,-658.518555,108.086395,970.876465
-433,76,845,-432.525726,95.1048431,845.880371
-434,0,841,-433.526062,19.119976,841.880554
-870,234,1078,-869.574402,252.493439,1078.90491
-659,89,970,-658.575439,107.53112,970.905396
-877,178,1078,-876.574402,196.497437,1078.90491
-1314,61,1587,-1313.13562,84.6566772,1587.50281
-1429,3,1781,-1428.13806,26.6670494,1781.50696
-1311,122,1587,-1310.1355,145.650513,1587.50256
-1918,-125,1558,-1918.75134,-108.550598,1557.34009
-1906,-505,1580,-1906.75134,-488.464172,1579.34009
-1872,-14,1496,-1872.7511,2.41203856,1495.33984
-1596,121,1303,-1596.46741,125.662132,1302.11597
-1793,53,1420,-1793.46692,57.6469765,1419.11572
-1584,61,1311,-1584.46692,65.6586151,1310.11572
-1474,150,1268,-1474.24316,155.730301,1267.03003
-1596,121,1303,-1596.24316,126.730667,1302.03003
-1584,61,1311,-1584.24316,66.7279434,1310.03003
-1157,234,963,-1157.66699,242.625183,962.254944
-1245,231,1042,-1245.6676,239.630783,1041.25549
-1155,178,970,-1155.66699,186.623215,969.254944
-1044,135,769,-1044.98059,139.098053,768.803955
-1058,198,761,-1058.9823,202.099609,760.812744
-1087,230,866,-1087.97839,234.095276,865.793274
-848,78,446,-848.88623,88.7389297,445.536774
-865,0,495,-865.88623,10.7360659,494.536774
-847,0,460,-847.886841,10.736722,459.537933
-2097,-136,1762,-2097.74316,-92.292984,1761.33105
-2181,212,1843,-2181.75122,255.761536,1842.33997
-2179,-212,1855,-2179.74341,-168.334076,1854.33118
-1906,-505,1580,-1906.7345,-482.149353,1579.32141
-2097,-136,1762,-2097.73389,-113.326096,1761.3208
-2179,-212,1855,-2179.73364,-189.326599,1854.32056
-1956,233,1576,-1956.75781,253.884033,1575.34753
-1918,-125,1558,-1918.76416,-104.134315,1557.35498
-1872,-14,1496,-1872.75781,6.86675406,1495.34753
-1956,233,1576,-1956.78967,252.244034,1575.38647
-2003,-133,1668,-2003.7887,-113.724014,1667.38525
-1918,-125,1558,-1918.78967,-105.741577,1557.38647
-1956,233,1576,-1956.76416,248.840118,1575.35498
-2181,212,1843,-2181.76416,227.903473,1842.35498
-2003,-133,1668,-2003.76782,-117.083649,1667.35938
-2003,-133,1668,-2003.71582,-71.5850449,1667.30176
-2097,-136,1762,-2097.71582,-74.4554596,1761.30176
-1906,-505,1580,-1906.71594,-443.75354,1579.30188
-1781,3,1429,-1781.58984,12.9169426,1428.1925
-1872,-14,1496,-1872.58594,-4.08934879,1495.1897
-1906,-505,1580,-1906.57922,-495.013062,1579.18494
-1872,-14,1496,-1872.75122,11.6902685,1495.33997
-1805,251,1405,-1805.75122,276.672821,1404.33997
-1956,233,1576,-1956.7511,258.67804,1575.33984
-1606,183,1291,-1606.42896,187.066818,1290.09668
-1793,53,1420,-1793.43884,57.0705299,1419.10144
-1596,121,1303,-1596.45898,125.070244,1302.11157
-1805,251,1405,-1805.52637,261.537415,1404.14978
-1793,53,1420,-1793.52673,63.5211601,1419.15002
-1606,183,1291,-1606.52161,193.519745,1290.14685
-1584,61,1311,-1584.46765,64.580101,1310.11609
-1793,53,1420,-1793.46753,56.5643921,1419.11609
-1781,3,1429,-1781.46692,6.56450701,1428.11572
-1393,176,1197,-1393.6582,198.329727,1196.24719
-1474,150,1268,-1474.65161,172.323669,1267.24146
-1388,120,1196,-1388.65161,142.32869,1195.24146
-1410,235,1189,-1410.61328,238.596664,1188.21021
-1474,150,1268,-1474.61328,153.598923,1267.21021
-1393,176,1197,-1393.61328,179.595657,1196.21021
-1245,231,1042,-1245.69922,239.466919,1041.28516
-1393,176,1197,-1393.6969,184.476822,1196.28284
-1238,178,1044,-1238.69763,186.465454,1043.28357
-1245,231,1042,-1245.6676,234.41333,1041.25549
-1410,235,1189,-1410.6676,238.414078,1188.25549
-1393,176,1197,-1393.6687,179.413696,1196.25647
-1247,285,1037,-1247.6687,295.778381,1036.25647
-1410,235,1189,-1410.66772,245.783173,1188.25562
-1245,231,1042,-1245.6676,241.772171,1041.25549
-1410,235,1189,-1410.53418,237.653275,1188.15466
-1493,209,1254,-1493.53577,211.651627,1253.15564
-1474,150,1268,-1474.53784,152.651337,1267.15698
-1493,209,1254,-1493.24023,212.193283,1253.0293
-1606,183,1291,-1606.23926,186.191193,1290.02905
-1474,150,1268,-1474.24512,153.190445,1267.03052
-1474,150,1268,-1474.30786,162.797348,1267.04858
-1584,61,1311,-1584.31079,73.8178253,1310.04956
-1474,90,1273,-1474.30786,102.799179,1272.04858
-1388,120,1196,-1388.6582,135.982468,1195.24719
-1474,150,1268,-1474.6582,165.986404,1267.24719
-1474,90,1273,-1474.65894,105.994057,1272.2478
-1238,178,1044,-1238.69727,197.762604,1043.2832
-1393,176,1197,-1393.69824,195.740662,1196.28418
-1388,120,1196,-1388.70325,139.754593,1195.28906
-1087,230,866,-1087.81873,232.889694,865.425842
-1157,234,963,-1157.81873,236.885223,962.425842
-1078,178,884,-1078.81873,180.887878,883.425842
-1086,290,864,-1086.74353,392.804779,863.331299
-1164,290,951,-1164.74353,392.879303,950.331299
-1087,230,866,-1087.74329,332.71344,865.331055
-1157,234,963,-1157.66699,244.757797,962.254944
-1247,285,1037,-1247.6676,295.761475,1036.25549
-1245,231,1042,-1245.6676,241.7677,1041.25549
-1078,178,884,-1078.74353,187.280151,883.331299
-1157,234,963,-1157.74353,243.299103,962.331299
-1155,178,970,-1155.75134,187.292435,969.340088
-1087,230,866,-1087.81873,234.425079,865.425842
-1164,290,951,-1164.81885,294.42395,950.426025
-1157,234,963,-1157.81384,238.423721,962.418945
-1155,178,970,-1155.66699,186.415253,969.254944
-1245,231,1042,-1245.66772,239.395645,1041.25562
-1238,178,1044,-1238.6676,186.402023,1043.25549
-1044,135,769,-1044.78979,138.944885,768.386658
-966,148,661,-966.789001,151.943237,660.38562
-1058,198,761,-1058.78833,201.945435,760.384766
-966,148,661,-966.73468,215.518021,660.321594
-959,207,652,-959.733704,274.571533,651.320557
-1058,198,761,-1058.73376,265.59024,760.320618
-926,69,623,-926.788818,78.1886978,622.385376
-966,148,661,-966.788391,157.186005,660.384827
-965,89,670,-965.788757,98.1797409,669.385315
-1044,135,769,-1044.97839,139.226639,768.793274
-1087,230,866,-1087.97839,234.233978,865.793274
-1078,178,884,-1078.98035,182.233994,883.802734
-965,89,670,-965.80896,98.5991745,669.41217
-966,148,661,-966.808899,157.599731,660.412109
-1044,135,769,-1044.80896,144.601593,768.41217
-923,131,611,-923.772766,141.534302,610.365356
-921,194,599,-921.772827,204.526001,598.365417
-966,148,661,-966.773071,158.538574,660.365723
-848,78,446,-848.916626,99.0750961,445.600281
-921,194,599,-921.914673,215.09996,598.595825
-923,131,611,-923.914917,152.093491,610.596375
-848,78,446,-848.916626,107.330055,445.600281
-923,131,611,-923.914612,160.380417,610.595703
-926,69,623,-926.914612,98.3751373,622.595703
-926,69,623,-926.772888,80.9620819,622.365479
-923,131,611,-923.772949,142.967346,610.36554
-966,148,661,-966.773254,159.985458,660.365906
-848,78,446,-848.916565,95.8189545,445.60022
-926,69,623,-926.914612,86.7724991,622.595703
-865,0,495,-865.912231,17.8037453,494.590332
-966,300,152,-966.939209,310.980042,152.343307
-910,300,305,-910.93689,311.007782,305.349609
-953,150,148,-953.936401,160.979187,148.350922
-973,640,1,-973.771912,648.452087,1.63571584
-906,547,64,-906.76593,555.450562,64.6429214
-961,563,1,-961.771667,571.451599,1.63600409
-961,563,1,-961.991089,569.811951,1.1328721
-938,468,73,-938.992065,474.823334,73.125267
-950,487,0,-950.993103,493.815521,0.11690513
-654,569,660,-654.71637,581.94812,660.697693
-758,456,539,-758.716736,468.954315,539.697327
-832,556,473,-832.73053,568.979858,473.6828
-838,504,457,-838.768738,509.691101,457.639526
-758,456,539,-758.764526,461.693634,539.644592
-845,447,433,-845.762939,452.690582,433.646423
-832,556,473,-832.746155,564.456848,473.66571
-758,456,539,-758.751038,464.445251,539.660156
-838,504,457,-838.746216,512.453186,457.665649
-961,563,1,-961.963684,572.725952,0.732994139
-921,490,-113,-921.960754,499.74472,-113.277283
-934,626,-118,-934.96106,635.727966,-118.276329
-957,156,4,-957.997986,168.344376,3.93693209
-959,310,-151,-959.997986,322.32547,-151.062805
-970,310,9,-970.998047,322.322479,8.93753147
-410,680,-777,-410.768768,681.823364,-777.639526
-742,841,-519,-742.763,842.819153,-519.646362
-689,707,-468,-689.762878,708.818054,-468.646484
-226,590,-734,-226.180237,591.214539,-734.983582
-111,564,-732,-111.169456,565.21759,-732.985535
-410,680,-777,-410.1698,681.20929,-777.985474
-295,557,1030,-295.995972,561.531616,1029.9104
-326,675,1084,-326.995941,679.525208,1083.91016
-300,557,1085,-300.995972,561.532959,1084.9104
-295,557,1030,-295.999084,561.559509,1030.04236
-296,557,967,-296.999084,561.559631,967.042419
-324,685,968,-324.999084,689.56073,968.042297
-296,557,967,-296.292542,570.904114,967.956238
-357,557,948,-357.298798,570.904968,948.954285
-324,685,968,-324.292511,698.893433,968.956238
-411,557,939,-411.981659,569.555542,939.19043
-421,557,890,-421.981689,569.55249,890.19043
-425,692,925,-425.981689,704.572998,925.19043
-421,557,890,-421.998993,566.006226,890.044434
-424,557,833,-424.998993,566.001282,833.044434
-439,683,814,-439.998993,691.984131,814.044434
-667,676,647,-667.717346,910.102661,647.696716
-654,569,660,-654.71582,803.352295,660.698242
-832,556,473,-832.731506,791.120789,473.681824
-285,300,-892,-285.322235,318.44693,-892.946655
-424,150,-837,-424.323212,168.463989,-837.946289
-239,100,-896,-239.322235,118.400925,-896.946655
-181,100,-912,-181.27002,123.568802,-912.96283
-285,300,-892,-285.268921,323.600616,-892.963135
-239,100,-896,-239.268951,123.571716,-896.963135
670,0,-670,670.708374,6.60246515,-670.705811
677,150,-695,677.710632,156.599121,-695.703552
564,0,-777,564.714905,6.60533667,-777.699219
777,0,-564,777.696289,6.6010232,-564.717712
677,150,-695,677.696838,156.62706,-695.717224
670,0,-670,670.696716,6.62061453,-670.717346
912,150,-152,912.979492,245.522949,-152.201477
899,287,-223,899.979309,382.707153,-223.202225
887,100,-272,887.979248,195.588242,-272.202393
891,144,257,891.967651,200.055756,257.252289
923,219,138,923.967529,275.070648,138.252609
931,150,102,931.966614,206.144913,102.256157
931,150,102,931.981323,219.692444,102.192223
950,0,-6,950.97937,69.591095,-5.79808712
918,0,157,918.979309,69.7097397,157.202286
873,0,322,873.967529,226.472534,322.252686
891,144,257,891.967529,370.002411,257.252655
902,100,215,902.967468,325.962646,215.252762
870,191,370,870.965637,196.060684,370.259796
891,144,257,891.967834,149.054291,257.251587
856,127,373,856.967529,132.062958,373.252594
876,189,418,876.991272,193.47258,417.868195
870,191,370,870.99115,195.471115,369.867279
856,127,373,856.990173,131.469696,372.860168
879,0,422,879.896973,94.580925,421.557922
856,127,373,856.896973,221.629074,372.557922
858,0,380,858.897217,94.580925,379.558411
-239,100,-896,-239.292114,621.060425,-896.95636
-425,0,-840,-425.292175,522.904663,-840.95636
-305,0,-876,-305.293091,521.952332,-876.956055
-961,563,1,-961.95575,569.797302,0.705994487
-934,626,-118,-934.95874,632.786865,-118.28421
-973,640,1,-973.955933,646.801392,0.706413925
-961,563,1,-961.969482,570.209167,0.754993856
-950,487,0,-950.968506,494.217316,-0.248983979
-921,490,-113,-921.966614,497.226227,-113.256172
-934,626,-118,-934.993042,636.002869,-118.117271
-921,490,-113,-921.993042,500.017517,-113.117416
-905,489,-248,-905.99408,499.016937,-248.108597
-296,236,914,-296.51358,1189.19897,914.858032
-439,308,828,-439.521912,1262.96143,828.852966
-426,450,836,-426.51358,1406.3689,836.858032
-296,154,897,-296.190308,158.961807,897.981689
-296,236,914,-296.185272,240.964813,914.982666
-148,231,941,-148.180389,235.968018,941.983582
0,138,956,-0.175044954,147.367096,956.984558
-148,231,941,-148.169434,240.372208,941.985535
0,211,964,-0.175044954,220.358047,964.984558
-21,670,1085,-20.000082,674.859131,1084.9873
-45,557,1029,-44.0000839,561.86377,1028.98706
-44,557,1097,-43.0000839,561.863647,1096.98706
-326,675,1084,-326.972748,678.716797,1083.76819
-385,682,1318,-385.972839,685.725586,1317.76855
-336,618,1191,-336.972595,621.718994,1190.76758
-369,557,1315,-369.953461,565.967102,1314.69849
-336,618,1191,-336.953461,626.947754,1190.69849
-385,682,1318,-385.953461,690.970276,1317.69849
1586,38,532,1586.87183,318.451813,531.510193
1585,203,529,1585.87183,483.814301,528.510193
1556,217,477,1556.86951,497.933533,476.506104
1074,204,850,1074.65833,246.424255,850.752686
1122,202,807,1122.6582,244.400482,807.752747
1095,100,828,1095.65942,142.464523,828.75177
1052,100,872,1052.73352,157.632202,872.679565
1033,204,896,1033.74231,261.714447,896.669861
1074,204,850,1074.74231,261.685974,850.669922
1252,90,645,1252.55078,109.200188,645.834595
1163,123,706,1163.5509,142.222061,706.834473
1252,138,648,1252.55225,157.208115,648.833679
1373,150,603,1373.34961,167.281509,603.93689
1252,90,645,1252.34961,107.251961,645.936829
1252,138,648,1252.34961,155.260956,648.93689
1585,203,529,1585.37769,207.245544,529.925903
1373,110,593,1373.37207,114.250679,593.928162
1373,150,603,1373.37695,154.248383,603.926208
1057,127,545,1056.79297,133.402313,544.021667
1195,34,530,1194.79297,40.408699,529.021667
1195,140,513,1194.79297,146.405869,512.021667
1195,34,530,1194.6875,40.5905151,529.05011
1322,155,470,1321.69629,161.590469,469.047241
1195,140,513,1194.68457,146.592941,512.051086
1314,66,485,1313.83789,72.6640396,484.013245
1526,203,429,1525.83789,209.665161,428.013245
1322,155,470,1321.83789,161.660919,469.013245
1373,110,593,1373.42456,114.405472,593.905396
1252,90,645,1252.41113,94.3999939,645.91156
1373,150,603,1373.42407,154.40535,603.905579
1252,90,645,1252.49512,94.5042496,645.868774
1153,65,697,1153.50293,69.503746,697.864319
1163,123,706,1163.49512,127.502258,706.868774
1153,65,697,1153.99609,71.3148575,696.911743
1158,52,784,1158.995,58.3102112,783.900391
1163,123,706,1163.99609,129.311539,705.911743
1253,37,641,1253.4668,54.4256172,641.884277
1153,65,697,1153.46484,82.439682,697.885254
1252,90,645,1252.47949,107.42347,645.877441
1373,66,589,1373.39551,78.1731339,589.918396
1252,90,645,1252.40344,102.151749,645.914978
1373,110,593,1373.40234,122.180634,593.915466
1057,127,545,1056.95508,195.587326,544.001038
1194,245,536,1193.95593,313.428589,535.000977
1058,192,544,1057.95508,260.528748,543.001038
1049,0,568,1048.77539,6.11121941,567.025574
1195,34,530,1194.77539,40.1116982,529.025574
1057,127,545,1056.78455,133.11264,544.023499
1195,34,530,1194.67603,41.5793915,529.053955
1314,66,485,1313.6803,73.5722809,484.05249
1322,155,470,1321.67517,162.57428,469.05423
947,127,521,947.205872,132.31369,520.021423
1049,0,568,1049.2052,5.32620811,567.021301
1057,127,545,1057.2052,132.320694,544.021301
951,182,519,951.222839,234.987885,518.025146
1057,127,545,1057.22363,179.87735,544.02533
1058,192,544,1058.23926,244.885269,543.029053
862,160,456,862.592773,173.789276,455.194641
947,127,521,947.587524,140.778427,520.190796
951,182,519,951.587097,195.78479,518.190491
938,0,525,938.362427,18.5386448,524.067993
1049,0,568,1049.35059,18.5742378,567.063477
947,127,521,947.362427,145.570358,520.067993
947,127,521,947.205872,146.807495,520.021423
1057,127,545,1057.20703,146.827255,544.021667
951,182,519,951.205261,201.806412,518.021301
625,133,737,625.733215,327.04953,737.679993
690,0,666,690.733582,194.303589,666.679565
625,0,736,625.733459,194.327408,736.679688
625,133,737,625.613281,298.640625,737.789856
625,0,736,625.609497,165.873108,736.792786
568,0,779,568.591431,165.934021,779.806335
784,0,724,783.412231,14.8939018,724.809021
843,126,777,842.413147,140.909912,777.809692
859,0,778,858.412231,14.9047365,778.809021
861,80,1119,861.613342,84.2123413,1119.78979
695,155,1267,695.601685,159.211807,1267.79871
778,231,1226,778.597717,235.208954,1226.80164
866,241,786,865.23053,269.412689,785.361328
727,308,947,726.225708,336.300903,946.367188
731,185,949,730.225708,213.276123,948.367188
451,270,1348,451.146606,275.104309,1348.98914
321,440,1403,321.14505,445.102539,1403.98938
450,383,1371,450.157349,388.103516,1371.98743
112,557,1134,112.21833,581.463501,1133.02417
-44,557,1097,-43.7796707,581.415527,1096.02466
117,442,1140,117.218498,466.507477,1139.02417
571,279,1051,570.53125,288.368164,1050.1167
392,393,1133,391.525726,402.403839,1132.11963
577,155,1063,576.518555,164.359451,1062.12354
112,557,1134,111.828766,560.621399,1133.01477
210,378,1168,209.828827,381.621155,1167.01477
210,503,1133,209.828827,506.623993,1132.01477
778,231,1226,778.465027,287.165283,1226.88525
695,155,1267,695.462219,211.085709,1267.88672
688,275,1273,688.466919,331.157135,1273.88428
861,80,1119,861.696289,88.8186111,1119.71765
778,231,1226,778.697388,239.836426,1226.71667
865,214,1137,865.696472,222.834045,1137.71753
321,440,1403,320.955841,488.824097,1403.99902
210,378,1398,209.955826,426.8703,1398.99902
200,491,1400,199.955826,539.800415,1400.99902
695,155,1267,695.479614,216.29245,1267.87744
571,326,1337,571.468567,387.390015,1337.88342
688,275,1273,688.47998,336.371033,1273.8772
695,155,1267,695.205139,159.010086,1267.97864
451,270,1348,451.195404,274.027527,1348.98071
571,326,1337,571.195312,330.018799,1337.98071
451,270,1348,451.09671,274.022369,1348.99524
210,378,1398,210.08667,382.01355,1398.99622
321,440,1403,321.086639,444.023743,1403.99622
210,378,1398,209.891907,415.307922,1398.99414
91,558,1390,90.882515,595.320435,1390.99304
200,491,1400,199.883286,528.32135,1400.99316
210,378,1398,209.690964,384.479034,1398.95105
97,442,1373,96.6997452,448.481049,1373.95386
91,558,1390,90.6913452,564.479126,1390.95117
843,126,777,842.135132,134.965912,776.498047
731,185,949,730.138,193.967926,948.493103
859,0,778,858.135132,8.96430397,777.498047
731,185,949,730.40863,194.375458,948.193604
571,279,1051,570.412476,288.351929,1050.1908
577,155,1063,576.412109,164.353409,1062.19116
577,385,1071,576.675781,399.395386,1070.05408
391,495,1126,390.675751,509.408173,1125.05408
392,393,1133,391.677399,407.413086,1132.05347
392,270,1133,391.666504,273.856323,1132.05725
210,503,1133,209.66478,506.875214,1132.05786
210,378,1168,209.648758,381.870758,1167.06372
117,442,1140,117.265305,467.495178,1139.03589
210,378,1168,210.250793,403.434235,1167.03198
112,557,1134,112.255348,582.541992,1133.0332
-21,670,1085,-20.7798405,676.764587,1084.02454
-44,557,1097,-43.7798424,563.760254,1096.02454
112,557,1134,112.21833,563.766785,1133.02417
91,558,1390,90.6316528,564.434509,1390.92969
97,442,1373,96.6356888,448.430878,1373.93127
-104,557,1315,-104.367348,563.444458,1315.93005
575,288,788,575.587585,301.273865,788.809143
625,133,737,625.586426,146.290817,737.809998
567,139,780,567.586853,152.285736,780.809692
940,340,-4,940.99408,384.39151,-3.89134598
939,287,-6,939.99408,331.426941,-5.89134598
923,219,138,923.99408,263.48587,138.108536
-957,156,4,-957.999084,167.340637,4.04175472
-966,300,152,-966.999084,311.363617,152.042328
-953,150,148,-953.999084,161.352753,148.042435
433,311,-400,432.759613,312.682434,-399.029327
425,200,-470,424.756439,201.682831,-469.030121
94,334,-470,93.7635803,335.691467,-469.028351
425,200,-470,424.704956,201.402771,-469.044525
143,190,-562,142.707413,191.393539,-561.043762
94,334,-470,93.711937,335.391083,-469.042389
425,200,-470,424.704956,202.854111,-469.044525
383,73,-530,382.703064,75.8554077,-529.045105
143,190,-562,142.705963,192.862686,-561.04425
245,48,-557,244.817886,57.8687935,-556.016724
87,32,-589,86.7976303,41.8686714,-588.020691
143,190,-562,142.807678,199.868713,-561.018677
410,417,-303,409.736176,418.062988,-302.035431
433,311,-400,432.737183,312.064789,-399.035156
94,334,-470,93.7439957,335.063202,-469.033325
289,525,-269,288.660858,526.510498,-268.059265
410,417,-303,409.66037,418.507263,-302.059448
94,334,-470,93.6615372,335.511597,-469.059021
148,592,-285,147.620377,593.730896,-284.07486
289,525,-269,288.608337,526.731079,-268.079895
94,334,-470,93.6109238,335.725006,-469.078796
-437,311,-400,-436.748413,312.40686,-399.032166
-94,334,-470,-93.7676773,335.408905,-469.027374
-143,190,-562,-142.751495,191.409485,-561.031372
-287,522,-270,-286.613251,523.74762,-269.07782
-147,592,-286,-146.613251,593.745422,-285.07782
-94,334,-470,-93.6107635,335.751709,-469.078888
-94,334,-470,-93.6409531,335.585541,-469.066681
-376,454,-282,-375.644073,455.579102,-281.065491
-287,522,-270,-286.643585,523.579346,-269.065674
-94,334,-470,-93.7327423,335.137787,-469.036377
-413,399,-322,-412.736298,400.145081,-321.0354
-376,454,-282,-375.736176,455.145416,-281.035431
-94,334,-470,-93.7437668,335.085938,-469.033386
-437,311,-400,-436.736176,312.077667,-399.035431
-413,399,-322,-412.736176,400.076691,-321.035431
-143,190,-562,-142.68779,191.955536,-561.049988
-399,92,-530,-398.684753,93.9518051,-529.051025
-437,311,-400,-436.704895,312.955811,-399.044556
-41,32,-603,-41.0425262,35.8181076,-602.000916
-143,190,-562,-143.042267,193.824951,-561.000916
143,190,-562,142.95723,193.824951,-561.000916
-41,32,-603,-41.1156807,39.6664696,-602.006714
143,190,-562,142.891357,197.671021,-561.00592
87,32,-589,86.8837967,39.6744385,-588.006775
-143,190,-562,-143.042267,191.556366,-561.000916
-94,334,-470,-94.0415268,335.561646,-469.000885
94,334,-470,93.9579391,335.561646,-469.000885
-143,190,-562,-143.042267,191.556366,-561.000916
94,334,-470,93.9579391,335.561646,-469.000885
143,190,-562,142.95723,191.556366,-561.000916
-94,334,-470,-94.0415268,335.512817,-469.000885
0,616,-283,-0.0420093127,617.504944,-282.000885
94,334,-470,93.9579391,335.512817,-469.000885
-94,334,-470,-93.8997803,335.443237,-469.005035
-147,592,-286,-146.910339,593.43457,-285.004028
0,616,-283,0.0869906768,617.435486,-282.003815
0,616,-283,-0.108009368,617.442017,-282.005859
148,592,-285,147.900391,593.441467,-284.004974
94,334,-470,93.9000778,335.44278,-469.005005
-41,32,-603,-40.7157173,46.689106,-602.04126
-239,46,-544,-238.71904,60.6678352,-543.040283
-143,190,-562,-142.71904,204.662537,-561.040283
383,73,-530,382.817749,83.8645096,-529.016785
245,48,-557,244.818542,58.8579254,-556.016602
143,190,-562,142.819214,200.834885,-561.016479
-432,299,-359,-431.011139,306.750122,-359.148834
-413,399,-322,-412.01181,406.739441,-322.153076
-437,311,-400,-436.010864,318.750244,-400.147003
215,519,-226,214.535767,520.548218,-226.885681
363,434,-241,362.535797,435.548706,-241.885727
289,525,-269,288.536407,526.548767,-269.886047
-351,446,-229,-350.112244,449.775452,-229.460312
-376,454,-282,-375.112335,457.775269,-282.46048
-413,399,-322,-412.112305,402.774902,-322.460419
-351,446,-229,-350.091095,448.724213,-229.416962
-413,399,-322,-412.091064,401.723419,-322.416931
-410,379,-298,-409.091156,381.723755,-298.417114
-410,379,-298,-409.023071,388.242798,-298.213562
-413,399,-322,-412.02298,408.242188,-322.213104
-432,299,-359,-431.022858,308.257263,-359.212463
-288,513,-252,-287.082092,514.119812,-252.396759
-287,522,-270,-286.082092,523.119751,-270.396759
-316,486,-256,-315.082092,487.120758,-256.396759
-287,522,-270,-286.253845,523.163574,-270.665771
-376,454,-282,-375.253754,455.162537,-282.665649
-316,486,-256,-315.253754,487.163269,-256.665649
-432,299,-359,-431.044098,310.030487,-358.706329
-399,92,-530,-398.046997,103.054047,-529.697083
-411,79,-495,-410.043945,90.0486908,-494.706818
289,525,-269,288.097168,526.156433,-269.429993
363,434,-241,362.097656,435.157593,-241.431015
410,417,-303,409.097534,418.157104,-303.430756
370,81,-523,369.797607,83.1859131,-522.020752
-1,39,-620,-1.20499039,41.1916046,-619.02124
-1,129,-578,-1.20499051,131.188126,-577.02124
-1,129,-578,-0.82911247,131.177185,-577.014709
-1,39,-620,-0.82911247,41.1745262,-619.014709
-384,128,-513,-383.830536,130.166916,-512.014465
239,145,-184,238.490585,310.694183,-184.860519
272,190,-204,271.490509,355.680145,-204.860474
205,185,-164,204.490509,350.917603,-164.860474
308,144,-179,308.477386,154.553604,-179.878677
343,185,-164,343.48645,195.560425,-164.873688
272,190,-204,272.478088,200.553497,-204.878311
272,134,-182,272.189209,136.593765,-182.981934
308,144,-179,308.189697,146.594421,-179.981842
272,190,-204,272.188965,192.591705,-204.981979
272,134,-182,271.935638,136.548355,-182.997925
272,190,-204,271.935638,192.547516,-204.997925
239,145,-184,238.922729,147.548599,-184.997009
299,168,-253,298.280334,169.955475,-252.305679
272,189,-265,271.281769,190.955383,-264.304199
272,245,-225,271.280029,246.954758,-224.306
299,168,-253,298.387634,170.00441,-252.209427
272,245,-225,271.387695,247.001923,-224.209381
329,289,-154,328.386719,291.001801,-153.210144
272,245,-225,272.63208,246.202072,-224.225098
233,280,-155,233.63208,281.204865,-154.225098
280,332,-138,280.6315,333.205139,-137.224625
272,189,-265,272.693939,190.952682,-264.279968
244,168,-253,244.693909,169.951523,-252.279938
272,245,-225,272.693939,246.954803,-224.279968
205,185,-164,205.899918,194.325577,-163.56395
206,234,-154,206.900009,243.330444,-153.564133
217,180,-190,217.899979,189.324142,-189.564072
272,189,-265,272.520752,194.068298,-264.146301
272,137,-277,272.520752,142.065796,-276.146301
244,168,-253,244.525833,173.066147,-252.149414
299,168,-253,298.464874,173.088104,-252.155228
272,137,-277,271.464996,142.088409,-276.155151
272,189,-265,271.464996,194.087143,-264.155151
272,137,-277,272.55719,144.718628,-276.169617
256,131,-267,256.558502,138.718689,-266.170502
244,168,-253,244.557419,175.715302,-252.169769
239,219,-222,239.85054,221.042648,-221.474091
206,234,-154,206.850311,236.044022,-153.473724
233,280,-155,233.84967,282.044647,-154.472687
272,245,-225,272.665924,246.317596,-224.253983
239,219,-222,239.665771,220.318665,-221.253845
233,280,-155,233.66571,281.316437,-154.253799
239,219,-222,239.868668,221.995865,-221.504608
222,191,-211,222.868668,193.99675,-210.504608
206,234,-154,206.868622,236.995682,-153.504532
301,75,-283,300.000946,76.8621597,-283.043274
301,75,-223,300.000946,76.8621597,-223.043274
315,49,-209,314.000946,50.8628197,-209.043274
301,75,-283,300.000946,76.8621597,-283.043274
315,49,-209,314.000946,50.8628197,-209.043274
315,49,-297,314.000946,50.8628197,-297.043274
301,75,-223,300.956543,76.8488312,-223.999054
244,75,-223,243.956528,76.8488312,-223.999054
231,49,-209,230.956528,50.8494644,-209.999054
301,75,-223,300.956543,76.8488312,-223.999054
231,49,-209,230.956528,50.8494644,-209.999054
315,49,-209,314.956543,50.8494644,-209.999054
244,75,-223,244.9991,77.0024948,-223.042267
244,75,-283,244.9991,77.0024948,-283.042267
231,49,-297,231.9991,51.0024681,-297.042267
244,75,-223,244.9991,77.0024948,-223.042267
231,49,-297,231.9991,51.0024681,-297.042267
231,49,-209,231.9991,51.0024681,-209.042267
244,75,-283,243.95723,76.8617706,-282.000916
301,75,-283,300.957245,76.8617706,-282.000916
315,49,-297,314.957245,50.8624344,-296.000916
244,75,-283,243.95723,76.8617706,-282.000916
315,49,-297,314.957245,50.8624344,-296.000916
231,49,-297,230.95723,50.8624344,-296.000916
-273,245,-225,-272.540192,247.029129,-224.111984
-301,168,-253,-300.5401,170.030579,-252.11203
-306,219,-222,-305.539734,221.029984,-221.112228
-301,168,-253,-300.180511,171.705444,-252.42691
-323,191,-211,-322.180511,194.703461,-210.42691
-306,219,-222,-305.180511,222.704941,-221.42691
-217,180,-190,-217.868668,186.46344,-189.504608
-206,234,-154,-206.865158,240.458984,-153.498505
-203,185,-164,-203.868668,191.462036,-163.504608
-217,180,-190,-217.901993,194.672638,-189.568253
-238,150,-239,-238.901932,164.673004,-238.56813
-246,168,-253,-246.902634,182.672226,-252.569595
-246,168,-253,-246.783905,170.241318,-252.37912
-233,280,-155,-233.782852,282.243011,-154.377792
-206,234,-154,-206.782852,236.241287,-153.377792
-246,168,-253,-246.573013,174.372574,-252.180466
-256,131,-267,-256.572998,137.371628,-266.18045
-272,137,-277,-272.572998,143.370056,-276.18045
-233,280,-155,-233.611267,281.090332,-154.208588
-273,245,-225,-273.611298,246.089432,-224.208603
-281,323,-142,-281.611267,324.089417,-141.208588
-308,144,-179,-308.486389,154.003571,-179.873718
-273,190,-204,-273.48642,200.00676,-204.873718
-343,185,-164,-343.486389,195.008133,-164.873718
-237,144,-179,-236.511627,155.244843,-179.872635
-203,185,-164,-202.511627,196.242813,-164.872635
-273,190,-204,-272.511902,201.241104,-204.872787
-273,134,-182,-272.810699,136.578751,-182.981918
-237,144,-179,-236.810303,146.579437,-179.981842
-273,190,-204,-272.809906,192.576721,-204.981766
-273,134,-182,-273.189301,136.584229,-182.981918
-273,190,-204,-273.188934,192.584045,-204.981979
-308,144,-179,-308.188904,146.583023,-179.981995
-246,168,-253,-246.699844,169.973923,-252.285706
-273,189,-265,-273.708374,190.973785,-264.294189
-273,245,-225,-273.719086,246.972961,-224.305084
-246,168,-253,-246.736359,169.994675,-252.32341
-273,245,-225,-273.735626,246.995956,-224.322617
-233,280,-155,-233.735275,281.99527,-154.322235
-273,245,-225,-272.581055,246.076019,-224.091995
-329,289,-154,-328.581085,290.075287,-153.09198
-281,323,-142,-280.581085,324.075653,-141.09198
-273,189,-265,-272.304138,190.935776,-264.28183
-301,168,-253,-300.304718,169.934677,-252.281265
-273,245,-225,-272.304077,246.937866,-224.281891
-246,168,-253,-246.901855,177.394958,-252.567963
-206,234,-154,-206.90184,243.384933,-153.567932
-217,180,-190,-217.901962,189.391266,-189.568192
-273,189,-265,-272.497437,194.334976,-264.135468
-272,137,-277,-271.497437,142.334579,-276.135468
-301,168,-253,-300.497437,173.335449,-252.135468
-246,168,-253,-246.533783,172.852982,-252.154388
-272,137,-277,-272.533783,141.852036,-276.154388
-273,189,-265,-273.533783,193.850677,-264.154388
-272,137,-277,-271.464233,144.096619,-276.15564
-289,131,-267,-288.464203,138.09549,-266.15567
-301,168,-253,-300.464203,175.094574,-252.155655
-306,219,-222,-305.224609,221.791443,-221.36853
-352,241,-153,-351.224609,243.793045,-152.36853
-329,289,-154,-328.224609,291.79068,-153.36853
-273,245,-225,-272.44104,246.606705,-224.170807
-306,219,-222,-305.444061,220.606445,-221.168777
-329,289,-154,-328.44104,290.604889,-153.170807
-306,219,-222,-305.208649,223.108932,-221.388641
-323,191,-211,-322.208649,195.107727,-210.388641
-352,241,-153,-351.208649,245.113022,-152.388641
-244,75,-283,-244.999054,77.0023956,-283.043274
-244,75,-223,-244.999054,77.0023956,-223.043274
-231,49,-209,-231.999054,51.0023994,-209.043274
-244,75,-283,-244.999054,77.0023956,-283.043274
-231,49,-209,-231.999054,51.0023994,-209.043274
-231,49,-297,-231.999054,51.0023994,-297.043274
-244,75,-223,-244.043274,76.8488312,-223.999054
-301,75,-223,-301.043274,76.8488312,-223.999054
-315,49,-209,-315.043274,50.8494644,-209.999054
-244,75,-223,-244.043274,76.8488312,-223.999054
-315,49,-209,-315.043274,50.8494644,-209.999054
-231,49,-209,-231.043274,50.8494644,-209.999054
-301,75,-223,-300.000916,76.8622208,-223.042267
-301,75,-283,-300.000916,76.8622208,-283.042267
-315,49,-297,-314.000916,50.8628845,-297.042267
-301,75,-223,-300.000916,76.8622208,-223.042267
-315,49,-297,-314.000916,50.8628845,-297.042267
-315,49,-209,-314.000916,50.8628845,-209.042267
-301,75,-283,-301.042267,76.8617706,-282.000916
-244,75,-283,-244.042267,76.8617706,-282.000916
-231,49,-297,-231.042267,50.8624344,-296.000916
-301,75,-283,-301.042267,76.8617706,-282.000916
-231,49,-297,-231.042267,50.8624344,-296.000916
-315,49,-297,-315.042267,50.8624344,-296.000916
0,-45,200,-0.344008446,2689.20972,199.061035
256,-275,107,255.654556,2452.05005,106.061562
440,-42,40,439.654175,2682.54321,39.0617027
487,-241,-46,486.121399,84.7399902,-46.4775276
512,-42,-93,511.121613,284.367554,-93.4779434
477,-41,-29,476.12146,285.070496,-29.4776649
477,-41,-29,476.1138,217.702011,-29.463295
440,-42,40,439.113922,216.741425,39.5364647
487,-241,-46,486.113495,16.9286175,-46.4627151
