-1859,187,-1989,-1859.74341,221.263992,-1988.33118
-1848,187,-1977,-1848.74341,221.263992,-1976.33118
-1842,128,-1973,-1842.74329,162.271027,-1972.33105
-1853,186,-1961,-1853.2002,212.015747,-1961.97974
-1869,186,-1958,-1869.2002,212.015747,-1958.97974
-1862,127,-1957,-1862.2002,152.997711,-1957.97974
-1853,65,-1949,-1852.18982,70.112793,-1949.58606
-1863,65,-1963,-1862.18982,70.1114731,-1963.58606
-1878,0,-1963,-1877.19019,5.10601234,-1963.58667
-1857,65,-1980,-1856.90137,73.6653976,-1979.00488
-1839,65,-1982,-1838.90137,73.6675186,-1981.00488
-1844,0,-1989,-1843.90137,8.67615128,-1988.00488
-1857,65,-1980,-1856.86719,73.6605988,-1979.00891
-1844,0,-1989,-1843.88379,8.66094685,-1988.00684
-1868,0,-1986,-1867.90039,8.65876484,-1985.005
-1839,65,-1982,-1839.78833,208.998032,-1981.38477
-1828,65,-1968,-1828.78833,208.998032,-1967.38477
-1829,0,-1970,-1829.78833,144.136566,-1969.38477
-1835,65,-1951,-1835.11523,81.5275879,-1951.99329
-1853,65,-1949,-1853.10645,81.5275879,-1949.99426
-1863,0,-1944,-1863.11523,16.5259743,-1944.99329
-1835,65,-1951,-1835.13086,82.5219421,-1951.99133
-1863,0,-1944,-1863.13086,17.5211811,-1944.99133
-1838,0,-1947,-1838.13086,17.5211811,-1947.99133
-1426,0,-2453,-1425.79858,6.53685999,-2453.97949
-1431,180,-2482,-1430.80334,186.529739,-2482.98047
-1605,115,-2507,-1604.80762,121.524033,-2507.9812
-1258,0,-2095,-1258.18652,2.72927904,-2094.01758
-1242,121,-2046,-1242.20508,123.732697,-2045.02136
-1210,1,-2085,-1210.20593,3.72793269,-2084.02148
-1225,0,-2591,-1225.81384,4.30273771,-2591.58105
-1324,173,-2518,-1324.83154,177.301239,-2518.55542
-1300,0,-2485,-1300.82458,4.30945539,-2485.56543
-1426,0,-2453,-1426.25391,4.45800114,-2453.96704
-1300,0,-2485,-1300.25391,4.45571899,-2485.96704
-1324,173,-2518,-1324.24316,177.449448,-2518.96997
-1324,173,-2518,-1324.32227,179.102234,-2518.94653
-1431,180,-2482,-1431.33911,186.111603,-2482.94067
-1426,0,-2453,-1426.33984,6.11863279,-2453.94043
-1496,0,-2025,-1495.29004,2.94948578,-2024.29578
-1587,0,-1930,-1586.29395,2.94796062,-1929.29187
-1552,128,-1904,-1551.2854,130.953201,-1903.30054
-1552,128,-1904,-1551.28235,131.051895,-1903.30371
-1466,120,-2000,-1465.28271,123.044243,-1999.30322
-1496,0,-2025,-1495.2666,3.05027246,-2024.32031
-1372,0,-2086,-1371.93762,2.36859632,-2085.00195
-1242,121,-2046,-1241.92517,123.370247,-2045.00281
-1258,0,-2095,-1257.92358,2.37210584,-2094.00293
-1324,173,-2518,-1324.995,174.862976,-2518.09863
-1225,0,-2591,-1225.995,1.86180341,-2591.09912
-1214,0,-2693,-1214.99512,1.85943544,-2693.09839
-1431,180,-2482,-1430.84277,193.779297,-2482.98755
-1566,205,-2507,-1565.84741,218.758057,-2507.98828
-1605,115,-2507,-1604.84766,128.761642,-2507.98828
-1019,128,-2039,-1018.82324,133.068207,-2038.01575
-943,130,-2053,-942.808289,135.071854,-2052.01855
-954,-2,-2078,-953.813354,3.08082008,-2077.01758
-1466,120,-2000,-1465.4082,123.049011,-1999.19397
-1421,121,-2034,-1420.4043,124.049889,-2033.1969
-1496,0,-2025,-1495.40173,3.04541206,-2024.19873
-1610,0,-1856,-1609.04883,3.03840733,-1855.69141
-1552,128,-1904,-1551.04858,131.044083,-1903.69214
-1587,0,-1930,-1586.04956,3.03840733,-1929.68921
-1214,0,-2693,-1214.93726,4.27257299,-2693.34839
-1205,118,-2795,-1205.93652,122.271637,-2795.35059
-1324,173,-2518,-1324.94019,177.277145,-2518.34058
-1605,115,-2507,-1604.73633,137.903229,-2507.9646
-1625,0,-2507,-1624.73633,22.9208298,-2507.9646
-1426,0,-2453,-1425.75879,22.8618107,-2453.97046
-1214,0,-2693,-1214.8335,2.45864654,-2693.55249
-1147,0,-2795,-1147.84021,2.45607662,-2795.54199
-1205,118,-2795,-1205.8335,120.454407,-2795.55249
-1279,920,-2241,-1279.50208,1004.99396,-2241.86475
-1175,960,-2301,-1175.50208,1045.0321,-2301.86475
-1245,960,-2261,-1245.50208,1045.0321,-2261.86475
-1141,920,-1439,-1141.50781,1083.30347,-1438.13855
-1279,920,-1519,-1279.5022,1083.28406,-1518.13525
-1245,960,-1499,-1245.50781,1123.37061,-1498.13855
-681,920,-2241,-680.509766,1003.7132,-2241.87158
-715,960,-2261,-714.509766,1043.75134,-2261.87158
-785,960,-2301,-784.509766,1043.75134,-2301.87158
-1004,935,-1615,-1004.50256,1006.21393,-1614.1355
-1065,960,-1650,-1065.50232,1031.23889,-1649.13538
-980,1000,-1600,-980.506958,1071.12183,-1599.13806
-1169,920,-2050,-1169.50195,981.813904,-2050.86475
-1135,960,-2070,-1135.4967,1021.81268,-2070.86792
-1196,935,-2035,-1196.50195,996.817139,-2035.86487
-1135,960,-2070,-1135.50684,991.520935,-2070.86182
-1065,960,-2110,-1065.50208,991.536682,-2110.86475
-980,1000,-2160,-980.507019,1031.52759,-2160.86182
-956,935,-2145,-955.503296,1002.08099,-2145.86792
-895,960,-2110,-894.51062,1027.11023,-2110.87207
-980,1000,-2160,-979.496155,1066.98889,-2160.86377
-740,1000,-2020,-739.50293,1107.573,-2020.86755
-980,1000,-2160,-979.496155,1107.16626,-2160.86377
-895,960,-2110,-894.496582,1067.34375,-2110.86401
-764,935,-2035,-763.503723,996.058838,-2035.86816
-825,960,-2070,-824.509766,1021.03949,-2070.87158
-791,920,-2050,-790.518555,981.04071,-2050.87646
-825,960,-1690,-824.503723,992.072083,-1689.13184
-895,960,-1650,-894.509766,992.079956,-1649.12842
-980,1000,-1600,-979.509766,1032.07092,-1599.12842
-1220,1000,-1740,-1220.50281,1113.55249,-1739.13562
-980,1000,-1600,-980.502319,1113.14563,-1599.13538
-1065,960,-1650,-1065.5022,1073.31641,-1649.13525
-1196,935,-1725,-1196.48914,995.85437,-1724.12781
-1135,960,-1690,-1135.50195,1020.82758,-1689.13513
-1169,920,-1710,-1169.49536,980.847412,-1709.13135
-980,1000,-1600,-979.509766,1070.35364,-1599.12842
-895,960,-1650,-894.503723,1030.48352,-1649.13184
-956,935,-1615,-955.497192,1005.45428,-1614.13562
-3080,1094,-1900,-3079.92383,1101.3999,-1900.99707
-3080,1194,-1913,-3079.92383,1201.4082,-1913.99707
-3202,1112,-1913,-3201.91187,1119.38977,-1913.99609
-3080,1094,-1900,-3079.92285,1102.86719,-1900.99695
-3202,1112,-1913,-3201.91187,1120.87097,-1913.99609
-3161,1031,-1900,-3160.91187,1039.87292,-1900.99609
-2952,1289,-1700,-2951.92358,1298.35645,-1700.99707
-3080,1397,-1723,-3079.92358,1406.37378,-1723.99707
-3080,1194,-1700,-3079.92358,1203.36584,-1700.99707
-3161,1031,-1900,-3160.95605,1038.13416,-1900.99902
-3202,1112,-1913,-3201.95703,1119.13489,-1913.99902
-3259,1000,-1900,-3258.95605,1007.1347,-1900.99902
-2962,955,-1900,-2961.93774,966.421387,-1900.99805
-2901,1000,-1900,-2900.93848,1011.42804,-1900.99805
-2958,1112,-1913,-2957.93848,1123.42456,-1913.99805
-2962,955,-1900,-2962.17505,967.242371,-1900.9845
-2958,1112,-1913,-2958.16895,1124.2179,-1913.9856
-2999,1031,-1900,-2999.1748,1043.22424,-1900.9845
-3080,1094,-1900,-3080.09839,1101.9939,-1900.99512
-2958,1112,-1913,-2958.09766,1119.98193,-1913.99512
-3080,1194,-1913,-3080.09839,1202.00232,-1913.99512
-3080,1194,-1700,-3080.0874,1202.76416,-1700.99609
-3080,1397,-1723,-3080.0874,1405.77209,-1723.99609
-3208,1289,-1700,-3208.0874,1297.75464,-1700.99609
-1204,-112,-196,-1204.63281,-62.3043785,-195.225708
-1194,-1600,-226,-1194.63293,-1550.8042,-225.2258
-1249,-111,-232,-1249.61621,-61.3396301,-231.212433
-1416,-112,-8,-1415.46582,-17.3387032,-8.84534645
-1429,-1599,2,-1428.4707,-1504.07214,1.15156341
-1373,-112,19,-1372.46887,-17.309206,18.15271
-1443,-112,-42,-1442.22278,-22.8137074,-42.6292038
-1429,-1599,2,-1428.2218,-1511.22253,1.37198138
-1416,-112,-8,-1415.22107,-22.780468,-8.62704372
-1851,-1600,-122,-1851.66614,-1437.11353,-121.254173
-1893,40,-147,-1893.677,202.267944,-146.264023
-1847,40,-105,-1847.6748,202.450668,-104.262009
-2040,-1600,-34,-2039.00098,-492.118317,-33.9558182
-2040,40,15,-2039.00098,1128.09888,15.0418806
-2038,40,-51,-2037.00085,1129.29883,-50.9586716
-1971,-1600,-133,-1970.55566,-868.55127,-132.104141
-2014,40,-109,-2013.56934,759.532349,-108.097488
-1958,40,-137,-1957.55566,759.66571,-136.104141
-1869,-1600,85,-1869.30176,-1446.36597,84.0466156
-1826,40,60,-1826.30176,192.196899,59.0466156
-1886,40,79,-1886.30176,192.275238,78.0466156
-1842,-1600,-234,-1841.00281,533.58374,-234.074493
-1840,20,-216,-1839.00281,2154.60083,-216.074493
-1843,20,-259,-1842.00195,2155.93433,-259.061829
-1814,-1600,-313,-1813.2959,-1294.83899,-312.289917
-1825,20,-294,-1824.2959,330.831024,-293.289917
-1795,20,-325,-1794.29492,330.681488,-324.290894
-1517,222,486,-1517.99902,224.010178,485.955841
-1478,145,490,-1478.99902,147.009216,489.955841
-1481,151,458,-1481.99902,153.009445,457.955841
-1517,222,486,-1517.92871,224.247589,486.370789
-1536,297,528,-1536.9314,299.245087,528.363953
-1505,221,515,-1505.93127,223.248001,515.364258
-2190,506,-254,-2189.00098,507.57431,-254.042267
-2123,608,-195,-2122.00098,609.57074,-195.042267
-2116,620,-242,-2115.00098,621.570862,-242.042267
-2068,625,-319,-2067.80469,626.664978,-318.019287
-2023,617,-333,-2022.80469,618.664307,-332.019287
-2096,525,-375,-2095.80469,526.666626,-374.019287
-1531,542,-506,-1531.81689,543.535034,-506.576782
-1553,548,-481,-1553.82654,549.534851,-481.562805
-1521,447,-416,-1521.82678,448.537811,-416.562469
-1601,346,-281,-1600.02222,350.97113,-281.209534
-1610,349,-328,-1609.02222,353.971191,-328.209534
-1606,322,-281,-1605.02222,326.973083,-281.209534
-1601,346,-281,-1600.10107,347.429993,-281.438049
-1578,366,-264,-1577.1001,367.430267,-264.436035
-1596,367,-304,-1595.09814,368.430542,-304.432007
-1601,346,-281,-1600.86523,383.943573,-280.009125
-1606,322,-281,-1605.87305,359.939697,-280.008118
-1636,327,-277,-1635.86523,364.94986,-276.009125
-1619,398,-162,-1619.44238,399.165985,-162.89682
-1502,282,-109,-1502.47791,283.16449,-109.878387
-1595,409,-185,-1595.45886,410.16626,-185.888504
-1511,186,-76,-1510.87439,188.797119,-76.9920731
-1502,282,-109,-1501.87415,284.791901,-109.992043
-1545,250,-103,-1544.87427,252.792709,-103.992058
-1475,305,-216,-1475.9989,308.442657,-216.044266
-1472,294,-179,-1472.99902,297.442322,-179.042267
-1467,277,-219,-1467.99902,280.443054,-219.042267
-907,113,-210,-907.10022,114.839165,-209.005035
-994,117,-217,-994.100525,118.839165,-216.005066
-912,180,-174,-912.10022,181.839233,-173.005035
-1092,117,-235,-1091.00061,365.607178,-234.965729
-1093,180,-61,-1092.00037,428.96402,-60.9729424
-1092,180,-200,-1091.00061,428.658661,-199.966736
-994,117,-217,-994.182678,118.863037,-216.01683
-1092,117,-235,-1092.18298,118.866348,-234.016891
-1092,180,-200,-1092.18335,181.865021,-199.016953
-994,117,-217,-994.182678,118.809349,-216.01683
-1092,180,-200,-1092.18286,181.805313,-199.016876
-1004,180,-184,-1004.18268,181.807877,-183.01683
-916,180,-33,-915.696716,181.713318,-33.9528999
-1012,118,-25,-1011.69635,119.717033,-25.952776
-916,114,8,-915.697205,115.714943,7.04694462
-1093,118,-25,-1093.04297,119.671288,-25.9990749
-1012,118,-25,-1012.04297,119.671288,-25.9990749
-1012,180,-62,-1012.04297,181.669189,-62.9990616
-1093,118,-25,-1093.04297,119.730659,-25.999073
-1012,180,-62,-1012.04297,181.728149,-62.9990616
-1093,180,-61,-1093.04297,181.729065,-61.9990578
-1582,-49,-660,-1582.99902,-46.3336601,-660.042969
-1582,-49,-799,-1582.99902,-46.3336601,-799.042969
-1600,0,-799,-1600.99902,2.66422534,-799.042969
-1582,-49,-660,-1582.99902,-46.3336601,-660.042969
-1600,0,-799,-1600.99902,2.66422534,-799.042969
-1600,0,-660,-1600.99902,2.66422534,-660.042969
-1791,-49,-799,-1790.00085,-47.4205017,-798.958984
-1791,-48,-660,-1790.00073,-46.4194641,-659.962891
-1760,0,-660,-1759.00073,1.57929587,-659.962891
-1791,-49,-799,-1790.00098,-47.4508018,-799.042969
-1760,0,-660,-1759.00098,1.54867125,-660.042969
-1760,0,-799,-1759.00098,1.54867125,-799.042969
-1760,120,-799,-1759.95874,576.252686,-799.999146
-1720,160,-799,-1719.96021,616.278503,-799.999207
-1880,440,-800,-1879.95593,898.999573,-800.999023
-1120,440,-800,-1120.04297,1240.15723,-800.999023
-1640,160,-799,-1640.04297,960.946289,-799.999023
-1600,120,-799,-1600.04297,920.94751,-799.999023
-1720,160,-799,-1720.04297,441.251495,-799.999023
-1640,160,-799,-1640.04297,441.251495,-799.999023
-1120,440,-800,-1120.04297,721.31134,-800.999023
-1720,160,-799,-1720.04297,441.251495,-799.999023
-1120,440,-800,-1120.04297,721.31134,-800.999023
-1880,440,-800,-1880.04297,721.31134,-800.999023
-1433,723,-323,-1433.54919,726.422485,-323.835693
-1323,710,-391,-1323.56152,713.421692,-391.827454
-1327,735,-397,-1327.56213,738.421448,-397.827026
-1156,746,-380,-1156.49707,747.851562,-380.867676
-1017,747,-460,-1017.48828,748.851807,-460.872681
-1033,800,-484,-1033.50586,801.851318,-484.862579
-1156,746,-380,-1156.52844,748.221802,-380.848969
-1033,800,-484,-1033.53223,802.220703,-484.846497
-1165,800,-403,-1165.51758,802.222229,-403.855621
-1017,747,-460,-1017.67578,749.274719,-460.73703
-887,729,-567,-887.666992,731.274658,-567.745056
-909,800,-589,-909.667603,802.273071,-589.744507
-1017,747,-460,-1017.65442,748.882019,-460.756104
-909,800,-589,-909.651367,801.878479,-589.758667
-1033,800,-484,-1033.64258,801.882629,-484.766144
-1306,756,-560,-1306.47974,758.34845,-559.12262
-1439,800,-610,-1439.47986,802.3526,-609.122681
-1311,800,-541,-1311.47949,802.3479,-540.122498
-1022,800,-703,-1021.21014,802.612732,-702.386719
-1111,756,-615,-1110.21021,758.613708,-614.386658
-1100,800,-601,-1099.21033,802.614014,-600.386475
-1111,756,-615,-1110.53455,758.423584,-614.114929
-1216,756,-559,-1215.53125,758.422302,-558.116699
-1209,800,-542,-1208.53516,802.420654,-541.114624
-1111,756,-615,-1110.51855,758.495361,-614.123535
-1209,800,-542,-1208.53149,802.49353,-541.116577
-1100,800,-601,-1099.53125,802.493347,-600.116699
-1342,710,-393,-1341.85168,712.53479,-393.988922
-1156,746,-380,-1155.86523,748.536011,-380.990875
-1165,800,-403,-1164.86523,802.537231,-403.990845
-2123,608,-195,-2122.00391,612.052429,-194.911713
-2103,694,-181,-2102.00391,698.050049,-180.911713
-2116,620,-242,-2115.00391,624.052551,-241.912354
-2103,694,-281,-2102.33032,710.487061,-280.257355
-2065,694,-316,-2064.32129,710.491028,-315.265625
-2068,625,-319,-2067.32153,641.481689,-318.265381
-1565,731,-531,-1565.93616,735.659302,-531.35144
-1544,662,-544,-1544.9364,666.655457,-544.350891
-1549,731,-574,-1549.9364,735.657593,-574.350891
-1789,620,-337,-1789.23486,621.369934,-337.972015
-1801,556,-287,-1801.23438,557.368286,-287.972107
-1766,566,-303,-1766.23438,567.369385,-303.972107
-2103,694,-181,-2102.50977,790.510376,-181.871582
-2016,694,-131,-2015.50098,790.401184,-131.866547
-2012,800,-130,-2011.50098,896.426636,-130.866577
-2114,694,-233,-2113.02051,720.643066,-233.20137
-2103,694,-181,-2102.02051,720.636414,-181.201187
-2110,800,-233,-2109.02222,826.634827,-233.209442
-2065,694,-316,-2064.33032,732.388672,-315.257355
-2103,694,-281,-2102.32129,732.379089,-280.265625
-2061,800,-316,-2060.32129,838.440369,-315.265625
-1837,738,-350,-1837.5675,783.774109,-350.823303
-1795,800,-381,-1795.5675,845.775085,-381.823334
-1835,800,-353,-1835.57056,845.740479,-353.821198
-1583,800,-549,-1583.92053,803.210693,-549.390564
-1549,731,-574,-1549.9176,734.212891,-574.397461
-1563,800,-595,-1563.9176,803.209473,-595.397461
-1583,800,-549,-1583.38965,802.990356,-549.920959
-1607,732,-514,-1607.38892,734.989807,-514.921265
-1565,731,-531,-1565.38867,733.989136,-531.921265
-909,800,-589,-908.285034,1072.56311,-589.699158
-1022,800,-703,-1021.28497,1072.68811,-703.699097
-1120,440,-800,-1119.29004,713.865723,-800.704224
-1692,-1600,-563,-1692.0437,2177.37793,-562.000977
-1722,20,-564,-1722.04407,3737.33032,-563.000977
-1680,20,-562,-1680.04407,3735.33057,-561.000977
-1645,-1600,-498,-1645.98315,-1056.68909,-497.817688
-1653,20,-524,-1653.9823,551.52417,-523.812744
-1645,20,-482,-1645.98328,551.458557,-481.817902
-1671,-1600,-418,-1671.59302,-1361.70654,-418.805176
-1655,20,-438,-1655.59277,262.688293,-438.805298
-1696,20,-408,-1696.59277,262.599396,-408.805267
-1763,-1600,-412,-1763.06177,2890.48315,-412.998077
-1671,-1600,-418,-1671.06177,2896.7688,-418.998077
-1738,20,-414,-1738.06165,4618.43066,-414.998077
-1763,-1600,-412,-1762.88098,-1288.40125,-412.992889
-1738,20,-414,-1737.88098,337.608521,-414.992889
-1779,20,-419,-1778.88123,337.44516,-419.99292
-1812,-1600,-475,-1811.01062,-1362.58704,-475.145203
-1802,20,-454,-1801.01062,259.220673,-454.144989
-1808,20,-496,-1807.01062,259.277802,-496.144989
-1781,-1600,-559,-1780.2843,-1357.0929,-558.301636
-1793,20,-537,-1792.28516,268.708221,-536.30072
-1765,20,-566,-1764.28516,268.529114,-565.30072
-1947,40,99,-1947.30481,185.985229,98.0475922
-1869,-1600,85,-1869.30298,-1451.89661,84.0470047
-1886,40,79,-1886.30249,186.03978,78.0468521
-1801,40,-63,-1801.67603,202.653717,-62.2631226
-1851,-1600,-122,-1851.66614,-1437.11353,-121.254173
-1847,40,-105,-1847.6748,202.450668,-104.262009
-1766,-1600,321,-1766.97546,1107.63281,320.779846
-1745,-1600,232,-1745.97534,1108.63281,231.77948
-1756,60,276,-1756.97437,2750.58276,275.775452
-1500,-123,453,-1500.64282,-118.285599,452.234009
-1458,-119,417,-1458.64294,-114.281845,416.2341
-1558,80,446,-1558.64331,84.7216263,445.234406
-1558,80,446,-1558.54919,86.6007843,445.164307
-1458,-119,417,-1458.54822,-112.417252,416.163666
-1420,80,355,-1420.54858,86.585434,354.16391
-1558,-1600,446,-1557.88086,627.714172,445.007141
-1500,-123,453,-1499.88086,2056.20386,452.007141
-1553,-121,446,-1552.87305,2057.93726,445.008118
-1558,-1600,446,-1557.6803,-671.408081,445.05249
-1553,-121,446,-1552.67969,808.718201,445.052704
-1622,-119,423,-1621.67993,810.71814,422.052612
-1672,-1600,388,-1671.2981,-1439.74451,387.28775
-1622,-119,423,-1621.3125,41.3641205,422.273834
-1673,-119,374,-1672.31152,41.4602737,373.27475
-1672,-1600,388,-1671.00769,-1180.40845,388.123627
-1660,-119,313,-1659.00671,294.213257,313.115417
-1658,-1600,262,-1657.00574,-1179.71704,262.106781
-1658,-1600,262,-1657.02429,-1446.06323,262.218719
-1660,-119,313,-1659.02429,37.5598297,313.218964
-1646,-119,251,-1645.02429,37.6378746,251.218903
-1522,-1600,213,-1522.59668,2108.82446,213.802475
-1470,-119,252,-1470.59668,3571.89111,252.802475
-1418,-1600,290,-1418.60742,2108.38013,290.794342
-1576,294,568,-1576.38977,573.9151,567.079102
-1545,219,555,-1545.40247,499.143463,554.084595
-1517,219,543,-1517.40234,499.213013,542.084534
-1517,219,543,-1517.92798,222.348328,542.62738
-1536,297,528,-1536.92542,300.350433,527.621094
-1547,296,556,-1547.92944,299.351227,555.631042
-1615,368,503,-1615.04199,385.201324,503.999115
-1585,368,504,-1585.04199,385.197174,504.999115
-1604,294,499,-1604.04199,311.194244,499.999054
-1558,368,503,-1557.95605,383.936493,503.999023
-1574,296,499,-1573.95728,311.925232,499.999084
-1585,368,504,-1584.95605,383.940308,504.999023
-1536,297,528,-1536.92566,303.661072,528.378357
-1558,368,503,-1558.92053,374.66095,503.390656
-1546,368,532,-1546.92542,374.661743,532.378845
-1558,368,560,-1558.92053,377.348145,559.609375
-1536,297,528,-1536.92053,306.354034,527.609375
-1546,368,532,-1546.92078,377.348145,531.609924
-1558,368,560,-1558.40259,647.105225,559.084656
-1586,368,572,-1586.39551,647.053528,571.081543
-1576,294,568,-1576.38977,572.900635,567.079102
-1544,223,486,-1544.04199,228.500153,486.999115
-1574,296,499,-1574.04199,301.496033,499.999115
-1517,222,486,-1517.04199,227.500015,486.999115
-1560,151,472,-1559.81641,153.852539,472.983002
-1520,151,465,-1519.81592,153.851074,465.98291
-1558,80,446,-1557.82141,82.8562927,446.983917
-1481,151,458,-1480.81641,154.288574,458.983002
-1520,151,465,-1519.81543,154.287231,465.982819
-1517,222,486,-1516.81726,225.285065,486.983154
-1507,80,434,-1506.81543,82.4719086,434.982819
-1520,151,465,-1519.81592,153.473633,465.98291
-1481,151,458,-1480.81543,153.474945,458.982819
-1560,151,472,-1559.81641,155.295395,472.983002
-1544,223,486,-1543.82727,227.293472,486.984955
-1520,151,465,-1519.81641,155.296417,465.983002
-1573,222,486,-1572.95947,227.829819,486.999176
-1574,296,499,-1573.95947,301.829163,499.999176
-1544,223,486,-1543.96021,228.82785,486.999207
-1505,221,515,-1505.91101,224.314011,514.587646
-1536,297,528,-1536.91064,300.311279,527.586914
-1517,219,543,-1517.91455,222.313644,542.595703
-1492,144,520,-1492.90479,149.609314,519.574219
-1478,145,490,-1478.90186,150.610489,489.567993
-1505,221,515,-1505.90491,226.60611,514.574402
-1463,69,453,-1463.99902,73.4025116,453.042206
-1481,151,458,-1481.99902,155.401413,458.041412
-1478,145,490,-1478.99902,149.402435,490.042847
-1507,80,434,-1506.66333,82.2671585,434.94162
-1481,151,458,-1480.65576,153.268021,458.938873
-1458,80,417,-1457.65894,82.2672348,417.940033
-1458,80,417,-1458.98132,85.0089035,416.807678
-1481,151,458,-1481.98132,156.010574,457.807678
-1463,69,453,-1463.98132,74.0090866,452.807678
-1560,151,472,-1559.95874,156.17012,472.999146
-1573,222,486,-1572.95874,227.166687,486.999146
-1544,223,486,-1543.95947,228.165543,486.999176
-1492,144,520,-1492.91809,149.468155,519.603638
-1505,221,515,-1505.9176,226.462021,514.602539
-1517,219,543,-1517.9176,224.460022,542.602539
-1573,222,486,-1572.95801,227.639069,486.999115
-1604,294,499,-1603.95728,299.640747,499.999084
-1574,296,499,-1573.95801,301.642975,499.999115
-1517,222,486,-1516.96106,227.961868,486.999237
-1574,296,499,-1573.95874,301.961609,499.999146
-1547,297,499,-1546.95947,302.960114,499.999176
-1517,222,486,-1517.93616,224.293411,486.351227
-1547,297,499,-1547.93945,299.296173,499.342651
-1536,297,528,-1536.9364,299.297394,528.350891
-1536,297,528,-1536.93616,303.029968,528.35144
-1547,297,499,-1547.93616,303.030731,499.35141
-1558,368,503,-1558.93433,374.035492,503.356232
-1547,297,499,-1546.95947,314.765625,499.999176
-1574,296,499,-1573.95874,313.763489,499.999146
-1558,368,503,-1557.95947,385.750916,503.999176
-1558,368,560,-1558.38867,512.218079,559.078674
-1576,294,568,-1576.37695,438.368134,567.073792
-1547,296,556,-1547.37744,440.324615,555.073975
-1547,296,556,-1547.92737,304.198303,555.625977
-1536,297,528,-1536.92932,305.198792,527.630859
-1558,368,560,-1558.93127,376.206238,559.635742
-1558,80,446,-1557.77637,82.6371231,446.97467
-1520,151,465,-1519.77637,153.633423,465.97467
-1507,80,434,-1506.77637,82.6361008,434.97467
-1517,222,486,-1517.04199,225.449371,486.999115
-1520,151,465,-1520.04199,154.450241,465.999115
-1544,223,486,-1544.04199,226.450302,486.999115
-1505,221,515,-1505.93127,223.248123,515.364136
-1478,145,490,-1478.93286,147.250153,490.360229
-1517,222,486,-1517.93042,224.24884,486.366486
-1604,294,499,-1603.96179,308.545532,499.999268
-1585,368,504,-1584.96106,382.555298,504.999237
-1574,296,499,-1573.96179,310.548584,499.999268
-1249,9,-232,-1249.04199,81.6280365,-231.000885
-1331,141,-232,-1331.04199,213.69812,-231.000885
-1241,141,-230,-1241.04199,213.68042,-229.000885
-1502,282,-109,-1502.79224,283.592316,-109.610138
-1453,217,-105,-1453.79224,218.592148,-105.610023
-1486,292,-140,-1486.79224,293.592712,-140.610199
-1472,294,-179,-1472.9364,296.138733,-179.350891
-1486,292,-140,-1486.93481,294.138214,-140.355087
-1445,218,-152,-1445.93433,220.139587,-152.356216
-1472,294,-179,-1472.99902,297.086151,-178.955826
-1445,209,-198,-1445.99915,212.083633,-197.958679
-1467,277,-219,-1467.99939,280.085571,-218.965729
-1445,209,-198,-1445.91162,215.151321,-197.589081
-1479,255,-254,-1479.91199,261.151428,-253.589783
-1467,277,-219,-1467.91223,283.152222,-218.590332
-1566,144,-120,-1565.28137,203.108124,-120.695282
-1566,227,-122,-1565.28918,286.038452,-122.703278
-1586,204,-142,-1585.29712,263.055481,-142.711243
-1429,141,2,-1429.9989,142.863876,1.95504463
-1426,141,-70,-1426.99902,142.861786,-70.0426331
-1464,212,-58,-1464.99902,213.860474,-58.0429993
-1424,141,-124,-1424.99902,143.670395,-124.043709
-1453,217,-105,-1453.99902,219.670532,-105.043419
-1426,141,-70,-1426.99902,143.66864,-70.0436096
-1445,209,-198,-1445.99902,212.927124,-197.955826
-1445,218,-152,-1445.99902,221.926361,-151.956665
-1424,141,-124,-1424.99902,144.931183,-123.955818
-1420,141,-228,-1420.99951,143.688797,-227.969757
-1444,206,-234,-1444.99988,208.69017,-233.990906
-1445,209,-198,-1445.99976,211.689194,-197.99292
-1420,141,-228,-1420.40845,156.260315,-227.087219
-1481,170,-253,-1481.40845,185.264572,-252.087219
-1444,206,-234,-1444.40845,221.267212,-233.087219
-1520,91,-63,-1519.28223,102.188354,-63.6962585
-1538,163,-91,-1537.27942,174.183365,-91.6932755
-1560,76,-103,-1559.27942,87.1783295,-103.693268
-1468,111,-37,-1467.4873,115.734016,-37.8585358
-1538,163,-91,-1537.4873,167.728516,-91.8585663
-1520,91,-63,-1519.4873,95.7283096,-63.8585434
-1429,141,2,-1428.23254,147.065399,1.35889852
-1464,212,-58,-1463.23376,218.069656,-58.6425323
-1468,111,-37,-1467.24023,117.059517,-37.6501923
-1523,352,-197,-1523.92834,353.090027,-197.371445
-1486,292,-140,-1486.92651,293.088806,-140.376251
-1472,294,-179,-1472.92639,295.088837,-179.376389
-1523,352,-197,-1523.99915,353.152283,-196.958679
-1472,294,-179,-1472.99963,295.152374,-178.972946
-1510,337,-225,-1510.99902,338.152161,-224.956665
-1578,366,-264,-1578.82166,368.620178,-263.430023
-1579,395,-246,-1579.81677,397.62088,-245.42305
-1523,352,-197,-1523.81677,354.61676,-196.42305
-1579,395,-246,-1579.94202,396.154572,-245.664612
-1581,410,-214,-1581.94202,411.153809,-213.664612
-1523,352,-197,-1523.94714,353.155579,-196.679199
-1523,352,-197,-1523.84119,353.069366,-197.540634
-1595,409,-185,-1595.84119,410.070068,-185.540634
-1502,282,-109,-1502.83826,283.066162,-109.545158
-1489,369,-318,-1489.98132,374.997955,-317.807648
-1522,425,-441,-1522.98315,430.994049,-440.817688
-1521,447,-416,-1521.98328,452.996674,-415.817902
-1483,348,-344,-1483.99902,351.626862,-344.042511
-1475,305,-216,-1475.99902,308.619629,-216.042465
-1467,277,-219,-1467.99902,280.617798,-219.042267
-1625,456,-378,-1624.35547,457.035645,-378.764465
-1596,467,-367,-1595.35046,468.036224,-367.760284
-1646,537,-498,-1645.35547,538.039368,-498.764557
-1619,398,-162,-1618.88965,400.873474,-162.993881
-1545,250,-103,-1544.87451,252.881165,-103.992088
-1502,282,-109,-1501.87427,284.881836,-109.992058
-1736,544,-398,-1736.94629,546.084412,-397.676697
-1664,473,-288,-1664.95581,475.084137,-287.706024
-1668,463,-316,-1668.95483,465.08316,-315.702881
-1741,568,-331,-1741.99402,569.204285,-331.107361
-1676,482,-250,-1676.995,483.201385,-250.099335
-1664,473,-288,-1664.99414,474.201538,-288.107605
-1668,463,-316,-1668.92871,464.461182,-315.629211
-1664,473,-288,-1664.93262,474.461731,-287.63916
-1578,366,-264,-1578.93274,367.464691,-263.639465
-1688,442,-340,-1688.66931,446.5065,-339.257019
-1668,463,-316,-1668.66919,467.508881,-315.256927
-1578,366,-264,-1578.66113,370.514557,-263.249756
-1731,461,-211,-1730.63281,463.099335,-211.93013
-1801,556,-287,-1800.63367,558.102295,-287.930481
-1767,437,-213,-1766.63281,439.098511,-213.930145
-1767,437,-213,-1766.73645,440.420746,-213.964645
-1619,398,-162,-1618.7334,401.411285,-162.963806
-1731,461,-211,-1730.73401,464.418762,-211.963974
-1801,556,-287,-1801.17773,556.996765,-287.984009
-1700,476,-225,-1700.17188,476.99884,-225.985092
-1766,566,-303,-1766.17773,566.996948,-303.984009
-1731,461,-211,-1731.04297,462.191925,-211.999054
-1619,398,-162,-1619.04297,399.190918,-162.999054
-1700,476,-225,-1700.04297,477.191803,-225.999069
-1795,800,-381,-1795.86877,845.720642,-381.495178
-1775,736,-413,-1775.87292,781.745178,-413.487854
-1772,800,-421,-1772.86853,845.74884,-421.495422
-1888,800,-343,-1888.18872,823.924927,-343.982025
-1837,738,-350,-1837.18848,761.931213,-350.982056
-1835,800,-353,-1835.18884,823.924927,-353.981995
-1827,614,-320,-1826.78516,616.236694,-320.976624
-1840,537,-287,-1839.7854,539.237732,-287.976685
-1801,556,-287,-1800.78552,558.236572,-287.976715
-1775,736,-413,-1775.81677,739.549866,-413.576935
-1795,678,-357,-1795.81677,681.548523,-357.576904
-1770,674,-390,-1770.82166,677.549072,-390.569824
-1775,736,-413,-1775.99109,743.849243,-413.132599
-1770,674,-390,-1770.99109,681.841797,-390.132874
-1763,666,-432,-1763.99109,673.842041,-432.132477
-1789,620,-337,-1789.73352,621.329468,-337.679657
-1766,566,-303,-1766.73364,567.3302,-303.679474
-1741,568,-331,-1741.73059,569.330688,-331.682648
-1762,618,-365,-1762.99109,620.133667,-365.132721
-1732,556,-370,-1732.99133,558.132385,-370.131256
-1752,608,-405,-1752.99109,610.133728,-405.132507
-1795,678,-357,-1795.82166,681.542114,-357.569824
-1789,620,-337,-1789.81689,623.541443,-337.576782
-1770,674,-390,-1770.81677,677.542236,-390.576935
-1834,678,-336,-1834.47363,680.895325,-336.880646
-1789,620,-337,-1789.474,622.895264,-337.880524
-1795,678,-357,-1795.47363,680.893494,-357.880676
-1834,678,-336,-1833.922,682.174744,-336.996948
-1871,601,-320,-1870.92273,605.176941,-320.997009
-1827,614,-320,-1826.922,618.175659,-320.996948
-1736,544,-398,-1736.97449,548.550659,-397.775574
-1752,608,-405,-1752.97534,612.548706,-404.779419
-1732,556,-370,-1732.97534,560.551453,-369.779419
-1797,738,-376,-1797.474,741.488403,-376.880524
-1834,678,-336,-1834.47461,681.489807,-336.880188
-1795,678,-357,-1795.47363,681.487244,-357.880707
-1887,736,-342,-1887.04346,742.992249,-342.999054
-1882,673,-333,-1882.04309,679.993958,-333.999054
-1834,678,-336,-1834.04321,684.98877,-336.999054
-1911,663,-362,-1910.29785,686.226379,-362.712006
-1882,673,-333,-1881.29724,696.230347,-333.711426
-1887,736,-342,-1886.29785,759.247498,-342.711975
-1763,666,-432,-1763.88037,681.668457,-431.525726
-1783,658,-469,-1783.88037,673.661011,-468.525726
-1802,728,-494,-1802.88037,743.665588,-493.525726
-1763,666,-432,-1763.99402,670.184448,-432.108734
-1770,674,-390,-1770.99414,678.186279,-390.10791
-1752,608,-405,-1752.995,612.183411,-405.099518
-1522,525,-534,-1522.97937,530.28241,-534.201599
-1531,542,-506,-1531.98035,547.281921,-506.196869
-1522,425,-441,-1522.97949,430.294098,-441.201477
-1646,441,-399,-1645.13025,470.802124,-399.493439
-1610,349,-328,-1609.13025,378.868591,-328.493439
-1596,367,-304,-1595.13049,396.879272,-304.493744
-1596,367,-304,-1595.48096,368.918549,-304.854706
-1596,467,-367,-1595.48096,468.922302,-367.854706
-1625,456,-378,-1624.48047,457.922943,-378.854431
-1573,381,-288,-1573.26587,382.079651,-288.963989
-1563,466,-375,-1563.26599,467.080322,-375.963959
-1596,467,-367,-1596.26562,468.080902,-367.963989
-1521,447,-416,-1521.98523,448.625183,-416.17099
-1534,460,-389,-1534.98523,461.62616,-389.170807
-1489,369,-318,-1489.98328,370.627777,-318.181854
-1646,441,-399,-1645.0437,444.415588,-399.292236
-1646,537,-498,-1645.0437,540.414368,-498.292328
-1659,525,-529,-1658.0437,528.413879,-529.292297
-1596,367,-304,-1595.20642,371.002106,-304.608398
-1625,456,-378,-1624.21143,460.004791,-378.614929
-1646,441,-399,-1645.21021,445.005615,-399.613281
-1565,731,-531,-1565.37878,738.99469,-531.925476
-1607,732,-514,-1607.37695,739.992188,-514.926208
-1609,664,-504,-1609.37988,671.993286,-504.924988
-1607,732,-514,-1607.08704,738.862915,-514.996155
-1654,732,-510,-1654.08789,738.860779,-510.996094
-1609,664,-504,-1609.08789,670.858582,-504.996124
-1544,662,-544,-1544.96948,667.466797,-544.244873
-1537,729,-619,-1537.97046,734.467529,-619.240967
-1549,731,-574,-1549.97046,736.467468,-574.241211
-1717,729,-578,-1716.24158,747.966919,-578.651733
-1687,731,-543,-1686.2417,749.96344,-543.651855
-1712,800,-578,-1711.24158,818.965332,-578.651733
-1654,732,-510,-1654.08801,734.194336,-510.996094
-1607,732,-514,-1607.08728,734.195984,-514.996155
-1682,800,-538,-1682.08752,802.193176,-538.996155
-1563,800,-595,-1563.92053,805.024658,-595.390564
-1537,729,-619,-1537.91492,734.020935,-619.403625
-1543,800,-641,-1543.9176,805.0271,-641.3974
-1565,731,-531,-1565.94067,733.984314,-531.339294
-1549,731,-574,-1549.93616,733.986206,-574.351501
-1583,800,-549,-1583.93652,802.987488,-549.350586
-2103,694,-281,-2102.02441,722.369995,-280.780396
-2114,694,-233,-2113.02515,722.356689,-232.777161
-2110,800,-233,-2109.02515,828.393311,-232.777161
-2016,694,-331,-2015.71484,783.042419,-330.041534
-2065,694,-316,-2064.71484,783.020325,-315.041534
-2061,800,-316,-2060.71484,888.994995,-315.041534
-2162,548,-325,-2161.36035,549.157227,-324.231354
-2104,627,-286,-2103.36035,628.157715,-285.231354
-2068,625,-319,-2067.36035,626.15741,-318.231354
-2162,548,-325,-2161.01172,549.274841,-324.847382
-2116,620,-242,-2115.01172,621.272644,-241.847366
-2104,627,-286,-2103.01074,628.2724,-285.853821
-2023,617,-333,-2023.49707,957.526306,-332.132294
-1944,587,-288,-1944.49707,927.284851,-287.132294
-2096,525,-375,-2096.49707,865.387756,-374.132294
-2103,694,-281,-2102.33032,709.439941,-280.257355
-2068,625,-319,-2067.33032,640.440125,-318.257355
-2104,627,-286,-2103.33057,642.441956,-285.257141
-2116,620,-242,-2115.03198,649.053589,-241.74913
-2103,694,-281,-2102.03589,723.067688,-280.734528
-2104,627,-286,-2103.03394,656.067017,-285.741699
-2016,694,-331,-2015.71533,713.252625,-330.041382
-2023,617,-333,-2022.71484,636.259155,-332.041534
-2068,625,-319,-2067.71484,644.250549,-318.041534
-2068,625,-319,-2067.71484,643.540283,-318.041534
-2065,694,-316,-2064.71484,712.527527,-315.041534
-2016,694,-331,-2015.71484,712.517395,-330.041534
-2096,525,-375,-2096.51758,534.544861,-374.144379
-2192,385,-449,-2192.51147,394.537109,-448.140717
-2226,455,-461,-2226.51758,464.527161,-460.144379
-2307,435,-353,-2306.14697,436.490692,-353.52179
-2190,506,-254,-2189.14893,507.491364,-254.524796
-2301,465,-382,-2300.14697,466.489777,-382.521759
-2116,620,-242,-2115.02222,1370.52966,-242.209442
-2103,694,-181,-2102.02417,1444.62256,-181.218506
-2114,694,-233,-2113.02051,1443.95593,-233.201279
-2116,620,-242,-2115.02441,639.158081,-241.780396
-2114,694,-233,-2113.03003,713.147827,-232.75679
-2103,694,-281,-2102.02441,713.147827,-280.780396
-2061,800,-316,-2060.31152,830.928162,-315.27475
-2103,694,-281,-2102.3125,724.931335,-280.273834
-2099,800,-280,-2098.31152,830.9505,-279.27475
-2016,694,-331,-2015.73242,745.64447,-330.036469
-2061,800,-316,-2060.73242,851.609863,-315.036469
-2012,800,-330,-2011.73242,851.609863,-329.036469
-2103,694,-181,-2102.50977,790.510376,-181.871582
-2012,800,-130,-2011.50098,896.426636,-130.866577
-2099,800,-180,-2098.49219,896.53009,-180.861465
-2110,800,-233,-2109.02051,828.009583,-233.201309
-2103,694,-181,-2102.02051,721.983154,-181.201096
-2099,800,-180,-2098.02417,827.999146,-180.218506
-2103,694,-281,-2102.02441,719.62616,-280.780396
-2110,800,-233,-2109.02441,825.646484,-232.780396
-2099,800,-280,-2098.02905,825.659058,-279.760712
-2190,506,-254,-2189.0166,507.632507,-254.181076
-2116,620,-242,-2115.01831,621.633301,-242.190369
-2178,535,-289,-2177.0166,536.632263,-289.181427
-2096,525,-375,-2096.47314,538.920044,-374.119019
-1944,587,-288,-1944.47168,600.934814,-287.118256
-2046,462,-353,-2046.47205,475.938202,-352.118439
-2068,625,-319,-2067.81543,626.651733,-318.017181
-2096,525,-375,-2095.82129,526.654053,-374.016113
-2131,544,-357,-2130.82129,545.65332,-356.016113
-2162,548,-325,-2161.34375,549.153381,-324.245483
-2068,625,-319,-2067.34375,626.151306,-318.245483
-2131,544,-357,-2130.34961,545.15332,-356.240417
-2178,535,-289,-2177.01172,536.231689,-288.847382
-2116,620,-242,-2115.01074,621.231018,-241.853821
-2162,548,-325,-2161.01172,549.231873,-324.847382
-2096,525,-375,-2096.51758,534.768799,-374.144379
-2046,462,-353,-2046.51758,471.765167,-352.144379
-2192,385,-449,-2192.51074,394.775421,-448.140289
-2301,465,-382,-2300.11865,466.103943,-382.47229
-2190,506,-254,-2189.11865,507.102203,-254.47229
-2178,535,-289,-2177.11865,536.103333,-289.472382
-1331,-112,-232,-1330.80481,-31.3898182,-231.019241
-1420,-1599,-234,-1419.80481,-1516.56531,-233.019241
-1399,-112,-219,-1398.80481,-31.3170052,-218.019241
-1249,-111,-232,-1249.04199,619.515198,-231.000885
-1420,-1599,-234,-1420.04199,-873.780151,-233.000885
-1331,-112,-232,-1331.04199,617.651611,-231.000885
-1399,-112,-219,-1398.40137,-52.8101959,-218.19899
-1420,-1599,-234,-1419.40137,-1539.83862,-233.19899
-1431,-112,-195,-1430.40149,-52.8397141,-194.198898
-1431,-112,-195,-1430.05347,684.264832,-194.677399
-1420,-1599,-234,-1419.05347,-796.356628,-233.677399
-1444,-112,-156,-1443.05164,684.550537,-155.682831
-1373,-112,19,-1372.91016,834.724548,18.0040455
-1292,-1600,28,-1291.91016,-662.715088,27.0040455
-1275,-112,28,-1274.91028,835.798035,27.004034
-1194,-112,-137,-1194.98523,-10.4828606,-136.828766
-1194,-1600,-226,-1194.98718,-1500.62695,-225.840851
-1204,-112,-196,-1204.98621,-10.4094687,-195.834808
-1193,-1600,-61,-1193.99963,1104.96631,-60.9729424
-1194,-1600,-226,-1194.99963,1098.96643,-225.972946
-1194,-112,-137,-1194.99951,2574.58813,-136.968765
-1445,218,-152,-1445.98523,220.950836,-152.170975
-1453,217,-105,-1453.98523,219.948349,-105.170937
-1424,141,-124,-1424.98523,143.951447,-124.171089
-1464,212,-58,-1464.96484,214.10878,-58.2628098
-1426,141,-70,-1426.96277,143.110291,-70.2703018
-1453,217,-105,-1453.95898,219.109131,-105.283447
-1468,111,-37,-1467.56348,115.998299,-37.8996315
-1464,212,-58,-1463.56543,216.992615,-58.9006348
-1511,186,-76,-1510.56348,190.997391,-76.8996735
-1468,111,-37,-1467.44141,119.79142,-37.8294373
-1511,186,-76,-1510.44141,194.801147,-76.8293915
-1538,163,-91,-1537.44141,171.798035,-91.829422
-1560,76,-103,-1559.25696,86.0519943,-103.669235
-1538,163,-91,-1537.25696,173.063614,-91.6692276
-1566,144,-120,-1565.2489,154.059845,-120.660172
-1445,209,-198,-1445.99902,211.913055,-198.042786
-1424,141,-124,-1424.99902,143.914398,-124.042526
-1422,141,-176,-1422.99902,143.91217,-176.043457
-1420,141,-228,-1420.99902,143.909592,-228.042267
-1445,209,-198,-1445.99902,211.913055,-198.042786
-1422,141,-176,-1422.99902,143.91217,-176.043457
-1502,282,-109,-1502.9541,283.325073,-109.299416
-1464,212,-58,-1464.95374,213.324219,-58.3002129
-1453,217,-105,-1453.95422,218.325241,-105.299034
-1472,294,-179,-1472.99817,296.967468,-178.939514
-1445,218,-152,-1445.99805,220.969406,-151.937546
-1445,209,-198,-1445.99817,211.970261,-197.939514
-1445,218,-152,-1445.98535,219.947235,-152.170502
-1486,292,-140,-1486.98523,293.949493,-140.170868
-1453,217,-105,-1453.98523,218.947937,-105.17115
-1444,206,-234,-1444.99915,207.417358,-233.958679
-1479,255,-254,-1479.99902,256.417755,-253.956665
-1445,209,-198,-1445.99915,210.417053,-197.958679
-1538,163,-91,-1537.2832,222.4785,-91.6972733
-1566,227,-122,-1565.27844,286.483917,-122.692245
-1566,144,-120,-1565.2832,203.49379,-120.697281
-1511,186,-76,-1510.42969,192.96579,-76.8213882
-1566,227,-122,-1565.43286,233.96582,-122.823616
-1538,163,-91,-1537.43286,169.969498,-91.823616
-1511,186,-76,-1510.48291,188.85321,-76.8559189
-1464,212,-58,-1463.4873,214.856186,-58.8585052
-1502,282,-109,-1501.48743,284.853485,-109.858643
-1652,372,-150,-1652.04297,374.436829,-150.999069
-1545,250,-103,-1545.04309,252.43718,-103.999069
-1619,398,-162,-1619.04297,400.435333,-162.999069
-1688,442,-340,-1688.58313,482.740112,-339.187622
-1578,366,-264,-1578.58301,406.667206,-263.187561
-1601,346,-281,-1601.58325,386.662964,-280.187714
-1767,437,-213,-1766.83789,438.492798,-213.986755
-1652,372,-150,-1651.83826,373.493835,-150.986832
-1619,398,-162,-1618.83789,399.494019,-162.986771
-1596,367,-304,-1595.02441,369.082703,-304.219238
-1610,349,-328,-1609.02515,351.081818,-328.222534
-1601,346,-281,-1600.02515,348.082062,-281.222534
-1489,369,-318,-1489.99902,372.953094,-318.042267
-1475,305,-216,-1475.99902,308.956024,-216.044067
-1483,348,-344,-1483.99902,351.951385,-344.042267
-1509,380,-296,-1509.89893,381.429626,-296.437988
-1510,337,-225,-1510.89893,338.427734,-225.437881
-1489,369,-318,-1489.88623,370.42926,-318.463226
-1596,367,-304,-1595.26526,369.32785,-304.678345
-1573,381,-288,-1572.26587,383.328186,-288.678955
-1596,467,-367,-1595.26489,469.33255,-367.677887
-1489,369,-318,-1489.90198,370.299164,-318.431702
-1534,460,-389,-1534.90198,461.298126,-389.431671
-1509,380,-296,-1509.90198,381.299988,-296.431671
-1489,369,-318,-1489.99622,371.602692,-317.913116
-1483,348,-344,-1483.99609,350.603088,-343.911713
-1522,425,-441,-1522.99609,427.609985,-440.911713
-1522,425,-441,-1522.99805,452.736176,-440.937561
-1531,542,-506,-1531.99817,569.749268,-505.939514
-1521,447,-416,-1521.99805,474.728851,-415.937561
-1521,447,-416,-1521.96765,449.19162,-416.252289
-1553,548,-481,-1553.96863,550.194336,-481.24823
-1534,460,-389,-1534.96863,462.192688,-389.24826
-1646,441,-399,-1645.13904,442.908356,-399.508545
-1625,456,-378,-1624.13025,457.909576,-378.493439
-1646,537,-498,-1645.13904,538.910767,-498.508636
-1646,537,-498,-1645.2063,538.781738,-498.608246
-1596,467,-367,-1595.21045,468.781311,-367.613678
-1622,547,-476,-1621.21057,548.781189,-476.613831
-1558,605,-510,-1558.23047,606.924988,-510.973022
-1595,604,-501,-1595.23096,605.924561,-501.972961
-1586,550,-474,-1586.23047,551.922119,-474.973053
-1536,602,-540,-1536.8313,604.576538,-540.555542
-1558,605,-510,-1558.82654,607.577332,-510.562805
-1531,542,-506,-1531.82678,544.575317,-506.562469
-1525,592,-574,-1525.96948,597.089661,-574.244934
-1536,602,-540,-1536.97046,607.091003,-540.24115
-1522,525,-534,-1522.9646,530.095398,-534.263672
-1646,537,-498,-1645.2666,542.233948,-498.679779
-1634,601,-503,-1633.26477,606.234619,-503.677795
-1660,594,-529,-1659.26575,599.234192,-529.678833
-1586,550,-474,-1585.90039,552.043518,-474.995026
-1595,604,-501,-1594.9104,606.042847,-501.995972
-1622,547,-476,-1621.89954,549.042786,-476.994934
-1609,664,-504,-1608.95508,690.091003,-504.998962
-1634,601,-503,-1633.9552,627.103577,-503.998993
-1595,604,-501,-1594.9552,630.112488,-501.998993
-1568,663,-511,-1568.23083,680.397827,-511.972992
-1595,604,-501,-1595.23047,621.394836,-501.973053
-1558,605,-510,-1558.23438,622.395325,-510.972137
-1536,602,-540,-1536.81873,608.526855,-540.574158
-1568,663,-511,-1568.81689,669.521301,-511.576782
-1558,605,-510,-1558.81689,611.524658,-510.576782
-1536,602,-540,-1536.96069,615.95636,-540.277344
-1525,592,-574,-1525.95874,605.955811,-574.284119
-1527,657,-584,-1527.95874,670.964233,-584.284119
-1558,605,-510,-1558.23047,606.922546,-510.973053
-1586,550,-474,-1586.23438,551.9245,-474.972137
-1553,548,-481,-1553.23047,549.924316,-481.973053
-1531,542,-506,-1531.7926,544.6521,-506.609711
-1558,605,-510,-1558.79919,607.652405,-510.600983
-1553,548,-481,-1553.79224,550.65155,-481.610107
-1622,547,-476,-1621.29309,552.382324,-476.707245
-1634,601,-503,-1633.29688,606.384949,-503.71106
-1646,537,-498,-1645.29785,542.382263,-498.711975
-1622,547,-476,-1621.91138,549.088318,-476.996063
-1595,604,-501,-1594.922,606.08905,-501.996948
-1634,601,-503,-1633.92188,603.088806,-503.996918
-1609,664,-504,-1608.86523,678.268799,-504.990875
-1652,664,-510,-1651.86523,678.269653,-510.990875
-1634,601,-503,-1633.86523,615.260742,-503.990875
-1536,602,-540,-1536.92542,608.527832,-540.378906
-1527,657,-584,-1527.93127,663.518066,-584.364075
-1544,662,-544,-1544.92542,668.520996,-544.378845
-1544,662,-544,-1544.81873,668.725098,-544.574036
-1568,663,-511,-1568.81689,669.722961,-511.576782
-1536,602,-540,-1536.81384,608.730286,-540.580933
-1568,663,-511,-1568.17773,674.420593,-511.98407
-1609,664,-504,-1609.17773,675.42334,-504.984009
-1595,604,-501,-1595.17773,615.426514,-501.984009
-1522,525,-534,-1522.9823,530.281494,-534.187073
-1536,602,-540,-1536.97839,607.282166,-540.206665
-1531,542,-506,-1531.98059,547.280762,-506.196045
-1565,731,-531,-1565.17493,734.546387,-531.984558
-1609,664,-504,-1609.17773,667.540894,-504.98407
-1568,663,-511,-1568.17773,666.542603,-511.98407
-1565,731,-531,-1565.80896,738.293091,-531.58783
-1568,663,-511,-1568.81091,670.287048,-511.585083
-1544,662,-544,-1544.80908,669.290039,-544.587646
-1544,662,-544,-1544.93127,665.347412,-544.364197
-1527,657,-584,-1527.9364,660.348328,-584.350891
-1537,729,-619,-1537.93616,732.349915,-619.351379
-1607,726,-685,-1607.67798,1321.92395,-684.264954
-1542,655,-624,-1542.67834,1250.56897,-623.265259
-1576,653,-656,-1576.67871,1248.56909,-655.265625
-1631,800,-536,-1631.26282,802.52124,-536.964844
-1607,732,-514,-1607.2688,734.519714,-514.963196
-1583,800,-549,-1583.26172,802.51947,-549.965088
-1682,800,-538,-1681.95593,803.102905,-538.999023
-1607,732,-514,-1606.95593,735.110046,-514.999023
-1631,800,-536,-1630.95593,803.105103,-536.999023
-1712,800,-578,-1711.20215,867.986145,-578.602844
-1687,731,-543,-1686.21021,799.015625,-543.613281
-1682,800,-538,-1681.2074,867.998779,-538.609619
-1717,729,-578,-1716.18481,746.792725,-578.579102
-1712,800,-578,-1711.1897,817.782593,-578.585938
-1741,800,-619,-1740.18481,817.799622,-619.579102
-1549,731,-574,-1549.97046,734.632202,-574.241211
-1537,729,-619,-1537.96973,732.634766,-619.244141
-1563,800,-595,-1563.97034,803.633667,-595.241211
-1664,473,-288,-1664.94214,474.21701,-287.664795
-1581,410,-214,-1581.94592,411.215637,-213.67569
-1579,395,-246,-1579.9458,396.21582,-245.67569
-1578,366,-264,-1578.7323,368.276276,-263.319031
-1664,473,-288,-1664.74622,475.27948,-287.33432
-1579,395,-246,-1579.74646,397.277649,-245.334579
-1801,556,-287,-1801.04297,557.169556,-287.999054
-1731,461,-211,-1731.04297,462.170746,-211.999039
-1700,476,-225,-1700.0437,477.171356,-225.999039
-1767,437,-213,-1766.7334,438.925415,-213.963806
-1801,556,-287,-1800.73242,557.92334,-287.963531
-1840,537,-287,-1839.73413,538.924622,-287.963989
-1732,556,-370,-1732.94702,558.1604,-369.678833
-1664,473,-288,-1664.948,475.163147,-287.681732
-1736,544,-398,-1736.94702,546.161377,-397.678833
-1741,568,-331,-1741.99915,569.280212,-330.959686
-1664,473,-288,-1664.99902,474.277863,-287.956665
-1732,556,-370,-1732.99915,557.279053,-369.963715
-1789,620,-337,-1789.74829,621.296387,-337.663361
-1741,568,-331,-1741.74634,569.296997,-331.665497
-1762,618,-365,-1762.7561,619.295959,-365.654388
-1827,614,-320,-1827.31921,615.456726,-320.947662
-1801,556,-287,-1801.31836,557.458008,-287.947968
-1789,620,-337,-1789.32129,621.456177,-337.94696
-1871,601,-320,-1870.86523,603.170898,-320.990875
-1840,537,-287,-1839.86572,539.173096,-287.990936
-1827,614,-320,-1826.86523,616.171875,-320.990875
-1736,544,-398,-1736.94617,548.893555,-397.676331
-1761,598,-438,-1761.95032,602.888184,-437.688721
-1752,608,-405,-1752.94702,612.889709,-404.678833
-1741,568,-331,-1741.99707,570.103821,-331.076324
-1732,556,-370,-1732.99707,558.103088,-370.075134
-1762,618,-365,-1762.99707,620.103882,-365.075287
-1834,678,-336,-1834.36633,681.656128,-336.930481
-1827,614,-320,-1827.37512,617.655762,-320.926971
-1789,620,-337,-1789.37512,623.65509,-337.926941
-1770,674,-390,-1770.73352,676.539734,-390.679626
-1789,620,-337,-1789.73267,622.537964,-337.680511
-1762,618,-365,-1762.7334,620.537231,-365.679688
-1752,608,-405,-1752.98328,612.332581,-405.181824
-1770,674,-390,-1770.98328,678.332214,-390.181793
-1762,618,-365,-1762.98328,622.333923,-365.181702
-1761,598,-438,-1761.94702,603.492371,-437.678833
-1783,658,-469,-1783.94849,663.494568,-468.683197
-1752,608,-405,-1752.95105,613.489746,-404.690979
-1882,673,-333,-1882.04333,678.303772,-333.999054
-1871,601,-320,-1871.04309,606.309143,-320.999054
-1834,678,-336,-1834.04333,683.302979,-336.999054
-1911,663,-362,-1910.29785,717.902588,-362.711975
-1871,601,-320,-1870.29858,655.901184,-320.712738
-1882,673,-333,-1881.29797,727.859619,-333.712128
-1837,738,-350,-1837.55078,742.53009,-350.834595
-1834,678,-336,-1834.55115,682.527405,-336.834351
-1797,738,-376,-1797.55078,742.528931,-376.834625
-1887,736,-342,-1887.16016,740.264038,-342.987091
-1834,678,-336,-1834.16016,682.262939,-336.987091
-1837,738,-350,-1837.16016,742.262146,-350.987091
-1911,663,-362,-1910.35608,910.537109,-362.765076
-1887,736,-342,-1886.35095,983.5578,-342.760742
-1920,731,-370,-1919.36133,978.473938,-370.76947
-1775,736,-413,-1775.99902,741.99292,-413.042358
-1763,666,-432,-1763.99902,671.999939,-432.043915
-1773,732,-459,-1773.99902,737.994507,-459.042267
-1797,738,-376,-1797.85742,743.299622,-376.514587
-1795,678,-357,-1795.86572,683.298828,-357.500427
-1775,736,-413,-1775.86633,741.302979,-413.499451
-1797,738,-376,-1797.85986,811.211609,-376.510437
-1775,736,-413,-1775.86292,809.202576,-413.505341
-1795,800,-381,-1795.85754,873.246094,-381.514404
-1920,731,-370,-1919.36133,1277.72375,-370.76947
-1887,736,-342,-1886.35559,1282.77441,-342.764679
-1888,800,-343,-1887.35547,1346.73853,-343.764496
-1887,736,-342,-1887.16016,791.39563,-342.987061
-1837,738,-350,-1837.16602,793.409241,-350.986053
-1888,800,-343,-1888.16016,855.400513,-343.987061
-1837,738,-350,-1837.54785,757.86084,-350.836548
-1797,738,-376,-1797.55078,757.868164,-376.834625
-1795,800,-381,-1795.5509,819.887024,-381.834564
-916,114,8,-915.865234,115.603706,7.00912285
-820,109,25,-819.865234,110.602264,24.0091228
-820,180,-20,-819.865234,181.602676,-20.9908772
-820,180,-180,-819.937561,181.892685,-179.001953
-907,113,-210,-906.937561,114.891838,-209.001953
-912,180,-174,-911.938782,181.8936,-173.001877
-912,180,-174,-912.100525,181.846619,-173.005066
-994,117,-217,-994.099609,118.845184,-216.004974
-1004,180,-184,-1004.09991,181.845062,-183.005005
-820,109,-218,-819.9375,110.877151,-217.001968
-907,113,-210,-906.937561,114.878326,-209.001953
-820,180,-180,-819.938293,181.876999,-179.001907
-916,114,8,-915.865845,115.650696,7.00903988
-820,180,-20,-819.865234,181.648941,-20.9908733
-916,180,-33,-915.865234,181.651215,-33.9908752
-1012,180,-62,-1011.71582,181.71907,-62.9587631
-1012,118,-25,-1011.71582,119.720047,-25.9587555
-916,180,-33,-915.71582,181.721786,-33.9587669
-1216,756,-559,-1215.95874,758.621399,-558.000854
-1311,800,-541,-1310.95593,802.62616,-540.000977
-1209,800,-542,-1208.95593,802.621948,-541.000977
-1306,756,-560,-1306.47998,758.117188,-559.122742
-1432,756,-630,-1432.48828,758.11615,-629.127319
-1439,800,-610,-1439.48901,802.11731,-609.127747
-1306,756,-560,-1306.04297,758.309082,-559.000977
-1311,800,-541,-1311.04297,802.310608,-540.000977
-1216,756,-559,-1216.04297,758.309631,-558.000977
-1040,741,-720,-1039.21021,743.426025,-719.386658
-1111,756,-615,-1110.21033,758.422546,-614.386475
-1022,800,-703,-1021.21014,802.428162,-702.386719
-1481,751,-344,-1481.72961,758.848816,-343.316162
-1505,740,-371,-1505.73108,747.848145,-370.317719
-1511,752,-375,-1511.73108,759.849243,-374.317719
-1468,740,-309,-1468.94714,752.942505,-308.679199
-1481,751,-344,-1481.94592,763.939026,-343.67569
-1467,753,-303,-1467.94617,765.945251,-302.676331
-1539,720,-361,-1538.60876,724.675842,-360.079712
-1505,740,-371,-1504.6095,744.675842,-370.079407
-1478,700,-392,-1477.60864,704.677368,-391.079773
-1468,740,-309,-1468.56531,742.956543,-309.82486
-1493,720,-284,-1493.5675,722.958313,-284.823364
-1432,700,-317,-1432.56226,702.956604,-317.826935
-1468,740,-309,-1468.47363,743.906921,-309.880707
-1432,700,-317,-1432.47388,703.90863,-317.880585
-1433,723,-323,-1433.47363,726.908081,-323.880707
-2999,1031,-1900,-2999.08789,1039.71326,-1900.99609
-2958,1112,-1913,-2958.09839,1120.7113,-1913.99512
-3080,1094,-1900,-3080.10645,1102.70654,-1900.99426
-1863,65,-1963,-1862.0592,69.726593,-1962.66113
-1857,65,-1980,-1856.0592,69.726593,-1979.66113
-1878,0,-1963,-1877.0592,4.72269201,-1962.66113
-1842,128,-1973,-1842.95081,136.412048,-1973.30957
-1848,187,-1977,-1848.95117,195.407379,-1977.30859
-1853,186,-1961,-1853.95581,194.407669,-1961.29382
-1847,128,-1959,-1847.13086,134.716553,-1959.99121
-1862,127,-1957,-1862.13086,133.716583,-1957.99121
-1835,65,-1951,-1835.13086,71.7201309,-1951.99133
-1835,65,-1951,-1835.94592,69.5902176,-1951.32422
-1842,128,-1973,-1842.94788,132.591675,-1973.31836
-1847,128,-1959,-1847.94104,132.591675,-1959.33789
-1851,126,-1985,-1851.78833,134.141937,-1984.38477
-1842,128,-1973,-1842.78833,136.141388,-1972.38477
-1839,65,-1982,-1839.78857,73.1356964,-1981.38513
-1859,187,-1989,-1858.90039,204.30275,-1988.005
-1871,249,-1984,-1870.90039,266.287201,-1983.005
-1854,248,-1986,-1853.90137,265.290894,-1985.00488
-1871,249,-1984,-1870.11572,282.502319,-1983.53308
-1880,187,-1970,-1879.11572,220.489609,-1969.53308
-1879,248,-1968,-1878.10376,281.517975,-1967.55652
-1843,303,-1978,-1842.90039,309.298462,-1977.005
-1871,249,-1984,-1870.91113,255.30278,-1983.00403
-1863,303,-1976,-1862.90137,309.299988,-1975.00488
-1871,249,-1984,-1870.07397,253.985794,-1983.62256
-1871,303,-1956,-1870.07385,307.988037,-1955.62292
-1863,303,-1976,-1862.07385,307.988037,-1975.62292
-1878,0,-1963,-1877.0885,4.99304914,-1962.58875
-1857,65,-1980,-1856.0885,69.9985123,-1979.58875
-1868,0,-1986,-1867.08484,4.99304914,-1985.59692
-1853,65,-1949,-1852.21399,70.9981995,-1949.61816
-1878,0,-1963,-1877.21399,6.00055218,-1963.61816
-1863,0,-1944,-1862.21021,5.99981689,-1944.61328
-1839,65,-1982,-1839.78833,229.483383,-1981.38477
-1829,0,-1970,-1829.79211,164.36998,-1969.38965
-1844,0,-1989,-1844.78833,164.427673,-1988.38477
-1839,65,-1982,-1839.78833,72.9437027,-1981.38477
-1842,128,-1973,-1842.78857,135.939575,-1972.38513
-1828,65,-1968,-1828.78833,72.9437027,-1967.38477
-1835,65,-1951,-1835.11523,71.8234177,-1951.99329
-1862,127,-1957,-1862.13086,133.819382,-1957.99133
-1853,65,-1949,-1853.10645,71.8217087,-1949.99426
-1828,65,-1968,-1828.92737,69.2191162,-1968.37402
-1842,128,-1973,-1842.92932,132.221054,-1973.36902
-1835,65,-1951,-1835.92542,69.2201843,-1951.37891
-1842,128,-1973,-1842.9469,137.124512,-1973.32129
-1853,186,-1961,-1853.948,195.125549,-1961.31812
-1847,128,-1959,-1847.9469,137.122253,-1959.32117
-1859,187,-1989,-1859.79443,202.310394,-1988.3927
-1842,128,-1973,-1842.78882,143.305084,-1972.38538
-1851,126,-1985,-1851.79138,141.302292,-1984.38879
-1853,186,-1961,-1853.15137,206.878006,-1961.9884
-1862,127,-1957,-1862.14453,147.877228,-1957.98938
-1847,128,-1959,-1847.14453,148.874634,-1959.98938
-1848,187,-1977,-1848.73462,238.739868,-1976.32153
-1859,187,-1989,-1859.73389,238.726837,-1988.3208
-1844,246,-1971,-1844.73425,297.741333,-1970.32117
-1859,187,-1989,-1858.82324,210.056656,-1988.01575
-1875,187,-1986,-1874.81274,210.056656,-1985.0177
-1871,249,-1984,-1870.8291,272.05896,-1983.01477
-1875,187,-1986,-1874.04871,201.348389,-1985.69177
-1880,187,-1970,-1879.05176,201.348389,-1969.6825
-1871,249,-1984,-1870.04883,263.352509,-1983.69141
-1854,248,-1986,-1853.91113,254.10997,-1985.00403
-1871,249,-1984,-1870.90039,255.111435,-1983.005
-1843,303,-1978,-1842.90137,309.106812,-1977.00488
-1871,249,-1984,-1870.099,253.442642,-1983.56628
-1879,248,-1968,-1878.09668,252.443634,-1967.57104
-1871,303,-1956,-1870.099,307.446259,-1955.56628
-1517,181,-2313,-1516.18481,195.822571,-2312.4209
-1507,180,-2327,-1506.19543,194.820251,-2326.40625
-1521,122,-2314,-1520.1897,136.824844,-2313.41406
-1500,63,-2302,-1499.79785,69.2690582,-2302.97925
-1518,63,-2306,-1517.79395,69.2682724,-2306.97852
-1519,0,-2296,-1518.78479,6.26668358,-2296.97656
-1523,63,-2322,-1522.24805,174.718079,-2321.34082
-1511,63,-2336,-1510.24805,174.718079,-2335.34082
-1510,0,-2338,-1509.24146,111.712906,-2337.34839
-1523,63,-2322,-1522.255,130.926529,-2321.33301
-1510,0,-2338,-1509.26562,67.9052963,-2337.32129
-1526,0,-2320,-1525.26562,67.9052963,-2319.32129
-1511,63,-2336,-1511.24402,86.5652618,-2335.03027
-1494,63,-2332,-1494.23926,86.5570297,-2331.02905
-1486,0,-2333,-1486.24316,23.5603237,-2332.03003
-1488,63,-2315,-1488.74316,68.7168274,-2315.66895
-1500,63,-2302,-1500.75024,68.7168274,-2302.66113
-1495,0,-2291,-1495.73438,5.71751833,-2291.67871
-1488,63,-2315,-1488.73364,68.6614838,-2315.67944
-1495,0,-2291,-1495.7334,5.65431356,-2291.67969
-1478,0,-2309,-1478.74231,5.65431356,-2309.66992
-1518,63,-2306,-1517.04858,79.1697922,-2306.30786
-1523,63,-2322,-1522.04858,79.1717529,-2322.30786
-1519,0,-2296,-1518.04858,16.1736755,-2296.30786
-1494,63,-2332,-1494.94604,71.0590897,-2331.67603
-1488,63,-2315,-1488.94592,71.0585938,-2314.67578
-1486,0,-2333,-1486.94702,8.05781078,-2332.67896
-1521,122,-2314,-1520.09521,140.203491,-2314.42578
-1510,181,-2298,-1509.09485,199.191559,-2298.42505
-1517,181,-2313,-1516.0946,199.189301,-2313.42456
-1488,63,-2315,-1488.94653,74.6770248,-2314.67749
-1496,122,-2323,-1496.94604,133.679596,-2322.67603
-1491,120,-2309,-1491.94592,131.681107,-2308.67578
-1511,123,-2326,-1511.21411,129.281601,-2325.02319
-1496,122,-2323,-1496.21387,128.28125,-2322.02319
-1511,63,-2336,-1511.20581,69.2849503,-2335.02148
-1521,122,-2314,-1520.23059,131.831238,-2313.36133
-1511,123,-2326,-1510.22595,132.831207,-2325.36694
-1511,63,-2336,-1510.22571,72.8260803,-2335.36719
-1484,178,-2309,-1484.96082,318.707764,-2308.7229
-1490,235,-2328,-1490.96118,375.593933,-2327.72412
-1485,236,-2311,-1485.96082,376.625275,-2310.7229
-1510,181,-2298,-1509.71582,197.335312,-2298.95874
-1498,237,-2298,-1497.71582,253.329605,-2298.95874
-1515,236,-2303,-1514.72266,252.32814,-2303.96069
-1498,237,-2298,-1498.71484,263.517456,-2298.69922
-1484,178,-2309,-1484.71582,204.525085,-2309.69824
-1485,236,-2311,-1485.71606,262.521667,-2311.698
-1517,287,-2310,-1516.75488,294.167206,-2310.96948
-1498,237,-2298,-1497.75586,244.163452,-2298.96973
-1497,287,-2305,-1496.75488,294.16806,-2305.96948
-1498,237,-2298,-1498.75708,249.909836,-2298.65332
-1483,287,-2321,-1483.75708,299.908295,-2321.65332
-1497,287,-2305,-1497.75134,299.911469,-2305.65991
-1519,0,-2296,-1518.04077,17.7644272,-2296.28247
-1523,63,-2322,-1522.04102,80.7451553,-2322.28345
-1526,0,-2320,-1525.04077,17.7610703,-2320.28247
-1500,63,-2302,-1499.79297,69.5991516,-2302.97827
-1519,0,-2296,-1518.79395,6.60127544,-2296.97852
-1495,0,-2291,-1494.81335,6.59888077,-2291.98242
-1486,0,-2333,-1486.95093,8.43301678,-2332.69067
-1488,63,-2315,-1488.95007,71.4318619,-2314.68799
-1478,0,-2309,-1478.95093,8.43097496,-2308.69067
-1511,63,-2336,-1511.20581,92.8619385,-2335.02148
-1486,0,-2333,-1486.22363,29.8709736,-2332.02539
-1510,0,-2338,-1510.20605,29.8780918,-2337.02148
-1511,63,-2336,-1511.24377,69.2139359,-2335.03027
-1496,122,-2323,-1496.22278,128.210358,-2322.02515
-1494,63,-2332,-1494.24316,69.2139359,-2331.03003
-1521,122,-2314,-1520.24719,130.75322,-2313.3418
-1511,63,-2336,-1510.24719,71.758522,-2335.3418
-1523,63,-2322,-1522.24805,71.7563629,-2321.34082
-1494,63,-2332,-1494.94116,75.5469131,-2331.66211
-1496,122,-2323,-1496.94604,134.539932,-2322.67603
-1488,63,-2315,-1488.94592,75.5432129,-2314.67578
-1521,122,-2314,-1520.23059,144.400742,-2313.36133
-1507,180,-2327,-1506.22571,202.418945,-2326.36719
-1511,123,-2326,-1510.24719,145.39357,-2325.3418
-1516,121,-2300,-1515.06311,132.995575,-2300.34961
-1510,181,-2298,-1509.06311,193.003387,-2298.34961
-1521,122,-2314,-1520.06323,133.995178,-2314.34985
-1494,179,-2296,-1494.8031,191.499619,-2296.5957
-1484,178,-2309,-1484.80286,190.497635,-2309.5957
-1498,237,-2298,-1498.80017,249.505127,-2298.59961
-1517,181,-2313,-1516.09521,225.767456,-2313.42578
-1510,181,-2298,-1509.09473,225.778732,-2298.4248
-1519,234,-2320,-1518.09534,278.798279,-2320.42603
-1510,181,-2298,-1509.89197,220.625336,-2298.99414
-1494,179,-2296,-1493.90137,218.615967,-2296.99512
-1498,237,-2298,-1497.90137,276.633057,-2298.99512
-1515,236,-2303,-1514.70764,244.165573,-2303.9563
-1498,237,-2298,-1497.70605,245.165802,-2298.95581
-1517,287,-2310,-1516.71582,295.164795,-2310.95874
-1498,237,-2298,-1498.71582,246.017059,-2298.69824
-1485,236,-2311,-1485.71582,245.018219,-2311.698
-1483,287,-2321,-1483.71606,296.022247,-2321.698
-1058,188,-2284,-1058.04297,189.706802,-2284.99902
-1075,188,-2284,-1075.04297,189.706802,-2284.99902
-1059,133,-2252,-1059.04297,134.705933,-2252.99902
-1050,184,-2298,-1050.90479,188.269791,-2298.42578
-1058,188,-2284,-1058.90491,192.270187,-2284.42554
-1059,133,-2252,-1059.90491,137.267456,-2252.42554
-1057,65,-2240,-1057.04297,72.0440826,-2240.99902
-1075,65,-2240,-1075.04297,72.0440826,-2240.99902
-1080,0,-2231,-1080.04297,7.04206371,-2231.99902
-1084,65,-2255,-1083.14087,76.2162552,-2254.48828
-1075,65,-2270,-1074.15466,76.2135239,-2269.46582
-1080,0,-2273,-1079.14685,11.2237015,-2272.47852
-1084,65,-2255,-1083.13123,76.8700104,-2254.50488
-1080,0,-2273,-1079.13513,11.8800163,-2272.49805
-1092,0,-2252,-1091.13806,11.8800163,-2251.49316
-1075,65,-2270,-1075.04297,86.8643265,-2269.00098
-1057,65,-2270,-1057.04297,86.8643265,-2269.00098
-1055,0,-2273,-1055.04297,21.8815289,-2272.00098
-1048,65,-2255,-1048.86353,75.5856323,-2255.50391
-1057,65,-2240,-1057.86365,75.5856323,-2240.50391
-1055,0,-2231,-1055.86084,10.5926418,-2231.50879
-1048,65,-2255,-1048.87146,76.1589355,-2255.49023
-1055,0,-2231,-1055.86475,11.1605749,-2231.5022
-1043,0,-2252,-1043.87268,11.1592083,-2252.48828
-1075,65,-2240,-1074.1438,72.2043533,-2240.5166
-1084,65,-2255,-1083.14978,72.2030106,-2255.52637
-1080,0,-2231,-1079.1499,7.20543814,-2231.52661
-1057,65,-2270,-1057.86084,85.2442017,-2269.49121
-1048,65,-2255,-1048.86389,85.2417603,-2254.49634
-1055,0,-2273,-1055.85547,20.263855,-2272.48218
-1082,130,-2265,-1081.09521,133.931488,-2265.42578
-1075,188,-2284,-1074.09668,191.932465,-2284.42896
-1083,184,-2298,-1082.09692,187.932343,-2298.42944
-1051,130,-2265,-1051.86768,138.7043,-2265.49707
-1059,133,-2252,-1059.87158,141.701584,-2252.49023
-1048,65,-2255,-1048.87146,73.7036591,-2255.49023
-1075,65,-2240,-1074.13513,75.1606674,-2240.50195
-1074,133,-2252,-1073.13843,143.165802,-2252.50757
-1082,130,-2265,-1081.13525,140.167404,-2265.5022
-1059,133,-2252,-1059.04297,138.5121,-2252.99902
-1074,133,-2252,-1074.04297,138.5121,-2252.99902
-1075,65,-2240,-1075.04297,70.5071564,-2240.99902
-1084,245,-2324,-1083.12354,250.149521,-2324.48145
-1075,188,-2284,-1074.12732,193.146637,-2284.48828
-1075,248,-2309,-1074.12341,253.148209,-2309.4812
-1075,188,-2284,-1075.04297,190.309509,-2284.99902
-1057,248,-2309,-1057.04297,250.307358,-2309.99902
-1075,248,-2309,-1075.04297,250.307358,-2309.99902
-1057,248,-2309,-1057.87158,253.506088,-2309.49023
-1050,184,-2298,-1050.87659,189.508041,-2298.4812
-1048,245,-2324,-1048.87781,250.503403,-2324.47876
-1077,304,-2311,-1077.04297,331.593323,-2311.99902
-1057,248,-2309,-1057.04297,275.61554,-2309.99902
-1056,304,-2311,-1056.04297,331.593323,-2311.99902
-1057,248,-2309,-1057.87646,811.97522,-2309.48145
-1046,304,-2329,-1046.87769,867.833191,-2329.479
-1056,304,-2311,-1056.87646,867.833191,-2311.48145
-1080,0,-2231,-1079.13123,7.84973621,-2231.49512
-1084,65,-2255,-1083.13159,72.8586578,-2255.49585
-1092,0,-2252,-1091.13135,7.85115957,-2252.49536
-1057,65,-2240,-1057.04297,72.0440826,-2240.99902
-1080,0,-2231,-1080.04297,7.04206371,-2231.99902
-1055,0,-2231,-1055.04297,7.04206371,-2231.99902
-1055,0,-2273,-1055.86389,23.0664501,-2272.49634
-1048,65,-2255,-1048.86389,88.0526352,-2254.49634
-1043,0,-2252,-1043.86475,23.0650578,-2251.4978
-1075,65,-2270,-1075.04297,86.8643265,-2269.00098
-1055,0,-2273,-1055.04297,21.8815289,-2272.00098
-1080,0,-2273,-1080.04297,21.8815289,-2272.00098
-1075,65,-2240,-1074.13599,74.3228226,-2240.50342
-1082,130,-2265,-1081.14978,139.320557,-2265.52637
-1084,65,-2255,-1083.15039,74.3216629,-2255.52734
-1059,133,-2252,-1059.04297,138.5121,-2252.99902
-1075,65,-2240,-1075.04297,70.5071564,-2240.99902
-1057,65,-2240,-1057.04297,70.5071564,-2240.99902
-1048,65,-2255,-1048.86365,73.4469147,-2255.50391
-1059,133,-2252,-1059.86768,141.44696,-2252.49707
-1057,65,-2240,-1057.86072,73.4469147,-2240.50879
-1074,133,-2252,-1073.12341,136.678329,-2252.4812
-1075,188,-2284,-1074.12305,191.676544,-2284.48047
-1082,130,-2265,-1081.12732,133.677338,-2265.48828
-1059,133,-2252,-1059.04297,134.705933,-2252.99902
-1075,188,-2284,-1075.04297,189.706802,-2284.99902
-1074,133,-2252,-1074.04297,134.705933,-2252.99902
-1050,184,-2298,-1050.88538,187.460419,-2298.46484
-1059,133,-2252,-1059.87781,136.461166,-2252.479
-1051,130,-2265,-1051.8833,133.460464,-2265.46875
-1058,188,-2284,-1058.89185,193.574509,-2284.45215
-1050,184,-2298,-1050.88806,189.575333,-2298.45972
-1057,248,-2309,-1057.88635,253.576904,-2309.46289
-1083,184,-2298,-1082.11658,189.446701,-2298.46851
-1075,188,-2284,-1074.11584,193.447281,-2284.46704
-1084,245,-2324,-1083.11633,250.446045,-2324.46802
-1075,188,-2284,-1075.04297,190.309509,-2284.99902
-1058,188,-2284,-1058.04297,190.309509,-2284.99902
-1057,248,-2309,-1057.04297,250.307358,-2309.99902
-1075,248,-2309,-1075.04297,275.61554,-2309.99902
-1057,248,-2309,-1057.04297,275.61554,-2309.99902
-1077,304,-2311,-1077.04297,331.593323,-2311.99902
-1057,248,-2309,-1057.86768,319.325012,-2309.49707
-1048,245,-2324,-1048.86743,316.322968,-2324.49707
-1046,304,-2329,-1046.86365,375.323303,-2329.50391
-899,129,-2113,-898.213989,134.860596,-2112.38184
-857,0,-2201,-856.210144,5.86415243,-2200.38672
-906,-1,-2139,-905.213989,4.86381006,-2138.38184
-943,130,-2053,-942.195374,135.635803,-2052.40625
-899,129,-2113,-898.198303,134.638596,-2112.40234
-954,-2,-2078,-953.201233,3.64536214,-2077.39844
-1027,-1,-2071,-1026.82397,2.79162264,-2070.01562
-1095,127,-2025,-1094.82324,130.788712,-2024.01575
-1019,128,-2039,-1018.8291,131.789658,-2038.01477
-1210,1,-2085,-1210.20581,4.48818874,-2084.02148
-1095,127,-2025,-1095.20508,130.482117,-2024.02136
-1100,0,-2063,-1100.20593,3.48755193,-2062.02148
-1210,1,-2085,-1210.13831,3.82638121,-2084.00977
-1242,121,-2046,-1242.1377,123.824898,-2045.00964
-1095,127,-2025,-1095.1377,129.823074,-2024.00964
-899,129,-2113,-898.189697,136.732376,-2112.41406
-856,129,-2173,-855.190002,136.738861,-2172.41357
-857,0,-2201,-856.18988,7.75208187,-2200.41382
-954,-2,-2078,-953.217834,3.92745137,-2077.37695
-899,129,-2113,-898.210144,134.938568,-2112.38672
-906,-1,-2139,-905.213989,4.9279809,-2138.38184
-1019,128,-2039,-1018.91113,132.126511,-2038.00403
-954,-2,-2078,-953.923828,2.11951685,-2077.00293
-1027,-1,-2071,-1026.91174,3.12297392,-2070.00391
-1100,0,-2063,-1099.90137,3.24419498,-2062.00488
-1095,127,-2025,-1094.90039,130.248352,-2024.005
-1027,-1,-2071,-1026.90137,2.24168968,-2070.00488
-1362,117,-2045,-1361.95996,119.89489,-2044.00085
-1242,121,-2046,-1241.95874,123.892563,-2045.00085
-1372,0,-2086,-1371.96179,2.89974618,-2085.00073
-1421,121,-2034,-1420.84668,123.751976,-2033.01184
-1362,117,-2045,-1361.84668,119.749573,-2044.01184
-1372,0,-2086,-1371.85388,2.74475265,-2085.01074
-1421,121,-2034,-1420.75879,124.161407,-2033.02954
-1372,0,-2086,-1371.75879,3.16580892,-2085.02954
-1442,0,-2068,-1441.76379,3.1609385,-2067.02832
-1496,0,-2025,-1495.38867,3.04319811,-2024.20874
-1421,121,-2034,-1420.38867,124.043228,-2033.20874
-1442,0,-2068,-1441.37524,3.04163098,-2067.21924
-1597,128,-1787,-1596.0448,131.797226,-1786.7041
-1610,0,-1856,-1609.0437,3.79071474,-1855.70764
-1631,0,-1787,-1630.04456,3.79368854,-1786.70483
-1597,128,-1787,-1596.06335,131.399551,-1786.64978
-1574,127,-1848,-1573.06311,130.397247,-1847.65039
-1610,0,-1856,-1609.07385,3.39196014,-1855.62292
-1574,127,-1848,-1573.0719,130.426453,-1847.62769
-1552,128,-1904,-1551.07385,131.428848,-1903.62292
-1610,0,-1856,-1609.07385,3.43099451,-1855.62292
-791,920,-1710,-790.509766,980.081604,-1709.12842
-825,960,-1690,-824.509766,1020.07294,-1689.12842
-764,935,-1725,-763.509766,995.0849,-1724.12842
-980,1000,-2160,-980.50708,1067.74426,-2160.86182
-1065,960,-2110,-1065.50708,1027.8656,-2110.86182
-1004,935,-2145,-1004.50195,1002.83636,-2145.86475
-1365,735,-458,-1364.4502,738.710815,-457.164734
-1368,710,-464,-1367.4502,713.711914,-463.164734
-1478,700,-392,-1477.4502,703.714355,-391.164734
-1478,700,-392,-1477.79028,702.662292,-391.022247
-1505,740,-371,-1504.79004,742.663879,-370.022308
-1470,723,-385,-1469.79053,725.663818,-384.022186
-1365,735,-458,-1364.39099,737.221375,-457.206848
-1478,700,-392,-1477.40137,702.221558,-391.199005
-1470,723,-385,-1469.40137,725.220581,-384.199005
-1432,700,-317,-1432.54797,704.17218,-317.836487
-1323,710,-391,-1323.5509,714.170593,-391.834564
-1433,723,-323,-1433.54785,727.173584,-323.836548
