294,180,-848,294.880676,198.036621,-848.473633
300,300,-851,300.880646,318.052643,-851.473633
276,300,-896,276.880951,318.060303,-896.473206
60,416,-578,59.9235115,539.930908,-577.00293
118,423,-574,117.923515,547.013367,-573.00293
118,300,-575,117.923515,424.122406,-574.00293
291,300,-728,291.987885,314.300537,-727.844849
301,299,-790,301.987885,313.292877,-789.844849
284,180,-737,284.987854,194.289902,-736.844727
60,270,-450,60.9999199,359.658325,-449.987366
59,540,90,59.9999161,630.141846,90.0129471
60,630,90,60.9999161,720.152832,90.0129471
59,540,90,59.9999199,630.092407,89.9873505
60,630,170,60.9999123,720.105408,169.986755
60,630,90,60.9999199,720.10614,89.9873505
9,424,-951,8.37137699,427.204498,-951.77771
34,404,-963,33.3688202,407.204895,-963.775635
13,431,-957,12.371151,434.204803,-957.777527
52,218,-1532,52.7860489,219.438431,-1532.61816
57,236,-1546,57.7855682,237.438629,-1546.61877
47,236,-1559,47.7865257,237.438629,-1559.61755
52,218,-1532,52.8172379,219.557266,-1532.57617
47,236,-1559,47.8172569,237.556946,-1559.57617
33,218,-1559,33.8172455,219.55658,-1559.57617
90,218,-1532,89.9554749,219.306931,-1532.9989
90,236,-1546,89.9558182,237.307281,-1546.99902
57,236,-1546,56.9558182,237.307281,-1546.99902
90,218,-1532,89.9554749,219.306931,-1532.9989
57,236,-1546,56.9558182,237.307281,-1546.99902
52,218,-1532,51.9554749,219.306931,-1532.9989
33,218,-1559,33.9999123,219.286026,-1559.0127
47,236,-1559,47.9999123,237.286224,-1559.0127
47,236,-1750,47.9999123,237.286224,-1750.0127
33,218,-1559,33.9999123,219.286026,-1559.0127
47,236,-1750,47.9999123,237.286224,-1750.0127
33,218,-1750,33.9999123,219.286026,-1750.0127
-198,225,-1720,-198.599243,227.333618,-1720.80042
-209,248,-1724,-209.599182,250.334641,-1724.80054
-220,248,-1716,-220.587433,250.335587,-1716.8092
-198,225,-1720,-198.599243,227.333618,-1720.80042
-220,248,-1716,-220.587433,250.335587,-1716.8092
-220,225,-1704,-220.587189,227.33519,-1704.80945
-209,248,-1750,-209.999069,250.076706,-1750.04297
-209,248,-1724,-209.999069,250.076706,-1724.04297
-198,225,-1720,-198.999069,227.077698,-1720.04297
-209,248,-1750,-209.999069,250.076706,-1750.04297
-198,225,-1720,-198.999069,227.077698,-1720.04297
-198,225,-1750,-198.999069,227.077698,-1750.04297
-285,225,-1704,-285.042267,226.944305,-1704.99902
-220,225,-1704,-220.042267,226.944305,-1704.99902
-220,248,-1716,-220.042267,249.944199,-1716.99902
-285,225,-1704,-285.042267,226.944305,-1704.99902
-220,248,-1716,-220.042267,249.944199,-1716.99902
-285,248,-1716,-285.042267,249.944199,-1716.99902
-285,-90,-1075,-285.042267,-88.6124573,-1074.00098
-285,-75,-1064,-285.042267,-73.6125565,-1063.00098
-249,-75,-1064,-249.042267,-73.6125565,-1063.00098
-285,-90,-1075,-285.042267,-88.6124573,-1074.00098
-249,-75,-1064,-249.042267,-73.6125565,-1063.00098
-263,-90,-1075,-263.042267,-88.6124573,-1074.00098
-161,-83,-1087,-160.937546,-80.5602493,-1086.00195
-187,-63,-1077,-186.937546,-60.5610161,-1076.00195
-141,-63,-1080,-140.937546,-60.5611763,-1079.00195
-247,-86,-1072,-247.042267,-84.6172256,-1071.00098
-263,-90,-1075,-263.042267,-88.6171036,-1074.00098
-249,-75,-1064,-249.042267,-73.6175613,-1063.00098
-234,-63,-1080,-233.004883,-61.799427,-1079.90137
-249,-75,-1030,-248.004883,-73.7989655,-1029.90137
-239,-63,-1030,-238.004883,-61.7989502,-1029.90137
41,-120,-1384,41.8774643,-44.9870262,-1383.52039
53,-90,-1405,53.8764,-15.0482645,-1404.51855
52,-120,-1404,52.8771286,-45.0148659,-1403.51978
53,-90,-1405,53.0762749,-86.3906631,-1404.00293
57,-74,-1401,57.0761528,-70.3911514,-1400.00293
90,-74,-1404,90.097847,-70.390686,-1403.00488
90,-74,-1361,90.1693573,-71.6041565,-1361.98547
57,-74,-1367,57.1804657,-71.6041565,-1367.98352
52,-90,-1361,52.1693573,-87.6042938,-1361.98547
52,-90,-1361,52.8002396,-87.891098,-1361.59961
57,-74,-1367,57.791317,-71.8911591,-1367.61133
44,-74,-1384,44.7852478,-71.8914413,-1384.61914
52,-90,-1361,52.9016037,-84.2111511,-1361.4325
44,-74,-1384,44.9025993,-68.2131042,-1384.43042
41,-90,-1384,41.9015236,-84.2129822,-1384.43262
41,-90,-1384,41.8002815,-83.244194,-1383.40039
44,-74,-1384,44.8003807,-67.2434387,-1383.40051
57,-74,-1401,57.7885323,-67.2421951,-1400.38501
41,-90,-1384,41.865654,-87.1338501,-1383.49939
57,-74,-1401,57.8708153,-71.134903,-1400.50842
53,-90,-1405,53.8654366,-87.1353607,-1404.49902
-172,-85,-1615,-172.613403,-78.6416016,-1614.21033
-172,-75,-1613,-172.60022,-68.6407471,-1612.2002
-156,-75,-1601,-156.608322,-68.6415176,-1600.20642
-172,-85,-1615,-172.583405,-80.1215363,-1614.18787
-156,-75,-1601,-156.579193,-70.1233292,-1600.18481
-151,-85,-1600,-151.575378,-80.1233215,-1599.18213
-151,-85,-1600,-151.999069,-82.9978409,-1600.04297
-156,-75,-1601,-156.999069,-72.9978409,-1601.04297
-156,-75,-1561,-156.999069,-72.9978409,-1561.04297
-151,-85,-1600,-151.999069,-82.9978409,-1600.04297
-156,-75,-1561,-156.999069,-72.9978409,-1561.04297
-151,-85,-1570,-151.999069,-82.9978409,-1570.04297
-194,-85,-1570,-193.000885,-83.0049057,-1570.04199
-189,-75,-1561,-188.000885,-73.0049057,-1561.04199
-189,-75,-1601,-188.000885,-73.0049057,-1601.04199
-194,-85,-1570,-193.000885,-83.0049057,-1570.04199
-189,-75,-1601,-188.000885,-73.0049057,-1601.04199
-194,-85,-1600,-193.000885,-83.0049057,-1600.04199
-194,-85,-1600,-193.430023,-80.2267838,-1599.17834
-189,-75,-1601,-188.430023,-70.2267838,-1600.17834
-172,-75,-1613,-171.422913,-70.2273865,-1612.18335
-194,-85,-1600,-193.437134,-79.0249176,-1599.17346
-172,-75,-1613,-171.440735,-69.0244751,-1612.17102
-172,-85,-1615,-171.437851,-79.0249176,-1614.17297
-254,-85,-1600,-253.402771,-82.2135468,-1599.198
-248,-75,-1600,-247.398743,-72.2136688,-1599.20105
-232,-75,-1612,-231.402847,-72.2136688,-1611.19788
-254,-85,-1600,-253.440033,-81.0230255,-1599.17151
-232,-75,-1612,-231.437134,-71.021553,-1611.17346
-232,-85,-1615,-231.437134,-81.0220108,-1614.17346
-254,-85,-1570,-253.000885,-83.3301544,-1570.04199
-248,-75,-1562,-247.000885,-73.3300095,-1562.04199
-248,-75,-1600,-247.000885,-73.3300095,-1600.04199
-254,-85,-1570,-253.000885,-83.3301544,-1570.04199
-248,-75,-1600,-247.000885,-73.3300095,-1600.04199
-254,-85,-1600,-253.000885,-83.3301544,-1600.04199
-211,-85,-1600,-211.999069,-83.3432007,-1600.04297
-217,-75,-1600,-217.999069,-73.3430634,-1600.04297
-217,-75,-1562,-217.999069,-73.3430634,-1562.04297
-211,-85,-1600,-211.999069,-83.3432007,-1600.04297
-217,-75,-1562,-217.999069,-73.3430634,-1562.04297
-211,-85,-1570,-211.999069,-83.3432007,-1570.04297
-232,-85,-1615,-232.630859,-80.6601028,-1614.22412
-232,-75,-1612,-232.624817,-70.660408,-1611.21924
-217,-75,-1600,-217.624573,-70.6614761,-1599.21912
-232,-85,-1615,-232.579346,-82.2088013,-1614.18494
-217,-75,-1600,-217.587646,-72.2079926,-1599.19092
-211,-85,-1600,-211.575012,-82.2080612,-1599.18188
-433,225,-1352,-432.000885,227.088135,-1352.04199
-422,248,-1356,-421.000885,250.087143,-1356.04199
-422,248,-1383,-421.000885,250.087143,-1383.04199
-433,225,-1352,-432.000885,227.088135,-1352.04199
-422,248,-1383,-421.000885,250.087143,-1383.04199
-433,225,-1383,-432.000885,227.088135,-1383.04199
-412,225,-1337,-411.373657,227.697876,-1337.77954
-412,248,-1348,-411.373657,250.697693,-1348.77954
-422,248,-1356,-421.373657,250.697693,-1356.77954
-412,225,-1337,-411.422913,227.395081,-1337.81665
-422,248,-1356,-421.422913,250.394531,-1356.81665
-433,225,-1352,-432.422913,227.39476,-1352.81665
-345,225,-1337,-345.042267,227.059128,-1337.99902
-345,248,-1348,-345.042267,250.057999,-1348.99902
-412,248,-1348,-412.042267,250.057999,-1348.99902
-345,225,-1337,-345.042267,227.059128,-1337.99902
-412,248,-1348,-412.042267,250.057999,-1348.99902
-412,225,-1337,-412.042267,227.059128,-1337.99902
185,-84,-1097,184.177811,-82.3188324,-1096.43079
181,-66,-1084,180.174545,-64.3189011,-1083.43555
190,-66,-1071,189.174545,-64.3191376,-1070.43555
185,-84,-1097,184.202652,-82.4752502,-1096.39648
190,-66,-1071,189.202652,-64.475029,-1070.39648
205,-84,-1071,204.202652,-82.4752502,-1070.39648
150,-84,-1097,149.955826,-82.6427689,-1096.00098
150,-66,-1084,149.955826,-64.6426926,-1083.00098
181,-66,-1084,180.955826,-64.6426926,-1083.00098
150,-84,-1097,149.955826,-82.6427689,-1096.00098
181,-66,-1084,180.955826,-64.6426926,-1083.00098
185,-84,-1097,184.955826,-82.6427689,-1096.00098
205,-75,-1019,204.194778,-69.4664307,-1019.59296
181,-53,-993,180.194901,-47.4698029,-993.59314
186,-75,-993,185.194687,-69.4694672,-993.592834
205,-75,-1019,204.056091,-73.4542618,-1019.3302
190,-53,-1019,189.056198,-51.4541969,-1019.33051
181,-53,-993,180.054123,-51.4541435,-993.324524
190,-53,-1019,189.005966,-51.5355225,-1018.89093
205,-75,-1019,204.006897,-73.5350113,-1018.88281
205,-84,-1071,204.006897,-82.5356674,-1070.88281
190,-53,-1019,189.021881,-51.7590523,-1018.79199
205,-84,-1071,204.022934,-82.7587814,-1070.78711
190,-66,-1071,189.022934,-64.758461,-1070.78711
190,-66,-1454,189.009048,-64.7546387,-1454.13416
205,-84,-1454,204.008911,-82.7547836,-1454.13318
205,-75,-1506,204.009109,-73.7534714,-1506.13464
190,-66,-1454,189.012909,-64.4791107,-1454.16016
205,-75,-1506,204.012955,-73.4779053,-1506.1604
190,-53,-1506,189.013092,-51.4776764,-1506.16125
181,-53,-1533,180.052032,-51.4185257,-1532.68164
190,-53,-1506,189.052032,-51.4190865,-1505.68164
205,-75,-1506,204.052032,-73.4192047,-1505.68164
186,-75,-1533,185.176559,-69.7036209,-1532.43262
181,-53,-1533,180.176559,-47.7046242,-1532.43262
205,-75,-1506,204.178574,-69.7026138,-1505.42969
185,-84,-1428,184.955826,-82.5805359,-1428.99902
181,-66,-1441,180.955826,-64.5803604,-1441.99902
150,-66,-1441,149.955826,-64.5803604,-1441.99902
185,-84,-1428,184.955826,-82.5805359,-1428.99902
150,-66,-1441,149.955826,-64.5803604,-1441.99902
150,-84,-1428,149.955826,-82.5805359,-1428.99902
205,-84,-1454,204.178574,-82.5663834,-1454.57031
190,-66,-1454,189.172958,-64.5656357,-1454.56213
181,-66,-1441,180.173538,-64.5652008,-1441.56299
205,-84,-1454,204.202652,-82.4098129,-1454.60352
181,-66,-1441,180.203491,-64.4095459,-1441.60461
185,-84,-1428,184.202652,-82.4095764,-1428.60352
635,-84,-1071,635.819031,-82.5139618,-1070.42627
650,-66,-1071,650.818787,-64.5131607,-1070.4259
659,-66,-1084,659.818787,-64.5127792,-1083.4259
635,-84,-1071,635.789673,-82.3665619,-1070.38647
659,-66,-1084,659.788818,-64.3663559,-1083.38538
655,-84,-1097,655.78833,-82.3663864,-1096.38477
655,-84,-1097,654.955872,-82.6427689,-1096.00098
659,-66,-1084,658.955872,-64.6426926,-1083.00098
690,-66,-1084,689.955872,-64.6426926,-1083.00098
655,-84,-1097,654.955872,-82.6427689,-1096.00098
690,-66,-1084,689.955872,-64.6426926,-1083.00098
690,-84,-1097,689.955872,-82.6427689,-1096.00098
654,-75,-993,654.803223,-69.5149536,-993.595642
659,-53,-993,659.805969,-47.515625,-993.591797
635,-75,-1019,635.800598,-69.5122528,-1019.59918
659,-53,-993,659.945923,-51.4707909,-993.324219
650,-53,-1019,650.940125,-51.4710159,-1019.34076
635,-75,-1019,635.945984,-73.4709091,-1019.3241
650,-66,-1071,650.988464,-64.8184891,-1070.84863
635,-84,-1071,635.988403,-82.8186646,-1070.84827
635,-75,-1019,635.988403,-73.8173523,-1018.84821
650,-66,-1071,650.984497,-64.55159,-1070.82471
635,-75,-1019,635.984436,-73.5503845,-1018.82428
650,-53,-1019,650.984436,-51.5501823,-1018.82428
650,-53,-1506,650.993103,-51.5075722,-1506.11719
635,-75,-1506,635.993042,-73.5071182,-1506.11719
635,-84,-1454,635.99231,-82.5077133,-1454.12378
650,-53,-1506,650.978333,-51.7982521,-1506.20703
635,-84,-1454,635.978638,-82.7979355,-1454.20557
650,-66,-1454,650.978271,-64.7977142,-1454.20703
635,-75,-1506,635.946106,-73.4283905,-1505.67615
650,-53,-1506,650.947266,-51.4281616,-1505.67957
659,-53,-1533,659.947021,-51.4276581,-1532.67883
635,-75,-1506,635.818787,-69.6822433,-1505.4259
659,-53,-1533,659.819641,-47.684082,-1532.42712
654,-75,-1533,654.819641,-69.683075,-1532.42712
690,-84,-1428,689.955872,-82.5805359,-1428.99902
690,-66,-1441,689.955872,-64.5803604,-1441.99902
659,-66,-1441,658.955872,-64.5803604,-1441.99902
690,-84,-1428,689.955872,-82.5805359,-1428.99902
659,-66,-1441,658.955872,-64.5803604,-1441.99902
654,-84,-1428,653.955872,-82.5805359,-1428.99902
654,-84,-1428,654.813782,-82.4399033,-1428.58105
659,-66,-1441,659.818787,-64.4396591,-1441.5741
650,-66,-1454,650.819641,-64.4398804,-1454.57288
654,-84,-1428,654.808899,-82.5371704,-1428.58789
650,-66,-1454,650.805908,-64.5381546,-1454.5918
635,-84,-1454,635.809021,-82.5376053,-1454.58777
1716,120,-963,1716.92053,156.076767,-962.609375
1723,360,-963,1723.92542,396.187225,-962.621094
1734,356,-990,1734.9176,392.164703,-989.602539
1734,120,-990,1733.75879,161.077789,-989.029541
1760,360,-978,1759.77588,401.060455,-977.025452
1760,120,-984,1759.75879,161.067764,-983.029541
-658,-75,-1386,-658.999023,-65.9250412,-1386.04297
-653,-120,-1180,-653.999023,-110.919525,-1180.04297
-653,-120,-1386,-653.999023,-110.919525,-1386.04297
-753,43,-1420,-753.999023,46.801075,-1420.04297
-726,-60,-1425,-726.999023,-56.1946945,-1425.04297
-753,43,-1443,-753.999023,46.801075,-1443.04297
-769,43,-1420,-768.000977,46.7165794,-1420.04297
-769,43,-1443,-768.000977,46.7165794,-1443.04297
-797,-60,-1425,-796.000977,-56.276783,-1425.04297
-827,-31,-1540,-827.999023,-26.9691029,-1540.04297
-827,-31,-1654,-827.999023,-26.9691029,-1654.04297
-851,65,-1615,-851.999023,69.0340042,-1615.04297
-827,-31,-1540,-827.999023,-26.9691029,-1540.04297
-851,65,-1615,-851.999023,69.0340042,-1615.04297
-851,65,-1585,-851.999023,69.0340042,-1585.04297
-810,-113,-1600,-810.999023,-108.145523,-1600.04297
-827,-31,-1654,-827.999023,-26.1486301,-1654.04297
-827,-31,-1540,-827.999023,-26.1486301,-1540.04297
-810,-113,-1600,-810.978333,-96.7462769,-1599.79297
-825,-60,-1653,-825.97467,-43.7560692,-1652.77637
-827,-31,-1654,-827.978333,-14.75389,-1653.79297
-810,-113,-1540,-810.999023,-108.145523,-1540.04297
-810,-113,-1600,-810.999023,-108.145523,-1600.04297
-827,-31,-1540,-827.999023,-26.1486301,-1540.04297
-753,43,-1456,-753.999023,50.4082184,-1456.04297
-756,65,-1456,-756.999023,72.4098053,-1456.04297
-756,65,-1420,-756.999023,72.4098053,-1420.04297
-753,43,-1456,-753.999023,50.4082184,-1456.04297
-756,65,-1420,-756.999023,72.4098053,-1420.04297
-753,43,-1420,-753.999023,50.4082184,-1420.04297
-769,43,-1420,-768.000977,50.2478447,-1420.04297
-766,65,-1420,-765.000977,72.2494278,-1420.04297
-766,65,-1456,-765.000977,72.2494278,-1456.04297
-769,43,-1420,-768.000977,50.2478447,-1420.04297
-766,65,-1456,-765.000977,72.2494278,-1456.04297
-769,43,-1456,-768.000977,50.2478447,-1456.04297
-719,-120,-1495,-718.955872,-103.952606,-1494.00098
-810,-113,-1493,-809.956055,-96.9678955,-1492.00098
-797,-60,-1490,-796.959961,-43.9705162,-1489.00085
-719,-120,-1495,-719.042969,-108.118713,-1494.00098
-797,-60,-1490,-797.042969,-48.114666,-1489.00098
-726,-60,-1490,-726.042969,-48.114666,-1489.00098
-719,-120,-1495,-718.959961,-113.005608,-1494.00085
-810,-120,-1494,-809.957031,-112.997841,-1493.00098
-810,-113,-1493,-809.957031,-105.997627,-1492.00098
-810,-113,-1420,-809.000977,-108.958755,-1420.04297
-797,-60,-1425,-796.000977,-55.9596024,-1425.04297
-797,-60,-1490,-796.000977,-55.9596024,-1490.04297
-810,-113,-1420,-809.000977,-108.958755,-1420.04297
-797,-60,-1490,-796.000977,-55.9596024,-1490.04297
-810,-113,-1493,-809.000977,-108.958755,-1493.04297
-728,-120,-1848,-727.000977,-112.570564,-1848.04297
-728,-120,-1828,-727.000977,-112.570564,-1828.04297
-720,-60,-1836,-719.000977,-52.5751648,-1836.04297
-728,-120,-1848,-727.000977,-112.570564,-1848.04297
-720,-60,-1836,-719.000977,-52.5751648,-1836.04297
-720,-60,-1848,-719.000977,-52.5751648,-1848.04297
-585,-80,-1860,-585.999023,-70.0886536,-1860.04297
-585,-80,-1900,-585.999023,-70.0886536,-1900.04297
-587,-60,-1900,-587.999023,-50.0862007,-1900.04297
-585,-80,-1860,-585.999023,-70.0886536,-1860.04297
-587,-60,-1900,-587.999023,-50.0862007,-1900.04297
-587,-60,-1836,-587.999023,-50.0862007,-1836.04297
-585,-80,-1860,-585.998962,-54.9876175,-1860.04407
-587,-60,-1836,-587.999023,-34.9866982,-1836.04382
-585,-120,-1828,-585.999023,-94.9863968,-1828.04382
-728,-120,-1828,-728.042969,-112.312431,-1828.99902
-585,-120,-1828,-585.042969,-112.312431,-1828.99902
-587,-60,-1836,-587.042969,-52.3170357,-1836.99902
-728,-120,-1828,-728.042969,-112.312431,-1828.99902
-587,-60,-1836,-587.042969,-52.3170357,-1836.99902
-720,-60,-1836,-720.042969,-52.3170357,-1836.99902
-866,14,-1794,-866.998962,105.699631,-1793.95508
-863,-20,-1736,-863.999023,71.7292404,-1735.95605
-866,-20,-1802,-866.999023,71.6892395,-1801.95593
-726,-60,-1490,-726.999023,-53.4079552,-1490.04297
-726,-60,-1425,-726.999023,-53.4079552,-1425.04297
-717,-120,-1420,-717.999023,-113.402832,-1420.04297
-726,-60,-1490,-726.999084,-51.5288124,-1489.95728
-717,-120,-1420,-717.999084,-111.535263,-1419.95728
-719,-120,-1495,-719.999023,-111.528534,-1494.95593
-810,-80,-1829,-810.042969,-77.4535828,-1829.99902
-810,-57,-1838,-810.042969,-54.4532814,-1838.99902
-885,-57,-1838,-885.042969,-54.4532814,-1838.99902
-810,-80,-1829,-810.042969,-77.4535828,-1829.99902
-885,-57,-1838,-885.042969,-54.4532814,-1838.99902
-885,-80,-1829,-885.042969,-77.4535828,-1829.99902
-810,-60,-1900,-810.998962,-57.9024086,-1900.04297
-820,-39,-1846,-820.999023,-36.9029045,-1846.04297
-810,-60,-1848,-810.998962,-57.9024086,-1848.04297
-810,-60,-1900,-810.999023,-58.3862038,-1899.95593
-820,-44,-1900,-820.998962,-42.3865776,-1899.95508
-820,-39,-1846,-820.998962,-37.3869591,-1845.95508
-820,-44,-1900,-820.999023,-40.6657791,-1899.95593
-838,20,-1849,-838.999084,23.3341637,-1848.95728
-820,-39,-1846,-820.999023,-35.6668739,-1845.95593
-820,-44,-1900,-820.999023,-40.4626961,-1900.04297
-838,20,-1900,-838.999023,23.5335484,-1900.04297
-838,20,-1849,-838.999023,23.5335484,-1849.04297
-810,-57,-1838,-810.042969,-54.7329254,-1838.99902
-820,-39,-1846,-820.042969,-36.732872,-1846.99902
-885,-39,-1846,-885.042969,-36.732872,-1846.99902
-810,-57,-1838,-810.042969,-54.7329254,-1838.99902
-885,-39,-1846,-885.042969,-36.732872,-1846.99902
-885,-57,-1838,-885.042969,-54.7329254,-1838.99902
-820,-39,-1846,-820.042969,-19.0450916,-1846.99902
-838,20,-1849,-838.042969,39.9531059,-1849.99902
-885,20,-1849,-885.042969,39.9531059,-1849.99902
-820,-39,-1846,-820.042969,-19.0450916,-1846.99902
-885,20,-1849,-885.042969,39.9531059,-1849.99902
-885,-39,-1846,-885.042969,-19.0450916,-1846.99902
-838,20,-1900,-838.999023,23.7837105,-1900.04297
-850,65,-1900,-850.999023,68.783165,-1900.04297
-850,65,-1861,-850.999023,68.783165,-1861.04297
-838,20,-1900,-838.999023,23.7837105,-1900.04297
-850,65,-1861,-850.999023,68.783165,-1861.04297
-838,20,-1849,-838.999023,23.7837105,-1849.04297
-838,20,-1849,-838.042969,23.8291912,-1849.99902
-850,65,-1861,-850.042969,68.8288803,-1861.99902
-885,65,-1861,-885.042969,68.8288803,-1861.99902
-838,20,-1849,-838.042969,23.8291912,-1849.99902
-885,65,-1861,-885.042969,68.8288803,-1861.99902
-885,20,-1849,-885.042969,23.8291912,-1849.99902
-883,14,-1734,-883.2052,22.7210121,-1734.97864
-863,14,-1738,-863.205872,22.7199459,-1738.97852
-863,65,-1744,-863.185791,73.7223892,-1744.98254
-883,14,-1734,-883.2052,22.7210121,-1734.97864
-863,65,-1744,-863.185791,73.7223892,-1744.98254
-883,65,-1740,-883.205811,73.7234497,-1740.97852
-883,14,-1734,-883.205139,30.7738342,-1734.97864
-883,-20,-1732,-883.2052,-3.22406697,-1732.97864
-863,-20,-1736,-863.2052,-3.21982741,-1736.97864
-883,14,-1734,-883.205139,30.7738342,-1734.97864
-863,-20,-1736,-863.2052,-3.21982741,-1736.97864
-863,14,-1738,-863.205139,30.7780743,-1738.97864
-883,14,-1797,-883.175171,18.1473446,-1796.0155
-866,14,-1794,-866.185547,18.1478844,-1793.01746
-866,-20,-1802,-866.185547,-15.8508072,-1801.01746
-883,14,-1797,-883.243164,17.9485722,-1796.03003
-866,-20,-1802,-866.243164,-16.0523472,-1801.03003
-883,-20,-1806,-883.243164,-16.0513687,-1805.03003
-767,-60,-1848,-766.000977,-56.2870407,-1848.04297
-751,0,-1870,-750.000977,3.71254802,-1870.04297
-751,0,-1900,-750.000977,3.71254802,-1900.04297
-767,-60,-1848,-766.000977,-56.2870407,-1848.04297
-751,0,-1900,-750.000977,3.71254802,-1900.04297
-767,-60,-1900,-766.000977,-56.2870407,-1900.04297
-751,0,-1870,-750.000977,2.41790557,-1870.04297
-724,65,-1848,-723.000977,67.4154434,-1848.04297
-724,65,-1900,-723.000977,67.4154434,-1900.04297
-751,0,-1870,-750.000977,2.41790557,-1870.04297
-724,65,-1900,-723.000977,67.4154434,-1900.04297
-751,0,-1900,-750.000977,2.41790557,-1900.04297
-726,-60,-1490,-726.999023,-56.1946945,-1490.04297
-753,43,-1456,-753.999023,46.801075,-1456.04297
-753,43,-1443,-753.999023,46.801075,-1443.04297
-726,-60,-1490,-726.999023,-56.1946945,-1490.04297
-753,43,-1443,-753.999023,46.801075,-1443.04297
-726,-60,-1425,-726.999023,-56.1946945,-1425.04297
-797,-60,-1425,-796.000977,-56.276783,-1425.04297
-769,43,-1443,-768.000977,46.7165794,-1443.04297
-769,43,-1456,-768.000977,46.7165794,-1456.04297
-797,-60,-1425,-796.000977,-56.276783,-1425.04297
-769,43,-1456,-768.000977,46.7165794,-1456.04297
-797,-60,-1490,-796.000977,-56.276783,-1490.04297
-885,38,-1664,-884.958679,138.106216,-1663.00085
-856,12,-1665,-855.956055,112.082466,-1664.00098
-884,-60,-1665,-883.955872,40.1950912,-1664.00098
-827,-31,-1540,-827.323303,-25.8859196,-1540.94629
-851,65,-1552,-851.319519,70.1173706,-1552.94751
-885,64,-1540,-885.322571,69.1195831,-1540.94653
-827,-31,-1654,-827.633118,-26.6668453,-1653.22595
-856,12,-1665,-856.632812,16.334549,-1664.22571
-851,65,-1645,-851.638855,69.33564,-1644.23071
-724,65,-1848,-724.042969,130.149261,-1848.99902
-720,-1,-1847,-720.042969,64.0948181,-1847.99902
-703,65,-1848,-703.042969,130.149261,-1848.99902
-827,-31,-1654,-827.999023,-26.9691029,-1654.04297
-851,65,-1645,-851.999023,69.0340042,-1645.04297
-851,65,-1615,-851.999023,69.0340042,-1615.04297
-851,65,-1552,-851.999023,69.0340042,-1552.04297
-827,-31,-1540,-827.999023,-26.9691029,-1540.04297
-851,65,-1585,-851.999023,69.0340042,-1585.04297
-726,-60,-1490,-726.042969,-57.0349655,-1489.00098
-797,-60,-1490,-797.042969,-57.0349655,-1489.00098
-769,43,-1456,-769.042969,45.9680252,-1455.00098
-726,-60,-1490,-726.042969,-57.0349655,-1489.00098
-769,43,-1456,-769.042969,45.9680252,-1455.00098
-753,43,-1456,-753.042969,45.9680252,-1455.00098
-797,-60,-1425,-797.042969,-54.2369537,-1425.99902
-726,-60,-1425,-726.042969,-54.2369537,-1425.99902
-753,43,-1443,-753.042969,48.7593689,-1443.99902
-797,-60,-1425,-797.042969,-54.2369537,-1425.99902
-753,43,-1443,-753.042969,48.7593689,-1443.99902
-769,43,-1443,-769.042969,48.7593689,-1443.99902
-153,270,-817,-153.042267,282.721771,-817.999084
-156,180,-810,-156.042267,192.727676,-810.999084
156,180,-810,155.95723,192.727676,-810.999084
-153,270,-817,-153.042267,282.721771,-817.999084
156,180,-810,155.95723,192.727676,-810.999084
153,270,-817,152.95723,282.721771,-817.999084
-153,270,-817,-152.3172,282.85144,-817.730591
-255,270,-916,-254.300156,282.876007,-916.714294
-260,180,-911,-259.318237,192.865509,-911.731567
-153,270,-817,-152.312195,282.603912,-817.725891
-260,180,-911,-259.313171,192.600464,-911.726807
-156,180,-810,-155.295212,192.599304,-810.709412
156,180,-810,155.287552,222.174561,-810.701721
248,180,-902,247.287674,222.174561,-902.701843
260,270,-917,259.286591,312.186066,-917.700745
156,180,-810,155.320343,192.48143,-810.733521
260,270,-917,259.320282,282.456757,-917.733459
153,270,-817,152.31929,282.464844,-817.732544
153,270,-817,153.67984,282.796814,-816.266663
260,270,-917,260.680908,282.810852,-916.267639
255,180,-922,255.682358,192.808929,-921.268982
153,270,-817,153.679886,281.323822,-816.266724
255,180,-922,255.67984,191.330048,-921.266663
150,180,-825,150.681366,191.339798,-824.268066
-150,180,-825,-150.682617,192.792236,-824.269226
-250,180,-921,-250.680389,192.815231,-920.267151
-255,270,-916,-255.681961,282.815613,-915.268616
-150,180,-825,-150.712128,191.658585,-824.297974
-255,270,-916,-255.712265,281.692474,-915.298096
-153,270,-817,-153.711075,281.658661,-816.296936
153,270,-817,152.95723,281.345428,-816.000916
150,180,-825,149.95723,191.340591,-824.000916
-150,180,-825,-150.042267,191.340591,-824.000916
153,270,-817,152.95723,281.345428,-816.000916
-150,180,-825,-150.042267,191.340591,-824.000916
-153,270,-817,-153.042267,281.345428,-816.000916
301,299,-790,301.999115,323.078583,-790.041992
300,300,-851,300.999115,324.084442,-851.041992
296,180,-794,296.999115,204.114624,-794.041992
271,300,-678,271.928375,311.530426,-677.628357
291,300,-728,291.928192,311.530426,-727.62793
265,180,-691,265.928253,191.533203,-690.628052
217,300,-642,217.679855,332.500793,-641.266663
265,180,-691,265.67981,212.501465,-690.266663
217,180,-647,217.679825,212.505447,-646.266663
174,300,-597,174.725311,342.914429,-596.311584
217,180,-647,217.726242,222.891739,-646.312561
173,180,-600,173.725296,222.916779,-599.311584
119,180,-577,119.394035,218.225891,-576.080933
174,300,-597,174.388992,338.295502,-596.078796
173,180,-600,173.389801,218.245667,-599.079102
-9,424,-951,-9.04261303,425.194794,-951.999023
13,431,-957,12.9572201,432.195129,-957.999084
-12,431,-957,-12.042613,432.195129,-957.999084
-12,431,-957,-11.3663511,433.55191,-957.773621
-36,404,-963,-35.3570786,406.553253,-963.76593
-9,424,-951,-8.36633968,426.551971,-951.77356
-9,424,-951,-8.57896328,454.244385,-951.907043
-36,404,-963,-35.5848007,434.263306,-963.909729
-17,403,-954,-16.5857353,433.254181,-954.910156
9,424,-951,8.53130913,443.698364,-951.883362
17,403,-954,16.5368729,422.694214,-954.886292
34,404,-963,33.5367584,423.691772,-963.88623
-9,424,-951,-9.04261303,425.194794,-951.999023
9,424,-951,8.95581722,425.194794,-951.999023
13,431,-957,12.9572201,432.195129,-957.999084
271,180,-886,271.72525,191.486298,-886.688477
276,300,-896,276.725342,311.489624,-896.688354
254,300,-919,254.725174,311.493805,-919.688477
226,180,-933,226.461945,191.794006,-933.886902
233,300,-941,233.459259,311.811066,-941.888245
175,300,-970,175.461288,311.821075,-970.887207
248,180,-909,248.725357,190.655609,-909.688354
254,300,-919,254.72525,310.659821,-919.688416
233,300,-941,233.725372,310.657837,-941.688354
-536,-120,-1386,-535.000977,-105.081696,-1386.04382
-533,-120,-1180,-532.000977,-105.074356,-1180.04297
-533,-75,-1386,-532.000977,-60.0738907,-1386.04297
6,320,-1731,5.33061981,322.796295,-1731.74292
31,299,-1743,30.3278198,301.797028,-1743.74036
10,327,-1738,9.33129787,329.796173,-1738.74353
-15,327,-1738,-14.3213882,329.231262,-1738.7345
-39,299,-1743,-38.3299446,301.231506,-1743.74231
-12,320,-1731,-11.3343267,322.231323,-1731.74622
-12,320,-1731,-11.5784254,351.417847,-1731.90674
-39,299,-1743,-38.5849342,330.421356,-1743.90979
-20,298,-1734,-19.5847778,329.420441,-1734.90967
6,320,-1731,5.53512478,341.142853,-1731.88538
14,298,-1734,13.5212107,319.138489,-1734.87793
31,299,-1743,30.5275326,320.143494,-1743.88135
-199,342,-1731,-199.662643,344.74469,-1731.7489
-174,322,-1743,-174.663895,324.744232,-1743.7478
-195,349,-1738,-195.662949,351.745087,-1738.74866
-220,349,-1738,-219.334579,351.207794,-1738.74646
-244,322,-1743,-243.333282,324.207825,-1743.74512
-217,342,-1731,-216.334305,344.207489,-1731.74622
-217,342,-1731,-216.589249,372.677277,-1731.91174
-244,322,-1743,-243.589249,352.69986,-1743.91174
-225,321,-1734,-224.589249,351.688904,-1734.91174
-199,342,-1731,-199.461319,361.686462,-1731.88708
-191,321,-1734,-191.472351,340.681091,-1734.88135
-174,322,-1743,-174.46228,341.682251,-1743.88672
72,343,-1544,72.7449341,345.72818,-1544.66711
84,323,-1519,84.7443924,325.72757,-1519.66772
79,350,-1540,79.7457123,352.728424,-1540.66626
79,350,-1565,79.7363129,352.21637,-1564.32336
84,323,-1589,84.7441864,325.216675,-1588.33203
72,343,-1562,72.7442856,345.21637,-1561.33215
72,343,-1562,72.9015579,359.292358,-1561.56738
84,323,-1589,84.901535,339.298828,-1588.56738
75,322,-1571,75.901535,338.294952,-1570.56738
72,343,-1544,72.8775101,362.862885,-1544.47949
75,322,-1536,75.8764572,341.857513,-1536.48145
84,323,-1519,84.8769379,342.856293,-1519.48059
70,329,-1364,70.7364197,331.816254,-1364.67651
83,308,-1339,83.7364197,310.817261,-1339.67651
77,336,-1360,77.7364273,338.816406,-1360.67651
77,336,-1385,77.7261658,338.314392,-1384.3125
83,308,-1409,83.7252502,310.315857,-1408.31152
70,329,-1382,70.7261505,331.314453,-1381.3125
70,329,-1382,70.8767929,349.917786,-1381.51917
83,308,-1409,83.8774643,328.927368,-1408.52039
73,307,-1390,73.8766708,327.924835,-1389.51892
70,329,-1364,70.8656006,344.08371,-1364.50073
73,307,-1356,73.8654022,322.086243,-1356.50098
83,308,-1339,83.8573761,323.084351,-1339.51465
-265,348,-1516,-265.749359,350.635132,-1515.33789
-277,328,-1541,-277.754425,330.634521,-1540.34375
-272,355,-1520,-272.749512,357.635345,-1519.33801
-272,355,-1495,-272.754486,357.169861,-1495.65625
-277,328,-1471,-277.749725,330.170471,-1471.66174
-265,348,-1498,-265.749298,350.169861,-1498.66211
-265,348,-1498,-265.90387,377.455505,-1498.42773
-277,328,-1471,-277.9039,357.478088,-1471.42773
-268,327,-1490,-268.90387,356.467133,-1490.42773
-265,348,-1516,-265.881561,367.542816,-1515.52795
-268,327,-1524,-268.880524,346.538055,-1523.526
-277,328,-1541,-277.879913,347.535614,-1540.5249
-265,351,-1279,-265.764465,353.613708,-1278.35547
-277,331,-1305,-277.764557,333.6138,-1304.35547
-272,358,-1283,-272.764984,360.614166,-1282.35596
-272,358,-1258,-272.735413,360.28418,-1258.67761
-277,331,-1235,-277.726166,333.284241,-1235.6875
-265,351,-1261,-265.735626,353.284546,-1261.67737
-265,351,-1261,-265.89682,374.54306,-1261.44238
-277,331,-1235,-277.89679,354.545135,-1235.44238
-268,330,-1253,-268.89679,353.544434,-1253.44238
-265,351,-1279,-265.896942,375.117279,-1278.55786
-268,330,-1287,-268.89682,354.119385,-1286.55762
-277,331,-1305,-277.89679,355.120087,-1304.55762
-265,271,-1386,-265.749298,273.717072,-1385.33789
-277,250,-1411,-277.749359,252.718155,-1410.33789
-272,278,-1390,-272.749512,280.717133,-1389.33801
-272,278,-1365,-272.735199,280.257538,-1365.67773
-277,250,-1341,-277.735229,252.257812,-1341.67773
-265,271,-1368,-265.735413,273.257904,-1368.67761
-265,271,-1368,-265.9039,300.382568,-1368.42773
-277,250,-1341,-277.903839,279.393097,-1341.42773
-268,250,-1360,-268.90448,279.391296,-1360.42651
-265,271,-1386,-265.880707,289.937653,-1385.52637
-268,250,-1394,-268.879669,268.933594,-1393.52441
-277,250,-1411,-277.879669,268.928894,-1410.52441
70,340,-1214,70.7364197,342.820709,-1214.67651
83,319,-1189,83.7361526,321.821716,-1189.67676
77,347,-1210,77.7364273,349.820862,-1210.67651
77,347,-1235,77.7269897,349.312531,-1234.31335
83,319,-1259,83.7261658,321.313843,-1258.3125
70,340,-1232,70.7265167,342.312592,-1231.31287
70,340,-1232,70.8779144,360.903412,-1231.52124
83,319,-1259,83.8767929,339.911713,-1258.51917
73,318,-1240,73.8769302,338.909821,-1239.51941
70,340,-1214,70.8573914,355.092712,-1214.51465
73,318,-1206,73.857399,333.096191,-1206.51465
83,319,-1189,83.865448,334.096161,-1189.50098
-151,323,-1049,-150.334442,325.673401,-1048.25366
-176,302,-1037,-175.334305,304.674469,-1036.25378
-155,330,-1042,-154.334442,332.673431,-1041.25366
-130,330,-1042,-130.677795,332.225189,-1041.26477
-106,302,-1037,-106.670319,304.225433,-1036.25793
-133,323,-1049,-133.677917,325.225403,-1048.26489
-133,323,-1049,-133.429993,354.332428,-1048.09717
-106,302,-1037,-106.415321,333.335938,-1036.09033
-125,301,-1046,-125.415787,332.333099,-1045.09058
-151,323,-1049,-150.536758,343.27597,-1048.11377
-159,301,-1046,-158.537231,321.274109,-1045.11353
-176,302,-1037,-175.537231,322.276611,-1036.11353
-61,53,-1055,-60.3409233,55.63237,-1054.24792
-86,33,-1043,-85.3410645,35.6319351,-1042.2478
-65,60,-1048,-64.3409271,62.6325912,-1047.24792
-40,60,-1048,-40.6693611,62.1812859,-1047.25708
-16,33,-1043,-16.6701908,35.1815948,-1042.25781
-43,53,-1055,-43.6703186,55.1811295,-1054.25793
-43,53,-1055,-43.4193039,82.5029755,-1054.09216
-16,33,-1043,-16.4161186,62.5237312,-1042.0907
-35,32,-1052,-35.4182587,61.5146065,-1051.09167
-61,53,-1055,-60.5372238,72.671257,-1054.11353
-69,32,-1052,-68.5368042,51.6658936,-1051.11377
-86,33,-1043,-85.5374603,52.6646614,-1042.1134
-267,65,-1159,-267.784119,68.2561874,-1158.37939
-279,45,-1184,-279.783813,48.256691,-1183.37903
-273,72,-1163,-273.783997,75.2563782,-1162.37927
-267,65,-1141,-267.999054,66.1725769,-1141.04297
-273,72,-1163,-273.999054,73.1728516,-1163.04297
-273,72,-1138,-273.999054,73.1728516,-1138.04297
-273,72,-1138,-273.776642,74.5277023,-1138.62988
-279,45,-1114,-279.772797,47.5293617,-1114.63464
-267,65,-1141,-267.776642,67.5277481,-1141.62988
-267,65,-1141,-267.88089,75.7980881,-1141.47327
-279,45,-1114,-279.883911,55.7993698,-1114.46765
-269,44,-1133,-269.88324,54.7967224,-1133.46887
-267,65,-1159,-267.86145,74.320549,-1158.49219
-269,44,-1167,-269.861603,53.3223152,-1166.49243
-279,45,-1184,-279.86145,54.3250999,-1183.49219
-267,65,-1141,-267.999054,66.1725769,-1141.04297
-267,65,-1159,-267.999054,66.1725769,-1159.04297
-273,72,-1163,-273.999054,73.1728516,-1163.04297
70,66,-1141,70.7444992,68.7473907,-1141.6676
82,45,-1116,82.7441406,47.7482986,-1116.66797
77,73,-1137,77.7441559,75.7472687,-1137.66797
77,73,-1162,77.7444077,75.2073288,-1161.33228
82,45,-1186,82.7363129,47.2077332,-1185.32336
70,66,-1159,70.736412,68.207695,-1158.32349
70,66,-1159,70.9026184,97.563652,-1158.56958
82,45,-1186,82.9025116,76.5700455,-1185.56934
73,44,-1167,73.9030914,75.5671997,-1166.57056
70,66,-1141,70.877037,86.615448,-1141.48035
73,44,-1133,73.8764572,64.6123505,-1133.48145
82,45,-1116,82.8768768,65.6160889,-1116.48071
70,51,-1498,70.7443924,53.7245636,-1498.66772
82,31,-1473,82.75634,33.7241287,-1473.65417
77,58,-1494,77.7447357,60.7247849,-1494.66736
77,58,-1519,77.7441406,60.21381,-1518.33203
82,31,-1543,82.7446136,33.214119,-1542.33252
70,51,-1516,70.736763,53.2136536,-1515.32385
70,51,-1516,70.9024887,81.5249863,-1515.56934
82,31,-1543,82.9025269,61.5475731,-1542.56946
73,30,-1524,73.9025116,60.5384445,-1523.56934
70,51,-1498,70.8764725,70.8045654,-1498.48145
73,30,-1490,73.8771362,49.8004036,-1490.48022
82,31,-1473,82.8765945,50.7979698,-1473.4812
70,80,-1648,70.7434998,82.7531815,-1648.6687
82,59,-1623,82.7440948,61.7539101,-1623.66797
77,87,-1644,77.7433243,89.7530518,-1644.66882
77,87,-1669,77.7444,89.1959915,-1668.33228
82,59,-1693,82.7373123,61.1963997,-1692.32446
70,80,-1666,70.7363129,82.1963577,-1665.32336
70,80,-1666,70.9024887,111.636093,-1665.56934
82,59,-1693,82.9024734,90.6415253,-1692.56934
73,58,-1674,73.902504,89.6386795,-1673.56934
70,80,-1648,70.8771744,100.630096,-1648.4801
73,58,-1640,73.8764572,78.6269989,-1640.48145
82,59,-1623,82.8764572,79.6294785,-1623.48145
671,52,-1458,671.733582,54.5578575,-1458.67957
683,31,-1433,683.733459,33.556427,-1433.67969
678,58,-1454,678.732544,60.5575104,-1454.68066
678,58,-1479,678.715942,60.0693703,-1478.30188
683,31,-1503,683.716553,33.0687294,-1502.30249
671,52,-1476,671.716064,54.0691338,-1475.302
671,52,-1476,671.904907,83.6255035,-1475.57446
683,31,-1503,683.90387,62.6309357,-1502.57227
674,30,-1484,674.904785,61.6280899,-1483.57422
671,52,-1458,671.876404,72.8068237,-1458.48145
674,30,-1450,674.88324,50.8074951,-1450.46875
683,31,-1433,683.883301,51.8099785,-1433.46875
671,52,-1368,671.716797,54.5545464,-1368.69727
683,31,-1343,683.731628,33.5534477,-1343.68164
678,58,-1364,678.733582,60.5545273,-1364.67957
678,58,-1389,678.715942,60.068325,-1388.30188
683,31,-1413,683.714417,33.0677567,-1412.30029
671,52,-1386,671.712463,54.0680885,-1385.29834
671,52,-1386,671.904846,83.6120758,-1385.57434
683,31,-1413,683.90387,62.6175156,-1412.57227
674,30,-1394,674.904785,61.6146698,-1393.57422
671,52,-1368,671.883911,72.8093338,-1368.46765
674,30,-1360,674.883301,50.8074951,-1360.46875
683,31,-1343,683.883179,51.8074646,-1343.46875
671,52,-1139,671.732483,54.5469246,-1139.68066
683,31,-1114,683.732788,33.545826,-1114.68042
678,58,-1135,678.716797,60.5465736,-1135.69727
678,58,-1160,678.716187,60.065609,-1159.30212
683,31,-1184,683.715942,33.0649681,-1183.30188
671,52,-1157,671.716309,54.0653725,-1156.30225
671,52,-1157,671.905396,83.5791855,-1156.57544
683,31,-1184,683.90509,62.5846176,-1183.57483
674,30,-1165,674.905457,61.5827293,-1164.57556
671,52,-1139,671.88324,72.801796,-1139.46875
674,30,-1131,674.876404,50.7974434,-1131.48145
683,31,-1114,683.88324,51.8024406,-1114.46875
673,52,-1049,673.730713,54.5436096,-1049.68262
685,31,-1024,685.733459,33.5421791,-1024.67969
680,58,-1045,680.733459,60.5432625,-1045.67969
680,58,-1070,680.714417,60.0645638,-1069.30029
685,31,-1094,685.715027,33.0639229,-1093.3009
673,52,-1067,673.715027,54.0643272,-1066.3009
673,52,-1067,673.905334,83.5660019,-1066.57532
685,31,-1094,685.905029,62.571434,-1093.57471
676,30,-1075,676.905396,61.5695496,-1074.57544
673,52,-1049,673.88324,72.801796,-1049.46875
676,30,-1041,676.883606,50.7999573,-1041.46814
685,31,-1024,685.88324,51.8024406,-1024.46875
1525,120,-1563,1524.07397,158.461746,-1563.37744
1518,360,-1563,1517.07422,398.572205,-1563.37805
1507,356,-1536,1506.0719,394.549652,-1536.37231
1507,120,-1536,1507.20544,160.656754,-1536.97864
1481,360,-1548,1481.22803,400.639404,-1548.97363
1481,120,-1542,1481.21777,160.651733,-1542.97595
1320,120,-1168,1319.62109,156.883087,-1167.07458
1320,360,-1161,1319.62109,396.989014,-1160.07458
1347,356,-1150,1346.60938,392.971008,-1149.07947
1347,120,-1150,1346.0155,154.715958,-1150.17505
1335,360,-1124,1334.01746,394.759796,-1124.18591
1342,120,-1124,1341.01929,154.72876,-1124.19531
1921,120,-1358,1921.37292,157.662231,-1358.92786
1921,360,-1365,1921.3623,397.763611,-1365.93201
1894,356,-1376,1894.37219,393.750153,-1376.9281
1894,120,-1376,1894.97839,155.121063,-1375.79333
1906,360,-1402,1906.9823,395.164917,-1401.81274
1899,120,-1402,1899.98059,155.138123,-1401.80396
1476,120,-983,1476.41113,156.360275,-982.08844
1481,360,-978,1481.41211,396.423737,-977.088867
1507,356,-990,1507.41125,392.419434,-989.088501
1507,120,-990,1506.16541,158.450333,-989.449158
1517,360,-963,1516.16589,398.392426,-962.448425
1522,120,-967,1521.16602,158.450333,-966.448242
1900,120,-1118,1900.92542,156.607834,-1118.37891
1905,360,-1123,1905.92529,396.609528,-1123.37878
1894,356,-1150,1894.92542,392.600616,-1150.37891
1894,120,-1150,1894.53442,162.951599,-1149.15479
1920,360,-1160,1920.53442,402.864685,-1159.15479
1916,120,-1164,1916.52795,162.946289,-1163.15076
1765,120,-1543,1764.57263,155.950989,-1543.90405
1760,360,-1548,1759.5874,396.014465,-1548.91089
1734,356,-1536,1733.58765,392.01236,-1536.91101
1734,120,-1536,1734.82935,156.556137,-1536.55859
1724,360,-1563,1724.83374,396.502838,-1563.55212
1719,120,-1559,1719.82947,156.556137,-1559.55847
1341,120,-1408,1340.07422,157.391586,-1407.62195
1336,360,-1403,1335.07385,397.39328,-1402.62292
1347,356,-1376,1346.06799,393.375397,-1375.63757
1347,120,-1376,1346.46216,159.175308,-1376.84302
1320,360,-1366,1319.46387,399.165558,-1366.84412
1325,120,-1362,1324.46387,159.177719,-1362.84412
174,300,-597,174.195541,310.715179,-596.019348
118,423,-574,118.200363,433.705872,-573.020325
173,423,-585,173.200562,433.709778,-584.020325
173,423,-585,173.742538,440.076263,-584.3302
214,428,-630,214.742416,445.092102,-629.330078
174,300,-597,174.742523,317.063019,-596.3302
214,428,-630,214.601151,444.514893,-629.200867
261,429,-666,261.599426,445.505707,-665.199585
217,300,-642,217.599258,316.535095,-641.199463
60,270,-570,60.0973969,333.067047,-569.004761
118,300,-575,118.097397,363.085449,-574.004761
119,180,-577,119.097397,243.092972,-576.004761
-293,300,-851,-293.976715,319.01944,-851.214539
-299,180,-793,-299.976898,199.024277,-793.213684
-287,180,-849,-287.976624,199.014359,-849.214844
-265,180,-897,-265.912018,199.200912,-897.410095
-293,300,-851,-293.911987,319.17276,-851.410156
-287,180,-849,-287.904327,199.202087,-849.426819
-242,300,-924,-242.711975,341.968842,-924.702148
-265,180,-897,-265.712189,221.954361,-897.701965
-244,180,-918,-244.712021,221.954361,-918.702148
-223,180,-940,-223.726181,224.308365,-940.6875
-242,300,-924,-242.726181,344.307434,-924.6875
-244,180,-918,-244.726288,224.305649,-918.687378
118,300,-575,118.358116,379.887909,-574.066345
174,300,-597,174.365524,379.811951,-596.069214
119,180,-577,119.357918,259.759216,-576.066284
174,300,-597,174.725235,334.577271,-596.311523
217,300,-642,217.725357,334.556061,-641.311646
217,180,-647,217.72525,214.577744,-646.311523
217,300,-642,217.561111,308.53125,-641.172302
271,300,-678,271.561127,308.535919,-677.172302
265,180,-691,265.560974,188.542725,-690.17218
265,180,-691,265.920624,192.058868,-690.609558
291,300,-728,291.92041,312.043518,-727.60907
284,180,-737,284.92218,192.05719,-736.613281
284,180,-737,284.977997,200.618393,-736.791382
301,299,-790,301.977997,319.62558,-789.791382
296,180,-794,296.977722,200.600906,-793.7901
296,180,-794,296.999023,199.562683,-794.043945
300,300,-851,300.999023,319.583649,-851.043762
294,180,-848,294.999023,199.556671,-848.043945
294,180,-848,294.854523,192.60173,-848.519409
276,300,-896,276.851532,312.587189,-896.524292
271,180,-886,271.85144,192.590851,-886.524414
271,180,-886,271.710144,190.407715,-886.704041
254,300,-919,254.70845,310.392365,-919.70575
248,180,-909,248.71019,190.407715,-909.703979
248,180,-909,248.73439,191.292007,-909.67865
233,300,-941,233.73439,311.291138,-941.678711
226,180,-933,226.735641,191.293396,-933.677368
217,300,-642,217.561066,328.7211,-641.172241
261,429,-666,261.557953,457.654175,-665.170166
271,300,-678,271.560974,328.705139,-677.17218
174,300,-597,174.72525,321.123108,-596.311523
214,428,-630,214.725235,449.146698,-629.311523
217,300,-642,217.725311,321.13269,-641.311584
118,300,-575,118.357346,432.196503,-574.06604
118,423,-574,118.357346,555.168518,-573.06604
174,300,-597,174.360062,432.208588,-596.067078
-180,300,-970,-180.521851,334.700714,-970.853027
-223,300,-944,-223.521652,334.692139,-944.853149
-223,180,-940,-223.521759,214.659409,-940.853088
-223,300,-944,-223.726196,343.266113,-944.687439
-242,300,-924,-242.726196,343.279419,-924.687439
-223,180,-940,-223.726181,223.256485,-940.6875
-242,300,-924,-242.711975,341.968842,-924.702148
-262,300,-904,-262.711029,341.968842,-904.703125
-265,180,-897,-265.712189,221.954361,-897.701965
-262,300,-904,-262.861572,426.723419,-904.507629
-293,300,-851,-293.86142,426.692413,-851.507812
-265,180,-897,-265.861572,306.750336,-897.507629
-1035,267,-783,-1034.63574,283.368835,-782.068726
-975,282,-806,-974.635742,298.372314,-805.068726
-1015,267,-791,-1014.63617,283.370789,-790.068542
-975,282,-880,-974.636475,302.228607,-880.93158
-1035,269,-903,-1034.63647,289.211548,-903.93158
-1015,267,-895,-1014.63757,287.216583,-895.932007
-751,0,-1870,-750.011658,2.75303292,-1870.15222
-748,-2,-1847,-747.011597,0.753639758,-1847.15173
-724,65,-1848,-723.011536,67.7553253,-1848.15137
-767,-60,-1848,-766.011658,-56.850811,-1848.15222
-748,-2,-1847,-747.011536,1.15051436,-1847.15137
-751,0,-1870,-750.011536,3.15105271,-1870.15137
-748,-2,-1847,-748.042969,62.7213173,-1847.99902
-720,-1,-1847,-720.042969,63.7394676,-1847.99902
-724,65,-1848,-724.042969,129.781891,-1848.99902
-810,-60,-1848,-810.988281,-57.9917946,-1847.84741
-820,-39,-1846,-820.990173,-36.9924355,-1845.86035
-810,-57,-1838,-810.98822,-54.9916077,-1837.84705
-851,65,-1645,-851.28302,67.9155655,-1644.04089
-856,12,-1665,-856.261719,14.9154644,-1664.03491
-885,38,-1664,-885.275391,40.915432,-1663.0387
-838,-27,-1508,-838.042969,-23.8039627,-1507.00098
-885,65,-1479,-885.042969,68.1948547,-1478.00098
-820,65,-1479,-820.042969,68.1948547,-1478.00098
-816,-18,-1460,-816.950867,8.60609436,-1460.30957
-832,65,-1420,-832.950867,91.6190414,-1420.30945
-825,-113,-1420,-825.95575,-86.383667,-1420.29395
-838,-27,-1508,-838.999023,-20.3770828,-1508.04297
-825,-113,-1457,-825.999023,-106.368744,-1457.04297
-825,-113,-1540,-825.999023,-106.368744,-1540.04297
-816,-18,-1460,-816.947937,25.9213581,-1460.31824
-818,65,-1460,-818.947937,108.925537,-1460.31824
-832,65,-1420,-832.946045,108.909431,-1420.32397
-816,-18,-1460,-816.995056,24.5521183,-1459.90076
-820,65,-1479,-820.994995,107.558502,-1478.90039
-818,65,-1460,-818.995056,107.553413,-1459.90076
-885,-27,-1508,-885.042969,-23.8039627,-1507.00098
-885,65,-1479,-885.042969,68.1948547,-1478.00098
-838,-27,-1508,-838.042969,-23.8039627,-1507.00098
-533,-75,-1386,-532.000977,-66.075119,-1386.04309
-533,-120,-1180,-532.000977,-111.068214,-1180.04321
-528,-75,-1180,-527.000977,-66.0626755,-1180.04321
-658,-75,-1386,-658.999023,-65.9250412,-1386.04297
-658,-75,-1180,-658.999023,-65.9250412,-1180.04297
-653,-120,-1180,-653.999023,-110.919525,-1180.04297
-108,-73,-1087,-107.58078,-71.9404678,-1086.09216
-131,-76,-1079,-130.556931,-74.940506,-1078.10352
-128,-69,-1073,-127.572327,-67.9407654,-1072.09607
-131,-76,-1079,-131.062363,-74.8099518,-1078.00195
-161,-83,-1087,-161.074493,-81.8100281,-1086.00281
-128,-69,-1073,-128.074753,-67.8096924,-1072.00281
-223,-83,-1087,-222.474167,118.11985,-1086.14941
-247,-86,-1072,-246.473267,115.082909,-1071.15002
-234,-63,-1080,-233.47377,138.168625,-1079.14966
-247,-86,-1072,-246.187546,-82.2663269,-1071.41699
-249,-75,-1064,-248.187546,-71.2661896,-1063.41699
-234,-63,-1080,-233.187546,-59.2677422,-1079.41699
-187,-63,-1077,-187.061554,-60.4211273,-1076.00195
-223,-83,-1087,-223.061478,-80.4222183,-1086.00195
-234,-63,-1080,-234.062164,-60.4223175,-1079.00195
-161,-83,-1087,-160.788483,-77.9861832,-1086.02271
-192,-83,-1080,-191.779419,-77.9849472,-1079.02466
-187,-63,-1077,-186.788483,-57.9861755,-1076.02271
-187,-63,-1077,-187.218506,-52.0501251,-1076.02417
-192,-83,-1080,-192.222748,-72.048172,-1079.02515
-223,-83,-1087,-223.218506,-72.0535431,-1086.02417
-863,-109,-1813,-863.042969,60.5300674,-1813.99902
-820,65,-1814,-820.042969,234.801346,-1814.99902
-863,65,-1814,-863.042969,234.801346,-1814.99902
-863,-109,-1813,-863.989197,1068.53882,-1813.14636
-863,65,-1814,-863.991089,1241.96216,-1814.13257
-866,65,-1794,-866.988159,1241.81921,-1794.1532
-883,-20,-1724,-882.956055,66.1694107,-1724.99902
-863,65,-1724,-862.956055,151.153824,-1724.99902
-883,65,-1725,-882.956055,151.174606,-1725.99902
