-72,184,241,-72.9557724,206.370163,241.294098
-60,120,269,-60.9557686,142.378265,269.294098
-69,120,241,-69.9557648,142.378265,241.294098
-63,186,361,-63.9990616,207.95282,360.956696
-60,120,661,-60.999073,141.959122,660.95697
-60,120,361,-60.9990616,141.958878,360.956696
-420,420,-100,-419.952667,441.141479,-99.0011215
-540,300,-100,-539.953186,321.141388,-99.0010986
-540,428,-94,-539.953186,449.106171,-93.0010986
650,0,-1374,649.911133,2.83557415,-1374.99597
700,45,-1394,699.923523,47.83778,-1394.99707
645,45,-1390,644.922852,47.8356323,-1390.99695
743,45,-1275,742.955872,49.4261971,-1274.00098
693,23,-1280,692.955872,27.4268684,-1279.00098
696,45,-1275,695.955872,49.4261971,-1274.00098
601,0,-1350,600.575195,2.91054225,-1350.90527
650,0,-1374,649.566467,2.90998363,-1374.90112
590,45,-1362,589.571045,47.9115868,-1362.90332
666,0,-1283,666.336243,1.93832099,-1282.05823
693,23,-1280,693.350525,24.9391384,-1279.06348
691,0,-1292,691.3396,1.93898213,-1291.05945
653,23,-1200,653.999023,25.851511,-1200.04297
653,23,-1228,653.999023,25.851511,-1228.04297
645,0,-1232,645.999023,2.8524909,-1232.04297
555,0,-1200,554.000977,2.97057128,-1200.04297
555,0,-1227,554.000977,2.97057128,-1227.04297
540,45,-1200,539.000977,47.9705467,-1200.04297
420,180,-1204,420.036682,207.157394,-1204.99927
600,125,-1200,600.042114,152.196869,-1200.99902
780,180,-1200,780.036621,207.214493,-1200.99927
540,45,-1200,540.04248,176.687515,-1200.99902
549,87,-1200,549.043091,218.749237,-1200.99902
420,0,-1204,420.042816,131.570786,-1204.99902
549,87,-1200,549.039429,148.274384,-1200.99915
570,111,-1200,570.040344,172.280991,-1200.99915
420,180,-1204,420.041321,241.225677,-1204.99915
736,80,-1083,735.034912,81.2984848,-1082.73816
753,59,-1083,752.035095,60.2985802,-1082.73743
746,59,-1108,745.035034,60.2982826,-1107.73767
720,80,-1112,719.736755,81.3462448,-1111.03528
728,59,-1126,727.729492,60.3464279,-1125.03735
703,59,-1133,702.722839,60.3466301,-1132.03918
686,80,-1112,686.699402,81.3495941,-1111.28528
678,59,-1126,678.699158,60.3489571,-1125.28503
660,59,-1108,660.69928,60.3489571,-1107.28516
670,80,-1083,670.9646,81.2716827,-1083.26355
653,59,-1083,653.960815,60.2716751,-1083.2771
660,59,-1058,660.962769,60.2714767,-1058.27026
670,80,-973,670.974365,81.3747406,-973.224548
660,59,-948,660.970703,60.3740425,-948.240234
674,80,-956,674.969666,81.3744278,-956.244385
736,80,-973,735.025146,81.3444748,-972.777161
746,59,-998,745.025208,60.3437767,-997.776917
732,80,-990,731.025146,81.3442688,-989.777161
746,59,-998,745.285095,60.3420868,-997.300781
720,80,-1002,719.285217,81.3426743,-1001.30066
732,80,-990,731.282654,81.3425751,-989.303284
718,67,-1038,717.385376,72.35952,-1038.78882
748,48,-1057,747.384766,53.3580742,-1057.78833
746,59,-1058,745.384766,64.3572311,-1058.78833
688,67,-1020,688.651611,72.3475952,-1019.24146
658,48,-999,658.646179,53.3465157,-998.236816
660,59,-998,660.64502,64.3473434,-997.23584
672,80,-1065,672.696594,81.5636978,-1065.71741
660,59,-1058,660.697388,60.5635414,-1058.71667
688,67,-1038,688.696289,68.5635223,-1038.71765
718,67,-1038,717.955872,68.4569778,-1038.99902
703,80,-1047,702.955872,81.4572754,-1047.99902
688,67,-1038,687.955872,68.4569778,-1038.99902
688,67,-930,687.955078,68.3042526,-930.998962
718,67,-930,717.955078,68.3042526,-930.998962
703,80,-940,702.955078,81.3045578,-940.998962
686,80,-944,686.677795,81.4817276,-944.735229
660,59,-948,660.668701,60.4815636,-948.74353
688,67,-930,688.677734,68.4816437,-930.735291
720,80,-944,719.285217,81.3530045,-944.699341
746,59,-948,745.285095,60.352417,-948.699219
732,80,-956,731.282654,81.3529587,-956.696716
717,80,-839,716.154663,81.2890778,-839.53418
718,67,-822,717.154663,68.2888184,-822.53418
746,48,-839,745.154907,49.2877388,-839.534607
717,80,-839,716.754883,84.5433884,-839.969482
746,48,-839,745.754883,52.5443687,-839.969482
744,59,-841,743.754883,63.5441742,-841.969482
684,80,-842,684.762817,81.2781601,-842.646484
673,80,-855,673.762939,81.2781601,-855.646423
658,59,-848,658.762939,60.2791519,-848.646423
706,80,-902,705.955872,81.2962494,-901.000977
718,67,-912,717.955872,68.2959442,-911.000977
688,67,-912,687.955872,68.2959442,-911.000977
688,67,-912,688.659668,68.3039093,-911.248474
662,59,-897,662.667053,60.3039513,-896.255005
676,80,-888,676.658997,81.3038101,-887.247864
688,67,-912,688.644653,68.2288666,-911.235535
676,80,-888,676.639771,81.2291031,-887.231445
689,80,-899,689.644653,81.2290497,-898.235535
718,67,-912,717.384766,72.3950348,-911.21167
748,59,-890,747.375,64.3979721,-889.219421
750,48,-891,749.365234,53.3974648,-890.227356
736,80,-866,735.015442,81.3620605,-865.824951
752,59,-865,751.014404,60.3625946,-864.830933
733,80,-883,732.015503,81.3619537,-882.824646
670,80,-872,670.984253,81.3166809,-872.176697
658,59,-848,658.984253,60.3164635,-848.176514
673,80,-855,673.984253,81.3163757,-855.176514
688,67,-804,688.696716,68.2245026,-803.282654
675,80,-776,675.716797,81.2251663,-775.302734
687,80,-788,687.699219,81.2252121,-787.285095
704,80,-792,703.955078,81.0938568,-791.001038
718,67,-804,717.955872,68.0939407,-803.000977
688,67,-804,687.955872,68.0939407,-803.000977
670,80,-759,670.955811,81.3689499,-759.293945
654,59,-759,654.956055,60.368557,-759.293152
675,80,-742,675.95874,81.3693619,-742.284058
733,80,-742,732.029236,81.3514786,-742.23999
753,59,-759,752.025269,60.3512497,-759.223267
737,80,-759,736.025208,81.3514786,-759.2229
733,80,-776,732.296875,81.3293076,-775.28894
747,59,-784,746.297852,60.3292313,-783.288025
718,67,-804,717.300781,68.3293991,-803.285095
688,67,-804,688.634155,71.1711731,-803.226807
658,48,-785,658.644653,52.1681557,-784.235535
661,59,-784,661.64502,63.1685905,-783.23584
687,80,-730,687.223083,81.3713455,-730.974792
679,59,-716,679.239258,60.3707466,-716.970947
704,80,-726,704.222839,81.3715515,-726.974854
704,80,-726,703.754883,81.3328934,-726.969482
728,59,-716,727.754883,60.3330154,-716.969482
720,80,-730,719.758789,81.3326874,-730.970459
641,59,-680,641.185547,62.5387535,-679.017395
615,48,-678,615.200195,51.5385323,-677.020264
616,59,-675,616.186584,62.5378609,-674.017578
682,59,-651,681.236816,62.8939629,-650.353821
667,48,-673,666.235474,51.8946686,-672.355408
665,59,-671,664.235474,62.8947029,-670.355408
596,59,-659,596.94751,62.8570023,-658.680298
585,48,-635,585.946289,51.8581924,-634.676697
588,59,-635,588.946289,62.8578568,-634.676697
678,59,-602,677.050415,62.8589516,-602.313477
689,48,-626,688.049683,51.8603859,-626.311279
686,59,-626,685.049744,62.8599281,-626.31134
592,59,-609,592.743225,62.104641,-609.668945
607,48,-587,607.743225,51.105381,-587.668945
609,59,-590,609.743225,62.104641,-590.668945
633,59,-581,632.84668,64.1939697,-581.988159
659,48,-583,658.84668,53.1944618,-583.988159
658,59,-585,657.846985,64.1950912,-585.98822
35,145,-2505,34.000885,146.531723,-2504.95801
40,137,-2529,39.000927,138.531555,-2528.95703
29,154,-2519,28.0009251,155.531784,-2518.95703
40,137,-2529,39.8185425,138.512131,-2528.0166
14,149,-2525,13.835207,150.513275,-2524.01367
29,154,-2519,28.8285446,155.512634,-2518.01489
-26,132,-2530,-26.0425262,133.086594,-2529.00098
-56,120,-2542,-56.0425262,121.086403,-2541.00098
-41,136,-2527,-41.0439262,137.086823,-2526.00098
-47,120,-2504,-46.0259476,122.498589,-2504.22632
-45,132,-2517,-44.0289268,134.499023,-2517.23877
-56,120,-2542,-55.0288048,122.499786,-2542.23828
-45,132,-2517,-44.0000839,133.037415,-2516.98706
-41,136,-2527,-40.0000839,137.037323,-2526.98706
-56,120,-2542,-55.0000839,121.03746,-2541.98706
-34,144,-2476,-33.0965614,146.261765,-2475.57129
-45,120,-2478,-44.0966759,122.261909,-2477.57104
-48,132,-2459,-47.0967903,134.261993,-2458.5708
-34,144,-2476,-33.0288048,145.312317,-2475.76172
-48,132,-2459,-47.0288048,133.312042,-2458.76172
-30,152,-2466,-29.0288048,153.312225,-2465.76172
-16,120,-2452,-15.8744984,125.54509,-2452.99194
0,142,-2454,0.123087622,147.544083,-2454.99219
-15,142,-2456,-14.8755455,147.545425,-2456.99219
0,262,-2458,0.66826117,313.928101,-2458.7439
-10,187,-2465,-9.33443356,238.970901,-2465.74634
0,186,-2456,0.667164266,237.967819,-2456.74487
14,144,-2456,14.0253239,145.562469,-2456.99951
26,136,-2451,26.0421238,137.562241,-2451.99902
29,154,-2462,29.0291576,155.562393,-2462.99927
35,135,-2466,34.0646667,137.754669,-2465.64624
29,154,-2462,28.0608501,156.754166,-2461.65649
36,142,-2456,35.0608521,144.754364,-2455.65649
23,262,-2513,22.0845127,291.29953,-2512.59766
36,187,-2490,35.0845146,216.285309,-2489.59766
25,187,-2515,24.0845127,216.29921,-2514.59766
25,187,-2515,24.6310368,216.176651,-2514.07056
0,187,-2525,-0.377229124,216.176651,-2524.07397
23,262,-2513,22.635994,291.184052,-2512.0686
-22,262,-2513,-21.6183739,290.863251,-2512.07568
0,187,-2525,0.376989365,215.860306,-2524.07397
-24,187,-2515,-23.6310368,215.860306,-2514.07056
-24,187,-2515,-23.0725822,215.995163,-2514.62598
-34,187,-2490,-33.0710182,215.996933,-2489.62988
-22,262,-2513,-21.0745659,291.002563,-2512.62109
-32,262,-2490,-31.0706272,289.054108,-2490.36914
-30,187,-2477,-29.0656853,214.047653,-2477.35645
-23,262,-2467,-22.0660572,289.04776,-2467.35742
21,262,-2470,20.7755737,294.409332,-2470.97437
10,187,-2465,9.77531338,219.378204,-2465.97437
23,187,-2468,22.7760887,219.385849,-2468.97461
23,187,-2468,22.1362419,213.501846,-2468.50391
36,187,-2490,35.1362419,213.495163,-2490.50391
21,262,-2470,20.1322899,288.496216,-2470.49707
34,262,-2490,33.0595207,273.032074,-2490.33984
23,375,-2490,22.0605831,386.042999,-2490.34277
17,375,-2473,16.0595188,386.043671,-2473.33984
34,262,-2490,33.1577377,284.240479,-2490.53906
17,375,-2473,16.1552486,397.26123,-2473.53516
21,262,-2470,20.160881,284.248779,-2470.54395
17,375,-2473,16.6647778,388.141357,-2473.94214
0,375,-2467,-0.352008343,388.138092,-2467.93579
0,262,-2458,-0.336541474,275.140747,-2458.94165
17,375,-2473,16.488245,398.977325,-2473.85913
0,262,-2458,-0.50798744,286.018341,-2458.86133
21,262,-2470,20.4977913,286.006317,-2470.86475
0,262,-2458,0.324990034,275.137482,-2458.94556
0,375,-2467,0.318990111,388.141357,-2467.94775
-17,375,-2473,-16.6757278,388.138092,-2473.9458
0,262,-2458,0.352239072,276.434418,-2458.93579
-17,375,-2473,-16.6410332,389.430542,-2473.93335
-23,262,-2467,-22.635994,276.437988,-2467.9314
-17,375,-2473,-16.055706,388.439636,-2473.3291
-23,375,-2490,-22.0558777,388.441284,-2490.32959
-32,262,-2490,-31.0558777,275.439026,-2490.32959
-17,375,-2473,-16.0706272,389.388733,-2473.36914
-32,262,-2490,-31.0706272,276.393524,-2490.36914
-23,262,-2467,-22.0706272,276.394409,-2467.36914
-32,262,-2490,-31.0558777,275.211639,-2489.67041
-23,375,-2490,-22.0558777,388.213898,-2489.67041
-17,375,-2507,-16.055706,388.21228,-2506.6709
-32,262,-2490,-31.0787277,278.389526,-2489.61108
-17,375,-2507,-16.081749,391.368256,-2506.604
-22,262,-2513,-21.0819588,278.395477,-2512.60352
-17,375,-2507,-16.6788311,388.513,-2506.05298
0,375,-2513,0.31599015,388.513,-2512.05127
0,262,-2522,0.32256487,275.51236,-2521.05347
-17,375,-2507,-16.635994,389.823853,-2506.0686
0,262,-2522,0.362832218,276.843536,-2521.06836
-22,262,-2513,-21.6310368,276.843536,-2512.07056
0,262,-2522,-0.336541444,275.51236,-2521.05835
0,375,-2513,-0.352008343,388.509735,-2512.06421
17,375,-2507,16.6566544,388.513,-2506.06079
0,262,-2522,-0.362008214,276.612274,-2521.06787
17,375,-2507,16.6310368,389.608398,-2506.07056
23,262,-2513,22.6306534,276.612274,-2512.0708
17,375,-2507,16.0595188,385.807281,-2506.66016
23,375,-2490,22.0596066,385.807922,-2489.65991
34,262,-2490,33.0595207,272.795685,-2489.66016
17,375,-2507,16.0928936,389.407318,-2506.5791
34,262,-2490,33.098423,276.387421,-2489.56738
23,262,-2513,22.098423,276.387421,-2512.56738
-84,392,-2487,-83.0000839,398.989532,-2487.0127
-84,392,-2463,-83.0000839,398.989532,-2463.0127
-81,413,-2445,-80.0000839,419.989532,-2445.0127
-84,392,-2487,-83.0000839,398.7258,-2486.98706
-81,413,-2445,-80.0000839,419.722809,-2444.98706
-81,411,-2500,-80.0000839,417.727417,-2499.98706
-63,187,299,-63.9990616,209.262207,298.956696
-60,120,361,-60.9990616,142.275848,360.956696
-60,120,299,-60.9990616,142.275848,298.956696
-60,120,269,-60.9990616,142.275848,268.956696
-63,187,299,-63.9990616,209.262207,298.956696
-60,120,299,-60.9990616,142.275848,298.956696
72,184,241,72.0984726,518.03009,241.995132
104,182,238,104.098473,515.907715,238.995132
102,120,238,102.098534,453.623901,238.995132
69,120,241,69.9526215,142.37999,241.304153
60,120,269,60.95261,142.37999,269.304169
72,184,241,72.9526215,206.371872,241.304153
60,120,269,60.9999123,142.294861,268.986755
60,120,299,60.9999123,142.294861,298.986755
63,187,299,63.9999123,209.281219,298.986755
60,120,299,60.9999123,142.294861,298.986755
60,120,361,60.9999123,142.294861,360.986755
63,187,299,63.9999123,209.281219,298.986755
-72,184,241,-72.0984955,518.03009,241.995132
-102,120,238,-102.098534,453.623901,238.995132
-104,182,238,-104.098495,515.907715,238.995132
60,120,361,60.9999123,141.9776,360.986755
60,120,661,60.9999161,141.977692,660.987061
63,186,361,63.9999123,207.971558,360.986755
101,244,238,100.865524,257.589935,238.990906
64,300,237,63.8655586,313.594269,237.990921
102,296,242,101.865562,309.588348,242.990921
-64,300,237,-63.8656693,313.594269,237.990936
-101,244,238,-100.865623,257.589935,238.990921
-102,296,242,-101.865623,309.588348,242.990921
64,300,237,63.8449097,304.030365,237.9879
64,336,246,63.845005,340.028076,246.987915
102,296,242,101.844536,300.03241,242.987839
0,344,247,-0.147057608,346.351776,247.989105
38,310,238,37.8445358,312.351593,238.987839
0,314,234,-0.147057623,316.350555,234.98912
-64,300,237,-63.844635,303.718201,237.987854
-102,296,242,-101.845886,299.715973,242.988052
-64,333,246,-63.844635,336.719238,246.987854
64,300,237,63.9375343,303.998108,237.998047
38,310,238,37.9375343,313.997467,238.998047
64,336,246,63.9375343,339.997009,246.998047
-64,333,246,-63.9115295,336.665161,246.996078
-33,310,237,-32.9108429,313.665497,237.996017
-64,300,237,-63.9105988,303.666504,237.995987
64,336,246,63.9583054,339.471008,246.99913
38,310,238,37.9583054,313.471039,238.99913
0,344,247,-0.0420093127,347.469879,247.999115
0,344,247,0.0419906601,346.975128,247.999115
-33,310,237,-32.9565163,312.977753,237.999054
-64,333,246,-63.955574,335.978394,246.999008
0,344,247,0.139990777,346.322174,247.990143
0,314,234,0.141775399,316.322662,234.989899
-33,310,237,-32.8656235,312.32132,237.990921
-135,300,242,-135.042267,310.317047,242.9991
-64,333,246,-64.0415268,343.313507,246.99913
-102,296,242,-102.041527,306.318604,242.99913
64,336,246,64.0414276,347.193085,246.99913
135,300,242,135.042328,311.194519,242.9991
102,296,242,102.042671,307.190735,242.999084
-102,296,242,-101.865669,309.555756,242.990936
-101,244,238,-100.866913,257.555084,238.991104
-135,240,242,-134.873199,253.558716,242.991928
-101,244,238,-100.881615,419.968353,238.992966
-104,182,238,-103.881615,357.870789,238.992966
-135,240,242,-134.881134,415.968475,242.992905
-67,253,244,-67.1607361,285.344879,244.986984
-72,184,241,-72.1775208,216.367767,241.984116
-101,244,238,-101.177467,276.341705,238.984116
-72,184,241,-72.0875397,419.792938,241.996155
-69,120,241,-69.0884705,355.758942,241.996078
-102,120,238,-102.08847,355.866852,238.996078
-72,184,241,-72.9557724,207.390381,241.294098
-63,187,269,-63.9557686,210.386703,269.294098
-60,120,269,-60.9557838,143.407761,269.294067
101,244,238,100.881516,419.968353,238.99295
135,240,242,134.881226,415.968475,242.99292
104,182,238,103.881516,357.870789,238.99295
101,244,238,100.866913,257.555084,238.991104
102,296,242,101.865669,309.555756,242.990936
135,240,242,134.873199,253.558716,242.991928
72,184,241,72.0874023,419.792938,241.99617
102,120,238,102.08847,355.866852,238.996078
69,120,241,69.0884705,355.758942,241.996078
67,253,244,67.1541138,285.343414,244.988052
101,244,238,101.15519,276.342682,238.987885
72,184,241,72.1546021,216.368271,241.987976
72,184,241,72.9526138,207.39325,241.304169
60,120,269,60.9526367,143.410629,269.304108
63,187,269,63.9526138,210.389572,269.304169
-63,187,269,-63.9990616,209.262207,268.956696
-63,187,299,-63.9990616,209.262207,298.956696
-60,120,269,-60.9990616,142.275848,268.956696
60,120,269,60.9999123,142.294861,268.986755
63,187,299,63.9999123,209.281219,298.986755
63,187,269,63.9999123,209.281219,268.986755
63,187,299,63.9999123,208.971619,298.986755
60,120,361,60.9999123,141.9776,360.986755
63,186,361,63.9999123,207.971558,360.986755
-63,187,299,-63.9990616,208.953384,298.956696
-63,186,361,-63.9990616,207.953339,360.956696
-60,120,361,-60.9990616,141.959381,360.956696
63,186,361,63.9999123,205.972549,360.986755
60,120,661,60.9999161,139.910233,660.987061
63,180,661,63.9999161,199.921234,660.987061
-63,186,361,-63.9990616,205.956116,360.956696
-63,180,661,-63.999073,199.904968,660.95697
-60,120,661,-60.999073,139.893951,660.95697
356,49,-838,356.999115,66.4017868,-838.041992
356,49,-662,356.999115,66.4017868,-662.041992
359,101,-751,359.999115,118.409737,-751.041992
356,153,-838,356.999115,157.014954,-838.041992
357,157,-657,357.999115,161.015091,-657.041992
357,157,-843,357.999115,161.015091,-843.041992
356,153,-838,356.999115,157.014954,-838.041992
356,153,-662,356.999115,157.014954,-662.041992
357,157,-657,357.999115,161.015091,-657.041992
-660,300,-96,-659.954346,321.612823,-95.0010452
-660,428,-90,-659.954346,449.648071,-89.0010452
-540,300,-100,-539.954468,321.578918,-99.0010376
-780,300,-100,-780.044922,321.207764,-99.0010147
-660,428,-90,-660.044922,449.276917,-89.0010147
-660,300,-96,-660.044922,321.241669,-95.0010147
-780,300,-100,-780.598083,325.338806,-99.1985703
-840,420,-140,-840.607422,445.355927,-139.205627
-780,420,-94,-780.598083,445.357452,-93.1985703
-780,300,-100,-780.014587,319.785919,-99.0001068
-780,420,-94,-780.014587,439.75293,-93.0001068
-660,428,-90,-660.014465,447.774841,-89.0001068
-540,300,-100,-539.954468,321.578918,-99.0010376
-660,428,-90,-659.954346,449.648071,-89.0010452
-540,428,-94,-539.954468,449.614136,-93.0010376
560,0,-1305,559.264709,2.81498575,-1305.67773
601,0,-1350,600.255493,2.81705642,-1350.6676
590,45,-1362,589.264709,47.815773,-1362.67773
700,45,-1394,699.955872,48.0629997,-1394.99902
745,0,-1379,744.955872,3.06302166,-1379.99902
747,45,-1394,746.955872,48.0629997,-1394.99902
654,23,-1256,654.69928,25.1797447,-1255.28516
666,0,-1283,666.696777,2.18008208,-1282.28271
645,0,-1262,645.700745,2.18022776,-1261.28662
555,0,-1227,554.000977,2.97057128,-1227.04297
555,0,-1255,554.000977,2.97057128,-1255.04297
540,45,-1258,539.000977,47.9705467,-1258.04297
645,0,-1232,645.999023,2.55134606,-1232.04297
654,23,-1256,654.999023,25.5518169,-1256.04297
645,0,-1262,645.999023,2.55134606,-1262.04297
540,45,-1258,539.004822,47.886837,-1258.0979
555,0,-1255,554.004822,2.88735127,-1255.09802
560,0,-1305,559.004822,2.88497066,-1305.09802
653,23,-1200,653.999023,26.1715221,-1200.04297
660,45,-1225,660.999023,48.1720619,-1225.04297
653,23,-1228,653.999023,26.1715221,-1228.04297
654,23,-1256,654.999023,26.6303654,-1256.04297
660,45,-1225,660.999023,48.6287651,-1225.04297
660,45,-1249,660.999023,48.6287651,-1249.04297
660,45,-1249,660.868164,47.5051155,-1248.50378
672,45,-1270,672.863708,47.5044518,-1269.49609
654,23,-1256,654.863892,25.5054569,-1255.49634
672,45,-1270,672.200195,49.0362129,-1269.02026
696,45,-1275,696.195312,49.0362129,-1274.01929
693,23,-1280,693.2052,27.0353737,-1279.02136
744,0,-1291,743.955872,1.95932376,-1290.00098
691,0,-1292,690.955872,1.95773613,-1291.00098
693,23,-1280,692.955872,24.9581585,-1279.00098
653,23,-1200,653.999023,25.851511,-1200.04297
645,0,-1232,645.999023,2.8524909,-1232.04297
645,0,-1200,645.999023,2.8524909,-1200.04297
660,45,-1200,660.999023,48.1720619,-1200.04297
660,45,-1225,660.999023,48.1720619,-1225.04297
653,23,-1200,653.999023,26.1715221,-1200.04297
645,0,-1232,645.999023,2.7831521,-1231.95593
653,23,-1228,653.999023,25.7843704,-1227.95593
654,23,-1256,654.999023,25.7830906,-1255.95605
654,23,-1256,654.69928,25.1797447,-1255.28516
670,23,-1272,670.69928,25.1797447,-1271.28516
666,0,-1283,666.696777,2.18008208,-1282.28271
670,23,-1272,670.320312,24.9402885,-1271.05273
693,23,-1280,693.317078,24.940155,-1279.05164
666,0,-1283,666.314331,1.93951023,-1282.05078
795,45,-1275,794.955872,49.9337387,-1274.00098
795,20,-1280,794.955872,24.9329453,-1279.00098
743,45,-1275,742.955872,49.9337387,-1274.00098
795,0,-1290,794.955872,1.9933871,-1289.00098
744,0,-1291,743.955872,1.99475205,-1290.00098
795,20,-1280,794.955872,21.9927769,-1279.00098
747,45,-1394,746.955872,48.0629997,-1394.99902
745,0,-1379,744.955872,3.06302166,-1379.99902
795,45,-1394,794.955872,48.0629997,-1394.99902
744,0,-1291,743.955872,1.93600202,-1290.00098
693,23,-1280,692.955078,24.9346428,-1279.0011
744,21,-1280,743.955872,22.9352303,-1279.00098
795,20,-1280,794.955872,21.901062,-1279.00098
744,0,-1291,743.955078,1.89983022,-1290.0011
744,21,-1280,743.955872,22.9008331,-1279.00098
743,45,-1275,742.955872,49.7903481,-1274.00098
795,20,-1280,794.955872,24.7911091,-1279.00098
744,21,-1280,743.955872,25.7904816,-1279.00098
743,45,-1275,742.955872,49.851162,-1274.00098
744,21,-1280,743.955872,25.8501015,-1279.00098
693,23,-1280,692.955872,27.8467522,-1279.00098
672,45,-1270,672.320435,53.6394577,-1269.05273
693,23,-1280,693.319702,31.6385345,-1279.05249
670,23,-1272,670.320435,31.6401272,-1271.05273
654,23,-1256,654.699646,30.7259655,-1255.28552
672,45,-1270,672.699402,52.7279282,-1269.28528
670,23,-1272,670.696899,30.7254868,-1271.28284
654,23,-1256,654.999023,26.0673466,-1255.95605
653,23,-1228,653.999023,26.0677433,-1227.95593
660,45,-1225,660.999084,48.0676689,-1224.95728
650,0,-1374,649.900391,2.92892432,-1374.995
703,0,-1379,702.900391,2.93083,-1379.995
700,45,-1394,699.900391,47.9322205,-1394.995
703,0,-1379,702.955872,3.06302166,-1379.99902
745,0,-1379,744.955872,3.06302166,-1379.99902
700,45,-1394,699.955872,48.0629997,-1394.99902
795,45,-1394,794.955872,48.1732101,-1394.99902
745,0,-1379,744.955872,3.17417359,-1379.99902
795,0,-1380,794.955872,3.1725297,-1380.99902
590,45,-1362,589.532349,47.8018341,-1362.88391
650,0,-1374,649.533081,2.80303049,-1374.88428
645,45,-1390,644.531677,47.8051987,-1390.88354
560,0,-1305,559.302734,2.15022635,-1305.7168
590,45,-1362,589.302246,47.1475945,-1362.71631
542,45,-1316,541.299988,47.1502571,-1316.71411
540,45,-1258,539.000977,47.4005547,-1258.04346
560,0,-1305,559.000977,2.39821482,-1305.04407
542,45,-1316,541.000977,47.3983765,-1316.0437
555,0,-1227,554.000977,2.97057128,-1227.04297
540,45,-1258,539.000977,47.9705467,-1258.04297
540,45,-1229,539.000977,47.9705467,-1229.04297
540,45,-1200,539.000977,47.9705467,-1200.04297
555,0,-1227,554.000977,2.97057128,-1227.04297
540,45,-1229,539.000977,47.9705467,-1229.04297
616,59,-675,616.614624,62.6859818,-674.211182
615,48,-678,615.618286,51.6860809,-677.21405
596,59,-659,596.614624,62.6864471,-658.211182
665,59,-671,664.648926,63.3288116,-670.06366
667,48,-673,666.648438,52.3283424,-672.063843
641,59,-680,640.648438,63.3274727,-679.063843
686,59,-626,685.01178,62.7261696,-625.846985
689,48,-626,688.011536,51.7266235,-625.848572
682,59,-651,681.011536,62.7249985,-650.848572
658,59,-585,657.353699,64.0574799,-585.763062
659,48,-583,658.35376,53.0571861,-583.763123
678,59,-602,677.35376,64.0571671,-602.763123
633,59,-581,633.34967,62.1183395,-581.936829
609,59,-590,609.34967,62.119545,-590.936829
607,48,-587,607.35022,51.1196785,-587.936646
588,59,-635,588.988159,62.7396469,-635.153198
585,48,-635,585.988159,51.7395134,-635.153198
592,59,-609,592.988159,62.7389412,-609.153076
607,80,-616,607.762878,81.2850113,-616.646484
592,59,-609,592.751343,60.2859039,-609.659912
618,80,-603,618.763062,81.2851105,-603.646301
604,80,-633,604.984253,81.3143616,-633.176697
592,59,-609,592.9823,60.314045,-609.187134
607,80,-616,607.9823,81.3139572,-616.187134
610,80,-650,610.946167,81.3138275,-649.676331
596,59,-659,596.940125,60.3137665,-658.65918
604,80,-633,604.94043,81.3134766,-632.660034
623,80,-661,623.645386,81.3248062,-660.236145
596,59,-659,596.645081,60.3247375,-658.235901
610,80,-650,610.644653,81.3247528,-649.235535
640,80,-664,640.175659,81.3633347,-663.015564
641,59,-680,641.169312,60.3638763,-679.014465
623,80,-661,623.175964,81.3632355,-660.015625
656,80,-658,655.648438,81.3756332,-657.063843
641,59,-680,640.648438,60.3758621,-679.063843
640,80,-664,639.648438,81.3755341,-663.063843
667,80,-644,666.210144,81.3019485,-643.386719
682,59,-651,681.210144,60.3023872,-650.386719
656,80,-658,655.210144,81.3015442,-657.386719
670,80,-628,669.017395,81.2998734,-627.814331
682,59,-651,681.017456,60.299305,-650.814026
667,80,-644,666.017395,81.2995682,-643.814331
664,80,-611,663.053406,81.279747,-611.322327
678,59,-602,677.053406,60.2796898,-602.322388
670,80,-628,669.053711,81.2794495,-628.323303
651,80,-600,650.35376,81.3173065,-600.763123
678,59,-602,677.354614,60.3172874,-602.763855
664,80,-611,663.353516,81.3172531,-611.762878
634,80,-597,633.823242,81.3319473,-597.984253
633,59,-581,632.824646,60.3325348,-581.984497
651,80,-600,650.823608,81.3318405,-600.984314
618,80,-603,618.349609,81.3620758,-603.93689
633,59,-581,633.349609,60.3623009,-581.93689
634,80,-597,634.350098,81.3620758,-597.936707
596,59,-659,596.940613,63.9442253,-658.660522
594,48,-660,594.940125,52.9450226,-659.65918
585,48,-635,585.940613,52.944252,-634.660522
592,59,-609,592.9823,64.1696396,-609.187195
585,48,-635,585.982239,53.1702957,-635.187439
590,48,-608,590.981384,53.1699791,-608.192017
592,59,-609,592.772644,64.0550995,-609.634766
590,48,-608,590.772888,53.0548058,-608.634521
607,48,-587,607.772949,53.0569992,-587.63446
633,59,-581,633.339966,62.5007973,-581.94043
607,48,-587,607.338867,51.5012436,-587.940796
632,48,-578,632.338928,51.5008011,-578.940796
633,59,-581,632.812744,62.9683075,-581.9823
632,48,-578,631.812744,51.9677696,-578.9823
659,48,-583,658.813354,51.9682693,-583.982422
678,59,-602,677.365906,62.9253044,-602.773254
659,48,-583,658.36554,51.9250221,-583.772949
680,48,-600,679.36554,51.9255142,-600.772949
678,59,-602,677.053833,63.3373108,-602.323669
680,48,-600,679.051453,52.3373756,-600.316589
689,48,-626,688.053833,52.338459,-626.323669
682,59,-651,681.017395,63.7563019,-650.814331
689,48,-626,688.017395,52.7569313,-625.814331
684,48,-653,683.017395,52.7563438,-652.814331
682,59,-651,681.236816,62.8939629,-650.353821
684,48,-653,683.235474,51.8941765,-652.355408
667,48,-673,666.235474,51.8946686,-672.355408
641,59,-680,640.62616,62.4966011,-679.07251
667,48,-673,666.621094,51.4974899,-672.074585
642,48,-683,641.621216,51.4968262,-682.074524
641,59,-680,641.174866,62.990696,-679.015442
642,48,-683,642.174805,51.9901581,-682.015442
615,48,-678,615.174988,51.9906578,-677.015442
596,59,-659,596.644592,64.3674011,-658.235474
615,48,-678,615.652466,53.3687325,-677.242188
594,48,-660,594.644592,53.3675728,-659.235474
604,80,-633,604.946167,81.3384247,-632.676331
596,59,-659,596.945984,60.3377991,-658.675842
588,59,-635,588.945984,60.3377991,-634.675842
604,80,-633,604.988159,81.3547897,-633.15332
588,59,-635,588.988159,60.355175,-635.153259
592,59,-609,592.988159,60.354969,-609.15332
618,80,-603,618.743286,81.3773804,-603.668945
592,59,-609,592.743286,60.3770409,-609.668945
609,59,-590,609.743286,60.3770409,-590.668945
618,80,-603,618.349609,81.3620758,-603.93689
609,59,-590,609.351562,60.3625107,-590.936157
633,59,-581,633.349609,60.3623009,-581.93689
651,80,-600,650.84082,81.2999496,-600.987244
633,59,-581,632.84668,60.3002396,-581.988159
658,59,-585,657.84668,60.2997322,-585.988159
651,80,-600,650.353699,81.3014145,-600.763062
658,59,-585,657.35376,60.3016014,-585.763123
678,59,-602,677.354614,60.3012505,-602.763855
670,80,-628,669.048523,81.3173752,-628.307617
678,59,-602,677.050476,60.3168983,-602.31366
686,59,-626,685.050476,60.3168983,-626.31366
670,80,-628,669.011536,81.3630066,-627.848572
686,59,-626,685.011536,60.3633919,-625.848572
682,59,-651,681.011536,60.3629799,-650.848572
656,80,-658,655.235474,81.3869171,-657.355408
682,59,-651,681.235474,60.3873482,-650.355408
665,59,-671,664.236145,60.3870354,-670.354614
656,80,-658,655.648438,81.3756332,-657.063843
665,59,-671,664.648438,60.3759651,-670.063843
641,59,-680,640.648438,60.3758621,-679.063843
623,80,-661,623.200256,81.3946915,-660.020264
641,59,-680,641.19635,60.3948631,-679.01947
616,59,-675,616.195435,60.3950729,-674.019287
623,80,-661,623.614075,81.3581772,-660.210754
616,59,-675,616.613525,60.3578377,-674.210327
596,59,-659,596.613525,60.3582535,-658.210327
720,180,-1387,720.883911,207.181122,-1387.46765
724,240,-1384,724.88324,267.199097,-1384.46875
665,180,-1496,665.883301,207.171219,-1496.46875
781,180,-1263,781.900146,206.954849,-1263.43555
724,240,-1384,724.904297,266.998322,-1384.42688
720,180,-1387,720.901978,206.996918,-1387.43176
420,180,-1204,420.037201,214.307678,-1204.99927
570,111,-1200,570.041016,145.299179,-1200.99915
600,125,-1200,600.040771,159.315735,-1200.99915
-30,129,-2447,-30.0620785,130.194016,-2447.99805
-30,152,-2466,-30.0620747,153.193588,-2466.99805
-41,137,-2453,-41.062458,138.193954,-2453.99805
-30,152,-2466,-29.8832741,153.243668,-2466.99316
-30,129,-2447,-29.8832741,130.243683,-2447.99316
-15,142,-2456,-14.8832741,143.243393,-2456.99316
-29,120,-2446,-29.3866005,126.927979,-2446.92212
-30,129,-2447,-30.3935146,135.927704,-2447.91919
-83,120,-2424,-83.3815231,126.92627,-2424.92432
-16,120,-2452,-16.4153214,126.674057,-2452.90967
-15,142,-2456,-15.4306297,148.672546,-2456.90234
-30,129,-2447,-30.416235,135.673355,-2447.90918
-16,120,-2452,-16.4193192,126.832947,-2452.90771
-30,129,-2447,-30.421629,135.831833,-2447.90674
-29,120,-2446,-29.4216614,126.832947,-2446.90674
0,120,-2451,0.0612327047,127.087318,-2451.99805
0,142,-2454,0.0612327047,149.086197,-2454.99805
-16,120,-2452,-15.9565315,127.087318,-2452.99902
-41,137,-2453,-40.0526886,137.996414,-2453.32031
-30,152,-2466,-29.0517044,152.996078,-2466.31738
-48,132,-2459,-47.0520325,132.996475,-2459.31836
-40,154,-2490,-39.1224556,163.608139,-2490.47949
-44,120,-2490,-43.1224556,129.609177,-2490.47949
-34,144,-2476,-33.1213913,153.608444,-2476.47754
-34,144,-2476,-33.0030022,146.096085,-2475.92261
-44,120,-2490,-43.0030975,122.096825,-2489.92139
-45,120,-2478,-44.0030212,122.097115,-2477.92236
-48,132,-2459,-47.2241058,134.264114,-2458.36914
-49,120,-2466,-48.2327614,122.264168,-2465.35864
-83,120,-2424,-82.2241058,122.266014,-2423.36914
-48,132,-2459,-47.0507278,135.724487,-2458.68555
-45,120,-2478,-44.0513763,123.724129,-2477.68359
-49,120,-2466,-48.0536842,123.724365,-2465.67676
-26,132,-2530,-26.2230167,134.370865,-2529.02539
-12,120,-2532,-12.2362928,122.370598,-2531.02832
-56,120,-2542,-56.2271805,122.371231,-2541.02637
-40,154,-2490,-39.0221367,162.903442,-2490.20923
-47,120,-2504,-46.0219803,128.90715,-2504.2085
-44,120,-2490,-43.0221367,128.906082,-2490.20923
-14,149,-2525,-13.9013004,151.838501,-2524.00488
-26,132,-2530,-25.9116993,134.839371,-2529.00391
-41,136,-2527,-40.8926086,138.839966,-2526.00586
-14,149,-2525,-14.0615797,152.945663,-2524.00195
-12,120,-2532,-12.074626,123.94297,-2531.00293
-26,132,-2530,-26.0745087,135.944656,-2529.00293
-41,136,-2527,-40.0786247,137.159973,-2526.61133
-34,154,-2505,-33.0815392,155.16066,-2504.60449
-28,154,-2519,-27.0815392,155.160568,-2518.60449
-14,149,-2525,-13.8033257,150.75679,-2524.01953
-41,136,-2527,-40.8076553,137.756882,-2526.0188
-28,154,-2519,-27.8082581,155.756943,-2518.01855
-45,132,-2517,-44.0140038,133.65448,-2516.83325
-34,154,-2505,-33.0131073,155.655334,-2504.83862
-41,136,-2527,-40.0129089,137.654358,-2526.83984
-45,132,-2517,-44.0219269,134.590729,-2517.20825
-47,120,-2504,-46.0218735,122.590576,-2504.20801
-34,154,-2505,-33.0218735,156.591522,-2505.20801
-34,154,-2505,-33.0726814,156.960037,-2504.62573
-47,120,-2504,-46.0706291,122.959763,-2503.63086
-40,154,-2490,-39.0706291,156.959656,-2489.63086
44,137,-2446,43.1023331,138.860886,-2445.55933
35,135,-2466,34.1005478,136.860016,-2465.56299
36,142,-2456,35.0990105,143.860275,-2455.56616
0,142,-2454,-0.131786734,149.579956,-2454.99121
0,120,-2451,-0.131786719,127.582909,-2451.99121
14,144,-2456,13.8752451,151.580353,-2456.99219
14,144,-2456,13.9013004,150.479431,-2456.99512
0,120,-2451,-0.107772984,126.478569,-2451.99414
11,120,-2452,10.9013004,126.478569,-2452.99512
29,120,-2442,29.4733753,122.528465,-2442.88086
26,136,-2451,26.4742794,138.527985,-2451.88037
11,120,-2452,11.4777164,122.527809,-2452.87842
14,144,-2456,14.2575083,148.989212,-2456.96606
11,120,-2452,11.2755156,124.989944,-2452.96118
26,136,-2451,26.2543545,140.990738,-2451.96704
65,120,-2422,65.481308,121.763283,-2422.87646
38,129,-2443,38.474205,130.763367,-2443.88037
29,120,-2442,29.4742622,121.762794,-2442.88037
44,137,-2446,44.4592285,138.508453,-2446.88818
38,129,-2443,38.4617996,130.508469,-2443.88696
65,120,-2422,65.4616928,121.5075,-2422.88696
65,120,-2422,64.0675659,121.612038,-2421.63867
48,129,-2449,47.0681305,130.611832,-2448.63721
44,137,-2446,43.0694695,138.612061,-2445.63379
65,120,-2422,64.1322937,129.079422,-2421.50293
48,120,-2451,47.1322899,129.081604,-2450.50293
48,129,-2449,47.1402664,138.082703,-2448.48926
48,129,-2449,47.1198044,130.749237,-2448.52539
40,120,-2474,39.121788,121.74868,-2473.52173
35,135,-2466,34.119278,136.748413,-2465.52637
35,135,-2466,34.0407982,139.04364,-2466.28271
35,147,-2476,34.0411568,151.043533,-2476.28394
29,154,-2462,28.0386677,158.043579,-2462.27539
48,120,-2451,47.0585556,133.753677,-2450.66284
40,120,-2474,39.0584679,133.753677,-2473.66309
48,129,-2449,47.060585,142.751724,-2448.65723
35,147,-2476,34.046772,151.678772,-2476.30225
46,120,-2490,45.0484924,124.680878,-2490.30762
40,146,-2490,39.0491257,150.680084,-2490.30957
38,129,-2443,38.3341827,131.222794,-2443.94238
26,136,-2451,26.3443775,138.223831,-2451.93872
29,120,-2442,29.3363457,122.223145,-2442.94165
29,154,-2462,28.835207,155.663422,-2462.98633
26,136,-2451,25.8465347,137.6642,-2451.98804
36,142,-2456,35.8411636,143.663788,-2456.9873
40,120,-2474,39.0266914,124.95649,-2474.22949
35,147,-2476,34.0266914,151.955353,-2476.22949
35,135,-2466,34.0266914,139.956345,-2466.22949
40,120,-2474,39.0611191,124.961235,-2474.34424
46,120,-2490,45.0609398,124.961235,-2490.34375
35,147,-2476,34.0646667,151.959793,-2476.35376
40,146,-2490,39.0596085,150.554749,-2489.65991
46,120,-2490,45.0595207,124.554115,-2489.66016
35,145,-2505,34.060585,149.553925,-2504.65723
35,145,-2505,34.0268631,148.445618,-2504.76978
46,120,-2490,45.0249367,123.445396,-2489.77808
43,120,-2503,42.0250473,123.445618,-2502.77759
35,145,-2505,34.0038948,147.697372,-2505.08813
41,131,-2516,40.0039139,133.697571,-2516.08838
40,137,-2529,39.0038948,139.696838,-2529.08813
40,137,-2529,39.9558182,139.873749,-2528.00098
27,131,-2531,26.9558182,133.874313,-2530.00098
14,149,-2525,13.9558172,151.874146,-2524.00098
40,137,-2529,39.0157471,138.77095,-2529.17676
41,131,-2516,40.0157471,132.77095,-2516.17676
52,120,-2542,51.0157471,121.770271,-2542.17676
52,120,-2542,52.1514626,121.570801,-2541.01172
27,131,-2531,27.1514912,132.570969,-2530.01172
40,137,-2529,40.1390724,138.57045,-2528.00977
35,145,-2505,34.0079079,148.063629,-2505.12549
43,120,-2503,42.0078468,123.062729,-2503.125
41,131,-2516,40.0078468,134.063171,-2516.125
52,120,-2542,51.0269203,122.30262,-2542.23047
41,131,-2516,40.0266914,133.302734,-2516.22949
43,120,-2503,42.024826,122.302162,-2503.22144
52,120,-2542,52.2101479,122.344559,-2541.02246
15,120,-2533,15.2184572,122.344559,-2532.02417
27,131,-2531,27.2141514,133.344376,-2530.02344
14,149,-2525,14.07477,152.72641,-2524.00293
27,131,-2531,27.0755119,134.727188,-2530.00293
15,120,-2533,15.0622063,123.726021,-2532.00195
15,120,-2533,15.1243601,123.57592,-2532.00781
0,120,-2531,0.138685405,123.576859,-2530.00977
14,149,-2525,14.1162605,152.577377,-2524.00684
-14,149,-2525,-14.0976353,153.200012,-2524.00488
0,120,-2531,-0.107491054,124.202438,-2530.00586
-12,120,-2532,-12.0980425,124.202438,-2531.00488
48,129,-2449,47.1215248,130.57785,-2448.52222
35,135,-2466,34.1203308,136.577667,-2465.52441
44,137,-2446,43.1203308,138.578079,-2445.52441
44,137,-2446,44.5557785,138.339188,-2446.8313
36,142,-2456,36.5736046,143.339539,-2456.81909
38,129,-2443,38.5655556,130.33963,-2443.82471
25,187,-2515,24.6119328,194.050797,-2514.07837
14,149,-2525,13.6225395,156.051056,-2524.07397
0,187,-2525,-0.377196729,194.050797,-2524.07397
-24,187,-2515,-23.6187592,194.228577,-2514.07568
0,187,-2525,0.372163713,194.228577,-2524.07202
-14,149,-2525,-13.6237392,156.22757,-2524.07349
-24,187,-2515,-23.0725822,192.740723,-2514.62598
-34,154,-2505,-33.0707245,159.739532,-2504.63062
-34,187,-2490,-33.0725822,192.742554,-2489.62598
-25,187,-2464,-24.0659637,197.732361,-2464.35718
-30,187,-2477,-29.0656853,197.733658,-2477.35645
-34,144,-2476,-33.0656853,154.727875,-2476.35645
-10,187,-2465,-9.34526634,191.425766,-2465.75586
-15,142,-2456,-14.3444223,146.428955,-2456.75513
0,186,-2456,0.648131907,190.42482,-2456.76147
23,187,-2468,22.7677517,191.433228,-2468.97266
10,187,-2465,9.77531338,191.432114,-2465.97437
14,144,-2456,13.7753134,148.429535,-2456.97437
36,187,-2490,35.0584679,198.081833,-2490.33691
35,147,-2476,34.0596962,158.075058,-2476.34033
40,146,-2490,39.0574226,157.077087,-2490.33398
25,187,-2515,24.0466938,193.590698,-2514.698
35,145,-2505,34.0468483,151.589966,-2504.69751
29,154,-2519,28.0466156,160.589691,-2518.69824
35,145,-2505,34.0466957,155.462402,-2504.698
36,187,-2490,35.0475502,197.464447,-2489.69531
40,146,-2490,39.0466957,156.464371,-2489.698
25,187,-2515,24.0845127,195.438736,-2514.59766
36,187,-2490,35.0845146,195.436722,-2489.59766
35,145,-2505,34.0847282,153.433472,-2504.59717
29,154,-2519,28.6647778,160.397354,-2518.05786
14,149,-2525,13.6675348,155.397507,-2524.05688
25,187,-2515,24.6647778,193.399551,-2514.05786
0,187,-2525,-0.402007699,194.096924,-2524.08447
14,149,-2525,13.591239,156.095535,-2524.0874
0,149,-2531,-0.391721278,156.097229,-2530.08008
-14,149,-2525,-13.6166048,156.095535,-2524.07642
0,187,-2525,0.377317488,194.096924,-2524.07397
0,149,-2531,0.391721278,156.097229,-2530.08008
-24,187,-2515,-23.6647778,193.443024,-2514.05786
-14,149,-2525,-13.6564569,155.4422,-2524.06104
-28,154,-2519,-27.6620464,160.444229,-2518.05884
-28,154,-2519,-27.0792446,160.349274,-2518.60986
-34,154,-2505,-33.0787277,160.349274,-2504.61108
-24,187,-2515,-23.0815392,193.350998,-2514.60449
-34,187,-2490,-33.0725822,192.742554,-2489.62598
-34,154,-2505,-33.0707245,159.739532,-2504.63062
-40,154,-2490,-39.0714073,159.740631,-2489.62891
-34,144,-2476,-33.1284103,150.520615,-2476.49023
-34,187,-2490,-33.1284103,193.523392,-2490.49023
-40,154,-2490,-39.1334152,160.521484,-2490.49902
-30,187,-2477,-29.0459232,197.106384,-2477.29956
-34,187,-2490,-33.0460014,197.105103,-2490.2998
-34,144,-2476,-33.0460014,154.105453,-2476.2998
-25,187,-2464,-24.0429859,195.410217,-2464.29004
-34,144,-2476,-33.0426903,152.41127,-2476.28906
-30,152,-2466,-29.0428391,160.410522,-2466.28955
-30,152,-2466,-29.4644184,185.338806,-2466.84448
-15,142,-2456,-14.4655743,175.351639,-2456.84521
-25,187,-2464,-24.4579296,220.344009,-2464.84033
-25,187,-2464,-25.0745087,192.195953,-2464.99707
-15,142,-2456,-15.074626,147.199905,-2456.99707
-10,187,-2465,-10.0613756,192.19725,-2465.99805
0,186,-2456,0.115576692,208.752945,-2456.99316
-15,142,-2456,-14.8752451,164.762421,-2456.99219
0,142,-2454,0.115576692,164.757004,-2454.99316
10,187,-2465,9.34134102,191.443359,-2465.75244
0,186,-2456,-0.667153716,190.44339,-2456.74487
14,144,-2456,13.3421793,148.445816,-2456.75317
14,144,-2456,13.8533449,166.80632,-2456.98901
0,186,-2456,-0.145598099,208.818604,-2456.98926
0,142,-2454,-0.145598114,164.809082,-2454.98926
23,187,-2468,22.7555847,191.542511,-2468.96948
14,144,-2456,13.7473021,148.542419,-2456.96753
29,154,-2462,28.7475891,158.541534,-2462.96753
29,154,-2462,28.043581,158.273972,-2462.29199
35,147,-2476,34.0435829,151.273224,-2476.29199
23,187,-2468,22.0469265,191.274475,-2468.30273
23,187,-2468,22.1402664,193.405579,-2468.51074
35,147,-2476,34.1368141,153.402069,-2476.50488
36,187,-2490,35.1322899,193.404785,-2490.49707
34,262,-2490,33.0985413,304.879028,-2489.56714
36,187,-2490,35.0990105,229.876236,-2489.56616
23,262,-2513,22.098423,304.894257,-2512.56738
21,262,-2470,20.1604061,306.340393,-2470.54321
36,187,-2490,35.1555595,231.29895,-2490.53564
34,262,-2490,33.160881,306.345856,-2490.54395
0,262,-2458,-0.66826117,313.928101,-2458.7439
0,186,-2456,-0.66826117,237.967819,-2456.7439
10,187,-2465,9.33197784,238.977127,-2465.74414
-25,187,-2464,-25.0745087,213.815735,-2464.99707
-10,187,-2465,-10.074626,213.815735,-2465.99707
-23,262,-2467,-23.0608215,288.804657,-2467.99805
-23,262,-2467,-22.0662441,288.234009,-2467.35791
-30,187,-2477,-29.0658703,213.235519,-2477.35693
-25,187,-2464,-24.0657787,213.229294,-2464.35669
-32,262,-2490,-31.0456944,300.637512,-2490.29883
-34,187,-2490,-33.0458488,225.650589,-2490.29932
-30,187,-2477,-29.0456944,225.652985,-2477.29883
-22,262,-2513,-21.0790367,303.394012,-2512.61035
-34,187,-2490,-33.0787277,228.375061,-2489.61108
-32,262,-2490,-31.0787277,303.384003,-2489.61108
0,262,-2522,0.377146095,288.314636,-2521.07397
0,187,-2525,0.372629434,213.300415,-2524.07202
-22,262,-2513,-21.6410332,288.314636,-2512.06665
23,262,-2513,22.6310368,288.542023,-2512.07056
0,187,-2525,-0.352989584,213.560699,-2524.06445
0,262,-2522,-0.377796024,288.542023,-2521.07422
-27,272,-1200,-26.5388641,273.377777,-1200.88733
-73,236,-1195,-72.5388641,237.377319,-1195.88733
-22,269,-1195,-21.5388641,270.37793,-1195.88733
-106,211,-1200,-105.596916,213.768982,-1200.91516
-109,195,-1195,-108.585739,197.76947,-1195.91016
-73,236,-1195,-72.5857391,238.768921,-1195.91016
-109,195,-1195,-108.385063,199.916962,-1195.78857
-138,127,-1200,-137.379166,131.917526,-1200.78394
-132,126,-1195,-131.374725,130.916946,-1195.7804
-138,127,-1200,-137.394257,130.831039,-1200.79565
-149,86,-1195,-148.378708,89.8283081,-1195.78357
-132,126,-1195,-131.379166,129.831436,-1195.78394
-27,272,-1200,-26.7436905,274.116638,-1200.96655
-75,245,-1200,-74.7436905,247.116196,-1200.96655
-73,236,-1195,-72.7327423,238.116043,-1195.96362
-75,245,-1200,-74.5710373,247.476013,-1200.90332
-106,211,-1200,-105.553001,213.474915,-1200.89453
-73,236,-1195,-72.5828018,238.475388,-1195.90881
-106,211,-1200,-105.695129,213.849792,-1200.95239
-120,199,-1200,-119.702866,201.849792,-1200.95483
-109,195,-1195,-108.696716,197.849182,-1195.95288
-120,199,-1200,-119.618965,209.561203,-1200.92456
-138,127,-1200,-137.616318,137.555756,-1200.92346
-109,195,-1195,-108.618759,205.560059,-1195.92444
-138,127,-1200,-137.589249,131.532242,-1200.91174
-160,86,-1200,-159.589249,90.5333481,-1200.91174
-149,86,-1195,-148.590057,90.5336304,-1195.91211
-33,287,-1200,-32.9375839,288.283936,-1200.99805
-86,277,-1195,-85.9558182,278.285126,-1195.99902
-28,281,-1195,-27.9558182,282.283844,-1195.99902
-140,250,-1200,-139.648499,251.832779,-1200.93616
-139,242,-1195,-138.648499,243.832764,-1195.93616
-86,277,-1195,-85.641037,278.834595,-1195.93335
-171,184,-1200,-170.538162,189.705566,-1200.88696
-139,242,-1195,-138.537231,247.710251,-1195.88647
-150,239,-1200,-149.538406,244.709274,-1200.88708
-186,175,-1200,-185.71904,181.724396,-1200.95972
-184,146,-1195,-183.71904,152.722992,-1195.95972
-166,179,-1195,-165.727524,185.724274,-1195.96216
-33,287,-1200,-32.9565735,288.794373,-1200.99902
-87,286,-1200,-86.9687576,287.795593,-1200.99951
-86,277,-1195,-85.9615707,278.795044,-1195.99915
-87,286,-1200,-86.6620483,288.049713,-1200.94116
-140,250,-1200,-139.67569,252.049423,-1200.94592
-86,277,-1195,-85.6617355,279.049774,-1195.94104
-140,250,-1200,-139.490097,252.09758,-1200.86023
-150,239,-1200,-149.489487,241.097778,-1200.85986
-139,242,-1195,-138.489487,244.097961,-1195.85986
-186,175,-1200,-185.616318,182.431335,-1200.92346
-193,155,-1200,-192.629822,162.430099,-1200.92896
-184,146,-1195,-183.628891,153.430832,-1195.92859
-186,175,-1200,-185.648758,176.725235,-1200.93628
-166,179,-1195,-165.648758,180.725235,-1195.93628
-171,184,-1200,-170.648758,185.725204,-1200.93628
-171,184,-1200,-170.42305,188.066376,-1200.81677
-166,179,-1195,-165.430557,183.066528,-1195.82202
-139,242,-1195,-138.422913,246.070999,-1195.81665
-38,308,-1200,-38.3348579,309.679413,-1200.94226
-83,325,-1195,-83.3334885,326.679352,-1195.94275
-35,300,-1196,-35.3345184,301.679413,-1196.94238
-139,363,-1200,-139.169159,365.692291,-1200.98547
-139,350,-1195,-139.169159,352.691498,-1195.98547
-83,325,-1195,-83.1694565,327.690704,-1195.98547
-247,380,-1200,-246.797928,382.559753,-1200.97937
-291,356,-1200,-290.789276,358.561157,-1200.97754
-248,367,-1195,-247.789825,369.560059,-1195.97766
-38,308,-1200,-38.3171387,309.83255,-1200.94836
-80,332,-1200,-80.3196487,333.832855,-1200.94751
-83,325,-1195,-83.3196716,326.832733,-1195.94751
-80,332,-1200,-80.301384,333.762268,-1200.95349
-139,363,-1200,-139.295044,364.763702,-1200.95544
-83,325,-1195,-83.3014145,326.762482,-1195.95349
-139,350,-1195,-139.042267,352.594177,-1195.99902
-139,363,-1200,-139.042267,365.593872,-1200.99902
-202,363,-1200,-202.042267,365.593872,-1200.99902
-248,367,-1195,-248.144989,369.656006,-1195.98938
-202,363,-1200,-202.145142,365.657532,-1200.98938
-247,380,-1200,-247.144989,382.655518,-1200.98938
-202,363,-1200,-202.098495,364.239624,-1200.99512
-204,357,-1195,-204.09845,358.239716,-1195.99512
-139,350,-1195,-139.098175,351.239136,-1195.99512
-33,327,-1200,-33.3021355,329.915253,-1200.95325
-71,346,-1195,-71.3074875,348.91507,-1195.95154
-32,315,-1196,-32.3015137,317.914886,-1196.95337
-113,402,-1200,-113.537308,404.128357,-1200.84338
-117,392,-1192,-117.537254,394.12854,-1192.84338
-71,346,-1195,-71.5373001,348.128784,-1195.84338
-167,499,-1200,-167.061401,501.310181,-1200.99805
-213,507,-1200,-213.061768,509.310242,-1200.99805
-176,489,-1195,-176.074493,491.310181,-1195.99719
-33,327,-1200,-33.3623505,329.225342,-1200.93201
-64,351,-1200,-64.35569,353.226379,-1200.93457
-71,346,-1195,-71.341362,348.226105,-1195.93982
-64,351,-1200,-64.4029541,353.668976,-1200.91516
-113,402,-1200,-113.402466,404.671783,-1200.91541
-71,346,-1195,-71.3933792,348.669312,-1195.91931
-117,392,-1192,-117.649193,394.903809,-1192.76062
-113,402,-1200,-113.658653,404.904053,-1200.75244
-143,459,-1200,-143.652603,461.903717,-1200.75769
-176,489,-1195,-176.319214,494.345734,-1195.94763
-143,459,-1200,-143.322235,464.346649,-1200.94666
-167,499,-1200,-167.322235,504.346741,-1200.94666
-143,459,-1200,-143.608276,462.090057,-1200.7937
-148,456,-1195,-148.608292,459.090027,-1195.7937
-117,392,-1192,-117.59977,395.087097,-1192.80017
-148,456,-1195,-148.546768,458.163635,-1195.83728
-143,459,-1200,-143.561264,461.163666,-1200.82764
-176,489,-1195,-176.546021,491.163177,-1195.83777
-204,357,-1195,-204.185287,358.329987,-1195.98267
-202,363,-1200,-202.181366,364.330109,-1200.9834
-248,367,-1195,-248.185272,368.329865,-1195.98267
174,481,-1195,174.040588,483.337372,-1195.99915
212,496,-1200,212.043076,498.33725,-1200.99902
165,492,-1200,165.042679,494.337372,-1200.99902
32,315,-1196,32.32024,317.967133,-1196.94727
70,347,-1195,70.3164062,349.968414,-1195.94849
33,327,-1200,33.301384,329.967529,-1200.95349
110,385,-1192,110.595329,387.860901,-1192.80347
146,453,-1195,146.595322,455.860291,-1195.80347
141,456,-1200,141.595261,458.860107,-1200.80347
70,347,-1195,70.3673553,349.5159,-1195.93005
103,391,-1200,103.380089,393.516907,-1200.92493
63,352,-1200,63.37994,354.5159,-1200.92493
146,453,-1195,146.52475,454.85556,-1195.8512
174,481,-1195,174.524826,482.855621,-1195.8512
141,456,-1200,141.524841,457.855286,-1200.8512
33,327,-1200,33.3573112,329.33847,-1200.93396
70,347,-1195,70.357254,349.337524,-1195.93396
63,352,-1200,63.3573151,354.337708,-1200.93396
141,456,-1200,141.279114,461.166931,-1200.96021
174,481,-1195,174.282135,486.16745,-1195.95935
165,492,-1200,165.292404,497.167114,-1200.95618
110,385,-1192,110.603119,387.791779,-1192.79761
141,456,-1200,141.599274,458.792908,-1200.80054
103,391,-1200,103.603119,393.791962,-1200.79761
110,385,-1192,110.534164,386.987701,-1192.84534
103,391,-1200,103.535774,392.987671,-1200.84436
70,347,-1195,70.5350037,348.986542,-1195.84485
249,362,-1195,248.817749,364.46405,-1195.98315
292,355,-1200,291.808899,357.4646,-1200.98157
247,375,-1200,246.812714,377.463989,-1200.9823
35,300,-1196,35.2503433,301.738525,-1196.96814
83,319,-1195,83.2545395,320.740021,-1195.96704
38,308,-1200,38.2550697,309.73877,-1200.96692
139,341,-1195,139.169693,342.29361,-1195.98547
201,355,-1195,201.169571,356.294495,-1195.98547
199,361,-1200,199.170532,362.294434,-1200.98535
83,319,-1195,83.2955627,320.586639,-1195.95532
139,354,-1200,139.313293,355.586731,-1200.94958
80,325,-1200,80.3116226,326.587036,-1200.9502
201,355,-1195,201.106781,356.271362,-1195.99426
249,362,-1195,249.106781,363.271698,-1195.99426
199,361,-1200,199.106781,362.271362,-1200.99426
38,308,-1200,38.2654762,309.520905,-1200.96411
83,319,-1195,83.2654572,320.521332,-1195.96411
80,325,-1200,80.2723389,326.521393,-1200.96216
199,361,-1200,199.097137,363.734406,-1200.99524
249,362,-1195,249.097412,364.735626,-1195.99524
247,375,-1200,247.096863,377.735413,-1200.99524
139,341,-1195,139.043167,343.596741,-1195.99902
199,361,-1200,199.041321,363.596802,-1200.99915
139,354,-1200,139.043167,356.597015,-1200.99902
139,341,-1195,139.14505,343.616699,-1195.98938
139,354,-1200,139.14505,356.617096,-1200.98938
83,319,-1195,83.152626,321.615143,-1195.98828
28,281,-1195,27.9558182,282.283844,-1195.99902
86,277,-1195,85.9558182,278.285126,-1195.99902
33,287,-1200,32.9375343,288.283936,-1200.99805
131,242,-1195,130.456238,245.330505,-1195.83923
167,179,-1195,166.459839,182.328888,-1195.84155
172,184,-1200,171.453232,187.329147,-1200.83728
86,277,-1195,85.6307297,279.078217,-1195.92932
134,250,-1200,133.623749,252.078552,-1200.92651
87,286,-1200,86.6307297,288.077881,-1200.92932
167,179,-1195,166.453979,182.441956,-1195.83777
185,146,-1195,184.459259,149.440918,-1195.84119
172,184,-1200,171.453232,187.442337,-1200.83728
33,287,-1200,32.9558182,288.794373,-1200.99902
86,277,-1195,85.9558182,278.7948,-1195.99902
87,286,-1200,86.9558182,287.795105,-1200.99902
187,175,-1200,186.611069,182.431335,-1200.92126
185,146,-1195,184.609344,153.429901,-1195.92053
194,155,-1200,193.609344,162.429169,-1200.92053
131,242,-1195,130.453613,245.143814,-1195.83752
172,184,-1200,171.456238,187.146393,-1200.83923
134,250,-1200,133.453232,253.14357,-1200.83728
131,242,-1195,130.648758,244.210495,-1195.93628
134,250,-1200,133.649399,252.210709,-1200.93652
86,277,-1195,85.6487503,279.213074,-1195.93628
172,184,-1200,171.901306,190.100449,-1200.99512
185,146,-1195,184.891907,152.102737,-1195.99414
187,175,-1200,186.891907,181.10054,-1200.99414
22,269,-1195,21.5367565,270.37793,-1195.88623
73,236,-1195,72.5367584,237.377319,-1195.88623
27,272,-1200,26.5367565,273.377777,-1200.88623
109,195,-1195,108.375023,199.916962,-1195.78064
132,126,-1195,131.385071,130.916946,-1195.78857
138,127,-1200,137.37381,131.917221,-1200.77966
106,211,-1200,105.691719,213.849792,-1200.95129
109,195,-1195,108.693619,197.849182,-1195.9519
120,199,-1200,119.69062,201.849792,-1200.95093
132,126,-1195,131.385071,129.831436,-1195.78857
149,86,-1195,148.385071,89.8285522,-1195.78857
138,127,-1200,137.385849,130.831284,-1200.78918
73,236,-1195,72.5369949,238.475388,-1195.88635
106,211,-1200,105.537926,213.474274,-1200.88684
75,245,-1200,74.5372238,247.475357,-1200.88647
27,272,-1200,26.7376251,274.116943,-1200.96497
73,236,-1195,72.7161331,238.115768,-1195.95886
75,245,-1200,74.7301102,247.116486,-1200.96289
73,236,-1195,72.584137,238.768921,-1195.90942
109,195,-1195,108.584137,197.76947,-1195.90942
106,211,-1200,105.583069,213.768982,-1200.90894
138,127,-1200,137.589249,131.532242,-1200.91174
149,86,-1195,148.590057,90.5336304,-1195.91211
160,86,-1200,159.588165,90.5333481,-1200.91125
109,195,-1195,108.604767,205.560059,-1195.91858
138,127,-1200,137.609283,137.554474,-1200.92041
120,199,-1200,119.604767,209.559937,-1200.91858
24,442,-1191,23.4577484,443.085327,-1191.84021
26,449,-1200,25.4607773,450.085358,-1200.84216
0,464,-1200,-0.534006,465.085907,-1200.84546
-26,449,-1200,-25.4640331,450.085358,-1200.84424
-24,442,-1191,-23.460968,443.085327,-1191.84229
0,464,-1200,0.531500638,465.085907,-1200.84705
-45,429,-1200,-44.2726631,430.472076,-1200.68628
-24,442,-1191,-23.2719727,443.472321,-1191.68555
-26,449,-1200,-25.2726631,450.472565,-1200.68628
24,442,-1191,23.2742786,443.472443,-1191.68799
45,429,-1200,44.2734718,430.472076,-1200.68713
26,449,-1200,25.2734699,450.472565,-1200.68713
49,393,-1191,48.2739334,396.902618,-1191.68762
57,395,-1200,56.2735863,398.902557,-1200.68726
45,429,-1200,44.2735863,432.902252,-1200.68726
-57,395,-1200,-56.2889404,398.902313,-1200.70312
-49,393,-1191,-48.2882118,396.902618,-1191.70239
-45,429,-1200,-44.2879715,432.902252,-1200.70215
-17,333,-1189,-16.3958569,339.2901,-1189.79688
-35,300,-1196,-34.3963394,306.287994,-1196.79724
-22,309,-1188,-21.3948917,315.288513,-1188.79614
-17,333,-1189,-16.6617355,341.947266,-1189.94104
-22,309,-1188,-21.6620464,317.946899,-1188.94116
0,309,-1180,0.336198181,317.94577,-1180.94177
22,309,-1188,21.6647778,317.946899,-1188.94214
17,333,-1189,16.6490707,341.947266,-1189.9364
0,309,-1180,-0.344008446,317.94577,-1180.93896
35,300,-1196,34.389946,306.086426,-1196.79236
33,327,-1200,32.3897858,333.084106,-1200.79224
17,333,-1189,16.3897858,339.083527,-1189.79224
-27,236,-1197,-27.3933678,264.086182,-1197.91931
-18,211,-1200,-18.3936405,239.088699,-1200.91919
-20,234,-1200,-20.4035969,262.086243,-1200.91492
-19,260,-1200,-18.4458542,263.529449,-1200.8324
-27,236,-1197,-26.4488525,239.528412,-1197.83435
-15,259,-1197,-14.4414463,262.529358,-1197.82947
-19,260,-1200,-18.788681,265.065643,-1200.97742
-41,235,-1200,-40.788681,240.066254,-1200.97742
-27,236,-1197,-26.7798405,241.065735,-1197.97546
15,259,-1197,14.4502478,262.529602,-1197.83533
27,236,-1197,26.4458218,239.528412,-1197.8324
19,260,-1200,18.4458218,263.529449,-1200.8324
20,234,-1200,20.3935814,262.082764,-1200.91919
18,211,-1200,18.3936405,239.088699,-1200.91919
27,236,-1197,27.3933678,264.086182,-1197.91931
19,260,-1200,18.7755737,265.066284,-1200.97449
27,236,-1197,26.7715759,241.065735,-1197.97351
41,235,-1200,40.7718811,240.066254,-1200.97363
-24,415,-1182,-23.788681,446.815918,-1182.97742
-27,394,-1182,-26.788681,425.815552,-1182.97742
0,394,-1176,0.213990927,425.823456,-1176.97681
-14,428,-1180,-13.7755575,472.53598,-1180.97449
-24,415,-1182,-23.7798405,459.539124,-1182.97546
0,394,-1176,0.226999491,438.531586,-1176.97388
0,438,-1180,0.0614638478,448.920074,-1180.99805
-14,428,-1180,-13.9375706,438.916321,-1180.99805
0,394,-1176,0.0614638552,404.914673,-1176.99805
0,394,-1176,-0.0614638552,404.914673,-1176.99805
14,428,-1180,13.9375315,438.916321,-1180.99805
0,438,-1180,-0.0614638478,448.920074,-1180.99805
0,394,-1176,-0.231009617,438.526123,-1176.9729
24,415,-1182,23.7766209,459.539124,-1182.97473
14,428,-1180,13.7755575,472.53598,-1180.97449
0,394,-1176,-0.214009583,425.823456,-1176.97681
27,394,-1182,26.7798405,425.815552,-1182.97546
24,415,-1182,23.7771549,446.815918,-1182.97485
-39,425,-1191,-38.5508041,432.251923,-1191.89343
-49,393,-1191,-48.5488663,400.2547,-1191.89246
-24,415,-1182,-23.5527954,422.251801,-1182.89441
-24,442,-1191,-23.6549892,445.229187,-1191.9386
-39,425,-1191,-38.6539955,428.228271,-1191.93823
-24,415,-1182,-23.6617355,418.227753,-1182.94104
0,454,-1190,0.326462179,455.680084,-1190.94519
-24,442,-1191,-23.6617355,443.680542,-1191.94104
0,438,-1180,0.324990034,439.68045,-1180.94568
0,438,-1180,-0.336223155,439.680573,-1180.94177
24,442,-1191,23.6651211,443.680542,-1191.94226
0,454,-1190,-0.336223155,455.680084,-1190.94177
24,415,-1182,23.6307297,418.227753,-1182.92932
39,425,-1191,38.6316528,428.228271,-1191.92969
24,442,-1191,23.6307297,445.22876,-1191.92932
24,415,-1182,23.5376911,422.250916,-1182.88672
49,393,-1191,48.5379257,400.253784,-1191.88684
39,425,-1191,38.5379257,432.251038,-1191.88684
-45,429,-1200,-44.220356,433.146057,-1200.62622
-49,393,-1191,-48.2204552,397.145355,-1191.62634
-39,425,-1191,-38.2204552,429.145905,-1191.62634
-45,429,-1200,-44.3122559,430.67807,-1200.72595
-39,425,-1191,-38.3120003,426.677979,-1191.72571
-24,442,-1191,-23.3119984,443.678101,-1191.72571
0,464,-1200,0.477203906,465.138245,-1200.87878
-24,442,-1191,-23.5239067,443.138245,-1191.87939
0,454,-1190,0.476009369,455.138153,-1190.87939
24,442,-1191,23.5167618,443.138153,-1191.87549
0,464,-1200,-0.483006656,465.138153,-1200.87561
0,454,-1190,-0.474006772,455.138153,-1190.88049
39,425,-1191,38.3093071,426.677979,-1191.72314
45,429,-1200,44.3081551,430.677948,-1200.72205
24,442,-1191,23.3093052,443.678101,-1191.72314
49,393,-1191,48.2182083,397.145355,-1191.62354
45,429,-1200,44.217041,433.145782,-1200.62207
39,425,-1191,38.217041,429.14566,-1191.62207
-24,415,-1182,-23.6307526,433.159821,-1182.92932
-49,393,-1191,-48.6189651,411.160492,-1191.92456
-27,394,-1182,-26.6307526,412.162689,-1182.92932
-24,442,-1191,-23.4642258,445.572968,-1191.84436
-24,415,-1182,-23.4638443,418.572876,-1182.84412
-14,428,-1180,-13.4653807,431.573151,-1180.84509
0,438,-1180,0.352167845,440.073456,-1180.93591
-24,442,-1191,-23.6620464,444.074036,-1191.94116
-14,428,-1180,-13.6573229,430.073761,-1180.93945
14,428,-1180,13.6448641,430.073761,-1180.93481
24,442,-1191,23.6369324,444.073883,-1191.93176
0,438,-1180,-0.352167845,440.073456,-1180.93591
24,415,-1182,23.4607773,418.572876,-1182.84216
24,442,-1191,23.4611588,445.572968,-1191.84241
14,428,-1180,13.4562292,431.572937,-1180.83923
27,394,-1182,26.6186695,412.164948,-1182.92444
49,393,-1191,48.6186714,411.160492,-1191.92444
24,415,-1182,23.604763,433.159821,-1182.91858
-33,327,-1200,-32.3948936,333.084106,-1200.79614
-35,300,-1196,-34.3948936,306.086426,-1196.79614
-17,333,-1189,-16.3953743,339.083527,-1189.79651
35,300,-1196,34.3997421,306.287994,-1196.7998
17,333,-1189,16.3897858,339.289703,-1189.79224
22,309,-1188,21.3905792,315.288513,-1188.79285
144,116,-186,144.374451,122.254013,-185.072754
116,84,-180,116.387253,90.2498398,-179.078033
132,122,-180,132.374451,128.252869,-179.072754
149,163,-186,149.649765,177.496841,-185.239868
144,116,-186,144.649765,130.492874,-185.239868
142,163,-180,142.649673,177.495071,-179.239792
31,331,-180,30.5966721,332.62912,-179.084946
83,288,-186,82.5967407,289.628357,-185.084915
25,326,-186,24.5967388,327.629303,-185.084915
134,261,-180,133.736176,264.285034,-179.035431
134,242,-186,133.736176,245.284409,-185.035431
83,288,-186,82.7326279,291.287354,-185.036407
134,242,-186,133.348862,250.090561,-185.241043
156,163,-180,155.343124,171.080399,-179.246002
149,163,-186,148.342773,171.080887,-185.246307
31,331,-180,30.7635803,333.353638,-179.028351
86,300,-180,85.7635803,302.355042,-179.028351
83,288,-186,82.7635803,290.354553,-185.028351
86,300,-180,85.6637497,302.537964,-179.058228
134,261,-180,133.660904,263.538055,-179.05925
83,288,-186,82.6610718,290.53833,-185.059189
134,261,-180,133.66124,264.346344,-179.059128
147,247,-180,146.66124,250.346359,-179.059128
134,242,-186,133.660858,245.346558,-185.059265
147,247,-180,146.601242,270.071991,-179.082947
156,163,-180,155.59285,186.051682,-179.086639
134,242,-186,133.592163,265.06897,-185.08696
142,163,-180,142.405914,173.093872,-179.08609
144,116,-186,144.406601,126.089905,-185.086395
132,122,-180,132.405914,132.089874,-179.08609
38,348,-180,37.9375343,349.246643,-179.001953
98,336,-186,97.9375381,337.245758,-185.001953
32,341,-186,31.9375324,342.246735,-185.001953
170,323,-180,169.85228,325.789795,-179.010971
166,308,-186,165.851974,310.790161,-185.011017
98,336,-186,97.8458862,338.789734,-185.011948
233,260,-180,232.705078,263.324463,-179.044479
166,308,-186,165.704956,311.324219,-185.044525
193,300,-180,192.704987,303.324463,-179.04451
247,250,-180,246.610199,252.287933,-179.079102
270,217,-186,269.610168,219.288147,-185.079117
227,255,-186,226.609695,257.287781,-185.079315
280,227,-180,279.565979,237.497574,-179.099106
291,176,-180,290.564056,186.503632,-179.100037
270,217,-186,269.561951,227.497879,-185.101059
38,348,-180,37.9583054,349.835541,-179.00087
99,347,-180,98.9583054,348.835236,-179.00087
98,336,-186,97.9583054,337.835175,-185.00087
99,347,-180,98.820549,348.931183,-179.016235
170,323,-180,169.821213,324.931519,-179.016113
98,336,-186,97.8208771,337.931122,-185.016174
170,323,-180,169.704987,326.324463,-179.04451
193,300,-180,192.704987,303.324463,-179.04451
166,308,-186,165.704956,311.324219,-185.044525
247,250,-180,246.759338,252.938522,-179.029404
280,227,-180,279.757172,229.938705,-179.029938
270,217,-186,269.755402,219.938126,-185.03038
247,250,-180,246.581116,251.709167,-179.091965
227,255,-186,226.581207,256.708496,-185.091919
233,260,-180,232.581085,261.708679,-179.09198
233,260,-180,232.539658,261.902649,-179.112259
227,255,-186,226.537781,256.902649,-185.113235
166,308,-186,165.539719,309.900238,-185.112228
44,372,-180,44.3382797,373.490814,-179.05896
95,388,-186,95.3294601,389.491547,-185.055832
40,363,-185,40.3382874,364.490936,-184.05896
159,419,-180,159.089157,421.518188,-179.003983
159,404,-186,159.089157,406.517944,-185.003983
95,388,-186,95.098526,390.519379,-185.004868
293,423,-180,292.620361,426.388763,-179.074875
333,372,-180,332.620392,375.387604,-179.07486
290,408,-186,289.620422,411.388123,-185.074844
44,372,-180,44.2543106,374.371429,-179.032883
92,400,-180,92.2543106,402.373322,-179.032883
95,388,-186,95.2544937,390.373077,-185.032928
92,400,-180,92.1323776,402.147797,-179.008804
159,419,-180,159.126511,421.146698,-179.008041
95,388,-186,95.1323776,390.14801,-185.008804
159,404,-186,158.936584,406.527039,-185.002014
159,419,-180,158.936584,421.527588,-179.002014
235,407,-180,234.936584,409.528229,-179.002014
290,408,-186,290.116852,410.395752,-185.006851
235,407,-180,235.116852,409.394714,-179.006851
293,423,-180,293.116852,425.395996,-179.006851
235,407,-180,234.955826,408.163879,-179.000977
235,400,-186,234.955826,401.163849,-185.000977
159,404,-186,158.955826,405.165009,-185.000977
37,394,-180,37.4368439,397.121368,-179.100464
72,426,-186,72.4373169,429.120392,-185.100693
37,380,-185,37.4375992,383.121094,-184.10083
120,493,-180,120.298164,496.323456,-179.045486
125,479,-186,125.298119,482.323242,-185.045471
72,426,-186,72.2969894,429.323212,-185.04512
249,542,-180,248.776825,544.643372,-179.025223
295,515,-180,294.776489,517.643188,-179.025299
250,526,-186,249.776459,528.643494,-185.025314
37,394,-180,37.41922,397.507446,-179.092117
63,432,-180,63.41922,435.505219,-179.092117
72,426,-186,72.41922,429.505188,-185.092117
63,432,-180,63.3873291,434.827637,-179.078064
120,493,-180,120.387245,495.831055,-179.078033
72,426,-186,72.3872681,428.827362,-185.078033
125,479,-186,125.133705,481.674194,-185.008987
120,493,-180,120.133507,495.674194,-179.008957
185,517,-180,185.140015,519.674194,-179.009857
250,526,-186,250.140015,528.753723,-185.009857
185,517,-180,185.140015,519.752563,-179.009857
249,542,-180,249.140015,544.752869,-179.009857
185,517,-180,185.37265,518.365784,-179.072037
188,511,-186,188.372742,512.365662,-185.072067
125,479,-186,125.387238,480.364136,-185.078033
188,511,-186,188.212997,512.156982,-185.022949
185,517,-180,185.212524,518.156982,-179.022858
250,526,-186,250.212524,527.156738,-185.022858
235,400,-186,235.116852,401.167023,-185.006851
235,407,-180,235.116852,408.166901,-179.006851
290,408,-186,290.116852,409.167023,-185.006851
-250,526,-186,-249.776398,528.643494,-185.02533
-295,515,-180,-294.776428,517.643188,-179.025314
-249,542,-180,-248.776825,544.643372,-179.025223
-37,380,-185,-37.4418373,383.121185,-184.102905
-72,426,-186,-72.4413376,429.120483,-185.102661
-37,394,-180,-37.4404716,397.12146,-179.102234
-125,479,-186,-125.387337,480.364136,-185.078064
-188,511,-186,-188.37764,512.365662,-185.074051
-185,517,-180,-185.377625,518.365784,-179.074051
-72,426,-186,-72.3874817,428.827362,-185.078125
-120,493,-180,-120.387337,495.831055,-179.078064
-63,432,-180,-63.3873367,434.827637,-179.078064
-188,511,-186,-188.212997,512.156982,-185.022949
-250,526,-186,-250.212463,527.156738,-185.022842
-185,517,-180,-185.212463,518.156982,-179.022842
-37,394,-180,-37.4213181,397.507385,-179.093094
-72,426,-186,-72.4213867,429.505188,-185.093124
-63,432,-180,-63.4213219,435.505157,-179.093094
-185,517,-180,-185.140015,519.752563,-179.009857
-250,526,-186,-250.147003,528.753662,-185.010864
-249,542,-180,-249.139954,544.752869,-179.009857
-125,479,-186,-125.133705,481.674194,-185.008987
-185,517,-180,-185.139954,519.674194,-179.009857
-120,493,-180,-120.133507,495.674194,-179.008957
-125,479,-186,-125.298119,482.323242,-185.045471
-120,493,-180,-120.298164,496.323456,-179.045486
-72,426,-186,-72.2969894,429.323212,-185.04512
-290,367,-186,-289.664093,369.972473,-185.058105
-333,342,-180,-332.663879,344.971527,-179.058182
-293,381,-180,-292.662781,383.972443,-179.058578
-40,363,-185,-40.2864265,364.532959,-184.041901
-95,385,-186,-95.2865219,386.533905,-185.041931
-44,372,-180,-44.2864342,373.533112,-179.041901
-159,393,-186,-158.826752,394.180237,-185.015137
-235,378,-186,-234.822311,379.182159,-185.015915
-235,385,-180,-234.826843,386.182159,-179.015106
-95,385,-186,-95.0755539,387.094635,-185.002869
-159,408,-180,-159.075974,410.094635,-179.002899
-92,397,-180,-92.076088,399.095276,-179.002899
-235,378,-186,-234.822647,379.192261,-185.015854
-290,367,-186,-289.820709,368.192749,-185.016205
-235,385,-180,-234.820877,386.192139,-179.016174
-44,372,-180,-44.2219009,374.309845,-179.024933
-95,385,-186,-95.2216797,387.308929,-185.024887
-92,397,-180,-92.2214279,399.308899,-179.024826
-235,385,-180,-234.956528,387.348602,-179.000946
-290,367,-186,-289.956543,369.348358,-185.000946
-293,381,-180,-292.956543,383.348114,-179.000946
-159,393,-186,-158.881134,395.52298,-185.007095
-235,385,-180,-234.881134,387.521484,-179.007095
-159,408,-180,-158.881134,410.523224,-179.007095
-159,393,-186,-159.042358,395.512695,-185.0009
-159,408,-180,-159.043991,410.513214,-179.000977
-95,385,-186,-95.0416718,387.51004,-185.00087
-270,217,-186,-269.563965,227.497879,-185.100082
-291,176,-180,-290.563904,186.503632,-179.100113
-280,227,-180,-279.563904,237.497574,-179.100113
-32,341,-186,-31.9365845,342.246735,-185.002014
-98,336,-186,-97.9365845,337.245758,-185.002014
-38,348,-180,-37.9365845,349.246643,-179.002014
-166,308,-186,-165.539871,309.900238,-185.112152
-227,255,-186,-226.540985,256.902679,-185.111572
-233,260,-180,-232.541046,261.902679,-179.111542
-98,336,-186,-97.8208771,337.931122,-185.016174
-170,323,-180,-169.821213,324.931519,-179.016113
-99,347,-180,-98.8210449,348.931183,-179.016144
-227,255,-186,-226.539734,256.942963,-185.112228
-270,217,-186,-269.540131,218.943069,-185.112015
-233,260,-180,-232.53981,261.943451,-179.112183
-38,348,-180,-37.9568672,349.83548,-179.000931
-98,336,-186,-97.956871,337.835083,-185.000931
-99,347,-180,-98.956871,348.835144,-179.000931
-166,308,-186,-165.704895,311.324219,-185.04454
-233,260,-180,-232.705078,263.324463,-179.044479
-170,323,-180,-169.704941,326.324463,-179.044525
-166,308,-186,-165.858017,310.790131,-185.010132
-170,323,-180,-169.858017,325.789764,-179.010132
-98,336,-186,-97.8458862,338.789734,-185.011948
-233,260,-180,-232.776398,262.939178,-179.02533
-270,217,-186,-269.776489,219.93959,-185.025299
-280,227,-180,-279.776428,229.939941,-179.025314
-25,326,-186,-24.5967751,327.629303,-185.0849
-83,288,-186,-82.5967789,289.628357,-185.0849
-31,331,-180,-30.5967751,332.62912,-179.0849
-134,242,-186,-133.348862,250.090561,-185.241043
-149,163,-186,-148.348419,171.081146,-185.241425
-156,163,-180,-155.348419,171.080643,-179.241425
-134,260,-180,-133.704941,263.143951,-179.044525
-134,242,-186,-133.701889,245.144745,-185.045471
-147,247,-180,-146.704895,250.143936,-179.04454
-142,163,-180,-142.656631,177.494629,-179.245789
-144,116,-186,-144.656631,130.492432,-185.245789
-149,163,-186,-149.656631,177.496399,-185.245789
-132,122,-180,-132.377899,128.253006,-179.074158
-116,84,-180,-116.387337,90.2498398,-179.078064
-144,116,-186,-144.377869,122.25415,-185.074142
-83,288,-186,-82.6612396,290.563354,-185.059128
-134,260,-180,-133.664612,262.561432,-179.057922
-86,300,-180,-85.6614151,302.563354,-179.059067
-31,331,-180,-30.7676868,333.353607,-179.027359
-83,288,-186,-82.7676926,290.354523,-185.027359
-86,300,-180,-85.7676773,302.35498,-179.027374
-83,288,-186,-82.7117081,291.147552,-185.042465
-134,242,-186,-133.715057,245.143127,-185.041458
-134,260,-180,-133.705383,263.143677,-179.044388
-142,163,-180,-142.405914,173.093872,-179.08609
-132,122,-180,-132.405914,132.089874,-179.08609
-144,116,-186,-144.406601,126.089905,-185.086395
-134,242,-186,-133.592102,265.06897,-185.086975
-156,163,-180,-155.592133,186.051682,-179.08696
-147,247,-180,-146.592133,270.072693,-179.08696
61,523,-180,60.2070732,524.262695,-179.390686
32,539,-197,31.2070713,540.263123,-196.390686
35,549,-180,34.2039948,550.262695,-179.394714
-32,539,-197,-31.2101841,540.263123,-196.386658
-61,523,-180,-60.210186,524.262695,-179.386658
-35,549,-180,-34.210186,550.262695,-179.386658
-65,475,-197,-64.2002029,478.55838,-196.399734
-77,477,-180,-76.2001953,480.558929,-179.39975
-61,523,-180,-60.2002144,526.556458,-179.399719
77,477,-180,76.2039948,480.558807,-179.394714
65,475,-197,64.2040176,478.558258,-196.394684
61,523,-180,60.2039948,526.556274,-179.394714
19,401,-201,18.5397167,432.565948,-200.112228
0,372,-212,-0.466441005,403.575043,-211.115448
0,400,-211,-0.466006875,431.570801,-210.115219
0,372,-212,0.466441005,403.575043,-211.115448
-19,401,-201,-18.5378094,432.565948,-200.11322
0,400,-211,0.465988219,431.570801,-210.115219
19,401,-201,18.1903954,406.186615,-200.413025
40,363,-185,39.1899643,368.184479,-184.41362
25,373,-202,24.1900749,378.184814,-201.413467
19,401,-201,18.6356831,409.974182,-200.068726
25,373,-202,24.6358395,381.973114,-201.068665
0,372,-212,-0.365400821,380.974792,-211.069153
-25,373,-202,-24.6407547,381.972717,-201.066757
-19,401,-201,-18.6409531,409.973907,-200.066681
0,372,-212,0.365400821,380.974792,-211.069153
-40,363,-185,-39.2116089,368.690765,-184.384827
-37,394,-180,-36.2102203,399.690002,-179.386612
-19,401,-201,-18.2113228,406.690918,-200.385193
36,290,-187,36.7191925,305.312775,-186.305191
27,265,-180,27.7194595,280.30899,-179.305466
29,287,-180,29.7200775,302.310883,-179.306107
22,317,-180,21.2237682,318.776703,-179.369553
36,290,-187,35.2229652,291.776672,-186.370544
17,316,-187,16.2229767,317.776825,-186.370529
22,317,-180,21.2071781,318.75528,-179.390549
42,289,-180,41.2070732,290.755005,-179.390686
36,290,-187,35.2070732,291.755188,-186.390686
-17,316,-187,-16.2227421,317.776825,-186.370819
-36,290,-187,-35.2221489,291.776672,-186.371552
-22,317,-180,-21.2237682,318.776703,-179.369553
-29,287,-180,-29.7159805,302.310547,-179.30188
-27,265,-180,-27.7168713,280.308746,-179.302795
-36,290,-187,-36.7167969,305.312531,-186.302719
-22,317,-180,-21.2007618,318.755341,-179.398987
-36,290,-187,-35.2002029,291.755249,-186.399734
-42,289,-180,-41.2002831,290.755066,-179.399628
33,504,-211,32.7569618,542.608582,-210.029984
36,476,-211,35.7607079,514.603577,-210.029053
0,476,-220,-0.227051243,514.577698,-219.026123
19,522,-211,18.8445358,530.003845,-210.012161
33,504,-211,32.8446159,512.000977,-210.012146
0,476,-220,-0.148022428,484.001343,-219.011017
0,535,-211,-0.108010396,541.613098,-210.005859
19,522,-211,18.8995056,528.612671,-210.005066
0,476,-220,-0.108010396,482.612244,-219.005859
0,476,-220,0.108010396,482.612244,-219.005859
-19,522,-211,-18.899622,528.612671,-210.005051
0,535,-211,0.108010396,541.613098,-210.005859
0,476,-220,0.148022428,484.001343,-219.011017
-33,504,-211,-32.844635,512.000854,-210.012146
-19,522,-211,-18.844635,530.003845,-210.012146
0,476,-220,0.227051243,514.577698,-219.026123
-36,476,-211,-35.7676888,514.601196,-210.027359
-33,504,-211,-32.7676888,542.605652,-210.027359
52,517,-197,51.4722939,523.184692,-196.150574
65,475,-197,64.4712143,481.188873,-196.151245
33,504,-211,32.4722214,510.185272,-210.15062
32,539,-197,31.5876865,541.673401,-196.088959
52,517,-197,51.587719,519.673767,-196.088943
33,504,-211,32.5877533,506.67334,-210.088928
0,558,-197,-0.352008343,559.74762,-196.064011
32,539,-197,31.6596756,540.747131,-196.059692
0,535,-211,-0.341107935,536.747864,-210.059982
0,535,-211,0.341107935,536.747864,-210.059982
-32,539,-197,-31.6597595,540.747131,-196.059662
0,558,-197,0.326990008,559.74762,-196.054977
-33,504,-211,-32.5805779,506.673279,-210.092209
-52,517,-197,-51.5803146,519.673706,-196.092331
-32,539,-197,-31.5794239,541.67334,-196.092743
-33,504,-211,-32.4838409,510.185486,-210.143509
-65,475,-197,-64.4838409,481.189056,-196.143509
-52,517,-197,-51.4799347,523.184998,-196.145874
61,523,-180,60.158226,526.822937,-179.460175
65,475,-197,64.158226,478.823151,-196.460175
52,517,-197,51.158226,520.822083,-196.460175
61,523,-180,60.2380066,524.452209,-179.352417
52,517,-197,51.2380066,518.452332,-196.352417
32,539,-197,31.2380066,540.452698,-196.352417
-52,517,-197,-51.2329903,518.452271,-196.358368
-61,523,-180,-60.2440529,524.452209,-179.345367
-32,539,-197,-31.2440529,540.452637,-196.345367
-65,475,-197,-64.1562958,478.823151,-196.463196
-61,523,-180,-60.1562958,526.822937,-179.463196
-52,517,-197,-51.156517,520.822144,-196.462845
33,504,-211,32.5595589,525.407471,-210.102219
65,475,-197,64.5593109,496.400177,-196.102341
36,476,-211,35.5592194,497.40274,-210.102386
32,539,-197,31.5232029,541.704956,-196.120987
33,504,-211,32.5231743,506.705475,-210.121002
19,522,-211,18.5227261,524.705078,-210.121246
0,535,-211,-0.352008343,536.9729,-210.064011
32,539,-197,31.6488667,540.973083,-196.063675
19,522,-211,18.6486626,523.973328,-210.063751
-19,522,-211,-18.6487446,523.973328,-210.063721
-32,539,-197,-31.6488667,540.973083,-196.063675
0,535,-211,0.351989686,536.9729,-210.064011
-33,504,-211,-32.537838,506.705383,-210.113205
-32,539,-197,-31.5212402,541.704895,-196.122055
-19,522,-211,-18.5378094,524.705017,-210.11322
-36,476,-211,-35.5623398,497.403076,-210.100861
-65,475,-197,-64.5624008,496.400482,-196.10083
-33,504,-211,-32.5618706,525.407471,-210.101089
37,394,-180,36.2081757,399.689911,-179.389252
40,363,-185,39.2077408,368.690582,-184.389816
19,401,-201,18.2076244,406.690765,-200.389969
-40,363,-185,-39.1942062,368.184723,-184.407806
-19,401,-201,-18.1924839,406.186768,-200.410156
-25,373,-202,-24.1921825,378.184998,-201.410568
654,59,-759,654.9646,62.5019035,-759.263611
658,48,-733,658.964661,51.5012474,-733.263489
661,59,-734,661.962769,62.5016823,-734.270325
704,59,-709,704.262268,64.8067322,-709.964966
679,59,-716,679.263123,64.8053131,-716.964722
704,48,-707,704.262024,53.8065338,-707.965027
747,59,-734,746.303223,64.2632828,-734.717285
728,59,-716,727.320801,64.2624664,-716.733948
749,48,-733,748.302612,53.2637787,-733.716675
747,59,-784,746.029175,64.1243591,-783.760254
753,59,-759,752.029053,64.1234131,-758.760742
749,48,-785,748.029114,53.1248512,-784.760498
661,59,-784,661.962769,62.4727135,-783.729675
658,48,-785,658.964844,51.4722748,-784.737183
654,59,-759,654.964844,62.4730453,-758.737183
679,59,-716,679.696289,62.9176865,-716.717712
661,59,-734,661.696289,62.9176865,-734.717712
658,48,-733,658.703186,51.9180222,-733.710938
728,59,-716,727.72345,64.7683487,-716.960999
704,59,-709,703.715942,64.7674561,-709.958801
704,48,-707,703.715942,53.767086,-707.958801
753,59,-759,752.029053,64.0555496,-759.239258
747,59,-734,746.029053,64.0561752,-734.239258
749,48,-733,748.029114,53.0569801,-733.239441
675,80,-776,675.958984,81.3934631,-775.716553
654,59,-759,654.959167,60.3927078,-758.717163
670,80,-759,670.958801,81.3930969,-758.715942
675,80,-742,675.696289,81.3592834,-742.717712
679,59,-716,679.696716,60.3586998,-716.717346
687,80,-730,687.69635,81.3592834,-730.717651
720,80,-730,719.320801,81.3395157,-730.733948
728,59,-716,727.320496,60.3394394,-716.733643
733,80,-742,732.32074,81.3395615,-742.733887
737,80,-759,736.025146,81.3527069,-758.777161
753,59,-759,752.025146,60.352478,-758.777161
733,80,-776,732.02533,81.3528137,-775.776367
688,67,-804,688.733948,68.3297653,-803.320801
661,59,-784,661.733459,60.3298531,-783.320312
675,80,-776,675.733032,81.3302841,-775.319824
733,80,-776,732.32074,81.2412872,-775.266113
718,67,-804,717.320312,68.2415924,-803.266541
720,80,-788,719.319763,81.2413864,-787.267029
718,67,-804,717.384766,72.6067123,-803.21167
747,59,-784,746.384827,64.6069565,-783.211609
749,48,-785,748.388855,53.6076355,-784.208496
654,59,-759,654.9646,62.7572212,-758.736328
658,48,-785,658.9646,51.7565994,-784.736328
651,48,-759,651.9646,51.7576752,-758.736328
654,59,-759,654.9646,62.8143768,-759.263489
651,48,-759,651.962769,51.8148346,-759.270325
658,48,-733,658.9646,51.8138771,-733.263611
679,59,-716,679.696716,64.0556107,-716.717346
658,48,-733,658.696838,53.056263,-733.717224
678,48,-714,678.677795,53.0559425,-714.735229
704,48,-707,704.261841,53.0166626,-707.965088
679,59,-716,679.262207,64.0192947,-716.964966
678,48,-714,678.261902,53.0185356,-714.965027
728,59,-716,727.737854,63.4601097,-716.965027
704,48,-707,703.737854,52.4614296,-707.965027
730,48,-714,729.736511,52.4601669,-714.964661
749,48,-733,748.294983,51.888382,-733.709167
728,59,-716,727.284973,62.8881683,-716.699097
730,48,-714,729.282715,51.8880157,-714.696777
753,59,-759,752.034912,62.8335495,-759.261841
749,48,-733,748.034912,51.8330498,-733.261902
756,48,-759,755.034912,51.8340073,-759.261841
749,48,-785,748.034912,51.7757721,-784.738098
753,59,-759,752.034912,62.7765121,-758.738098
756,48,-759,755.034912,51.7767296,-758.738098
675,80,-776,675.964661,81.3385315,-775.736511
661,59,-784,661.9646,60.3387108,-783.736328
654,59,-759,654.964661,60.3387642,-758.736511
675,80,-742,675.9646,81.3398056,-742.263672
654,59,-759,654.962708,60.3400917,-759.270447
661,59,-734,661.9646,60.3399887,-734.263489
675,80,-742,675.696289,81.3592834,-742.717712
661,59,-734,661.696716,60.3586998,-734.717346
679,59,-716,679.696716,60.3586998,-716.717346
704,80,-726,704.261963,81.2691956,-726.965027
679,59,-716,679.258179,60.268898,-716.966064
704,59,-709,704.261902,60.2691956,-709.965027
704,80,-726,703.715942,81.3066635,-726.958801
704,59,-709,703.716553,60.3067589,-709.958984
728,59,-716,727.723267,60.3072586,-716.960938
733,80,-742,732.302246,81.3298645,-742.716309
728,59,-716,727.302673,60.3309708,-716.716736
747,59,-734,746.302856,60.3302498,-734.716919
733,80,-742,732.029053,81.343399,-742.239258
747,59,-734,746.029114,60.3436813,-734.23938
753,59,-759,752.029236,60.3433189,-759.23999
733,80,-776,732.029053,81.3641739,-775.760742
753,59,-759,752.029053,60.364151,-758.760742
747,59,-784,746.029114,60.3645592,-783.760498
654,59,-873,654.987244,64.1423416,-873.158875
656,48,-847,656.987366,53.143158,-847.158447
658,59,-848,658.987305,64.1436234,-848.158813
676,80,-888,676.936157,81.3031387,-887.648438
662,59,-897,662.93634,60.3029366,-896.648926
670,80,-872,670.93634,81.3029404,-871.648926
662,59,-897,662.949097,63.40765,-896.685059
660,48,-899,660.94812,52.4073067,-898.682129
654,59,-873,654.948547,63.4065628,-872.683411
752,59,-865,751.011536,64.1756897,-864.848572
750,48,-891,749.011658,53.1761856,-890.847778
748,59,-890,747.011536,64.176651,-889.848572
730,80,-850,729.06311,81.3644028,-850.349609
752,59,-865,751.06311,60.3646317,-865.349609
736,80,-866,735.06311,81.3643036,-866.349609
744,59,-841,743.048767,63.2893257,-841.308472
746,48,-839,745.052734,52.2891159,-839.320435
752,59,-865,751.051697,63.2882385,-865.317261
688,67,-912,688.551208,70.9799957,-911.165649
660,48,-899,660.556702,51.9809456,-898.169312
662,59,-897,662.551208,62.980484,-896.165649
670,80,-872,670.948975,81.3328552,-871.684692
662,59,-897,662.947998,60.3328781,-896.681763
654,59,-873,654.946167,60.3332901,-872.676331
670,80,-872,670.988159,81.3555069,-872.15332
654,59,-873,654.988159,60.355587,-873.153259
658,59,-848,658.988159,60.3553848,-848.153076
654,59,-873,654.940125,62.5079803,-872.65918
660,48,-899,660.940369,51.5084267,-898.659851
651,48,-874,651.940125,51.5079842,-873.65918
654,59,-873,654.9823,62.9334145,-873.187195
651,48,-874,651.982605,51.9331245,-874.185669
656,48,-847,656.981567,51.9333725,-847.191101
684,80,-842,684.757019,81.3173294,-842.653259
658,59,-848,658.751282,60.3173676,-848.659973
688,67,-822,688.757446,68.3168182,-822.652893
688,67,-822,688.677734,72.2220459,-822.735291
658,59,-848,658.677795,64.2242432,-848.735229
656,48,-847,656.677734,53.2245789,-847.735291
717,80,-839,716.353821,81.314537,-839.763184
744,59,-841,743.354614,60.3145218,-841.763855
730,80,-850,729.353821,81.3144836,-850.763184
752,59,-865,751.059204,62.4444542,-865.338928
746,48,-839,745.059265,51.4450111,-839.33905
755,48,-864,754.063416,51.4443474,-864.350403
752,59,-865,751.017395,63.0254669,-864.814331
755,48,-864,754.015564,52.024929,-863.82428
750,48,-891,749.017395,52.025177,-890.814331
730,80,-850,729.048523,81.3019104,-850.307617
744,59,-841,743.050415,60.3019485,-841.313477
752,59,-865,751.049561,60.3019485,-865.310791
733,80,-883,732.011536,81.3154602,-882.848572
752,59,-865,751.011658,60.3158493,-864.847778
748,59,-890,747.01178,60.3153419,-889.846985
733,80,-883,732.235474,81.7778091,-882.355408
718,67,-912,717.235474,68.7787704,-911.355408
722,80,-896,721.231079,81.778183,-895.360657
733,80,-883,732.282654,81.335907,-882.303284
748,59,-890,747.282532,60.3360329,-889.303467
718,67,-912,717.282349,68.3366089,-911.30365
653,59,-973,653.964844,63.9868202,-973.262817
658,48,-947,658.961121,52.9874687,-947.276123
660,59,-948,660.960999,63.9868202,-948.27655
674,80,-990,674.97052,81.349205,-989.759033
660,59,-998,660.970642,60.3487167,-997.759521
670,80,-973,670.974609,81.3495178,-972.776123
660,59,-998,660.964661,64.0070877,-997.736511
658,48,-999,658.964661,53.0077362,-998.736511
653,59,-973,653.964844,64.0069351,-972.737183
688,67,-930,688.572327,72.5080872,-930.820007
660,59,-948,660.572266,64.5083313,-948.819946
658,48,-947,658.572266,53.5091858,-947.819946
653,59,-973,653.9646,64.7715836,-972.736328
658,48,-999,658.964844,53.7729797,-998.737183
651,48,-973,651.964539,53.7712135,-972.736328
653,59,-973,653.964661,64.6948166,-973.263489
651,48,-973,651.964539,53.6944427,-973.263672
658,48,-947,658.964844,53.696209,-947.262817
670,80,-973,670.9646,81.2651062,-972.736328
660,59,-998,660.962708,60.2649002,-997.729492
653,59,-973,653.9646,60.2650986,-972.736328
670,80,-973,670.9646,81.271286,-973.263428
653,59,-973,653.964905,60.2713776,-973.262573
660,59,-948,660.962708,60.27108,-948.270447
686,80,-944,686.69928,81.3604126,-944.714844
674,80,-956,674.696716,81.3604126,-956.717346
660,59,-948,660.704163,60.3598251,-948.709961
674,80,-990,674.696716,81.3501129,-989.282654
686,80,-1002,686.699402,81.3501587,-1001.28528
660,59,-998,660.704224,60.3496246,-997.290039
660,59,-998,660.75116,60.2629242,-997.339905
686,80,-1002,686.75116,81.2636032,-1001.3399
688,67,-1020,688.74353,68.2634583,-1019.3313
753,59,-973,752.035339,64.0282898,-972.736511
748,48,-999,747.034912,53.0289383,-998.738098
746,59,-998,745.034912,64.0282898,-997.738098
732,80,-956,731.025146,81.3695374,-956.222839
746,59,-948,745.029175,60.3689461,-948.239624
736,80,-973,735.025269,81.3697433,-973.223328
746,59,-948,745.034912,64.0080261,-948.261841
748,48,-947,747.034912,53.0086708,-947.261841
753,59,-973,752.035339,64.0080261,-973.263428
753,59,-973,752.035156,64.6175156,-973.262756
748,48,-947,747.034912,53.6185532,-947.261902
755,48,-973,754.035095,53.6171417,-973.262512
753,59,-973,752.035156,64.694458,-972.737183
755,48,-973,754.035095,53.6940918,-972.737427
748,48,-999,747.034912,53.6955032,-998.738098
746,59,-948,745.425842,64.542778,-948.818726
718,67,-930,717.426086,72.5423584,-930.818909
748,48,-947,747.425842,53.5438042,-947.818726
720,80,-944,719.320862,81.447319,-944.734009
718,67,-930,717.320801,68.4472351,-930.733948
746,59,-948,745.331299,60.4471588,-948.74353
736,80,-973,735.035095,81.3051834,-973.262573
746,59,-948,745.035034,60.3049355,-948.262268
753,59,-973,752.035095,60.3051834,-973.262573
736,80,-973,735.034912,81.2988815,-972.738098
753,59,-973,752.035339,60.2989769,-972.736511
746,59,-998,745.035034,60.2986794,-997.737671
718,67,-1020,717.341492,72.3890381,-1019.24744
746,59,-998,745.34668,64.3886185,-997.24292
748,48,-999,747.339844,53.3876266,-998.248901
718,67,-1020,717.247192,68.2528229,-1019.3418
720,80,-1002,719.247192,81.2529144,-1001.3418
746,59,-998,745.247192,60.252285,-997.341797
653,59,-1083,653.962952,64.6902237,-1083.26965
651,48,-1083,651.964539,53.6898537,-1083.26367
658,48,-1057,658.964844,53.6916199,-1057.26282
753,59,-1083,752.035156,64.6987,-1082.73718
755,48,-1083,754.035095,53.6983261,-1082.73743
748,48,-1109,747.034912,53.6993866,-1108.73816
703,48,-1135,702.731445,53.0082245,-1134.03674
728,59,-1126,727.729492,64.0105438,-1125.03735
729,48,-1128,728.736328,53.0101013,-1127.0354
658,48,-1109,658.702881,53.152607,-1108.2887
678,59,-1126,678.69928,64.1521072,-1125.28516
677,48,-1128,677.697388,53.1521225,-1127.28333
736,80,-1083,735.035095,81.305481,-1083.26245
746,59,-1058,745.035034,60.305233,-1058.26233
753,59,-1083,752.035095,60.305481,-1083.26245
753,59,-1083,752.035156,64.6130981,-1083.26282
748,48,-1057,747.035095,53.6141434,-1057.26257
755,48,-1083,754.035095,53.6127319,-1083.26257
720,80,-1112,719.282288,81.3420639,-1111.30371
746,59,-1108,745.282715,60.3414726,-1107.30322
728,59,-1126,727.282715,60.3414726,-1125.30322
729,48,-1128,728.282837,53.0581703,-1127.3031
728,59,-1126,727.283203,64.0579987,-1125.30273
748,48,-1109,747.282837,53.0581703,-1108.3031
686,80,-1112,686.262268,81.3474731,-1111.03503
703,59,-1133,703.261841,60.3477554,-1132.03491
678,59,-1126,678.261719,60.3476524,-1125.03491
677,48,-1128,677.257812,52.920742,-1127.03381
678,59,-1126,678.257812,63.9214973,-1125.03381
703,48,-1135,703.257812,52.9188652,-1134.03381
670,80,-1083,670.9646,81.2647552,-1082.73633
660,59,-1108,660.962708,60.2645035,-1107.72949
653,59,-1083,653.9646,60.2647514,-1082.73633
653,59,-1083,653.964844,64.776001,-1082.73718
658,48,-1109,658.9646,53.7772141,-1108.73633
651,48,-1083,651.964844,53.7756271,-1082.73718
688,67,-1038,688.613342,72.4575577,-1038.78979
660,59,-1058,660.609375,64.455101,-1058.79285
658,48,-1057,658.613342,53.4561081,-1057.78979
672,80,-1065,672.613525,81.1229782,-1065.78967
688,67,-1038,688.613831,68.1226807,-1038.78943
686,80,-1054,686.613342,81.1227951,-1054.78979
653,59,-1083,653.9646,63.9855728,-1083.26367
658,48,-1057,658.9646,52.9862213,-1057.26355
660,59,-1058,660.964539,63.9855728,-1058.26367
660,59,-1108,660.9646,64.0081787,-1107.73633
658,48,-1109,658.9646,53.0088272,-1108.73633
653,59,-1083,653.964844,64.0081787,-1082.73718
660,59,-1108,660.702759,64.1522751,-1107.28857
678,59,-1126,678.69928,64.1521072,-1125.28516
658,48,-1109,658.702881,53.152607,-1108.2887
703,48,-1135,703.261902,53.6943436,-1134.03491
678,59,-1126,678.262817,64.6934814,-1125.03516
703,59,-1133,703.261902,64.6945419,-1132.03491
703,59,-1133,702.729492,64.5912018,-1132.03735
728,59,-1126,727.736328,64.5897827,-1125.0354
703,48,-1135,702.736328,53.5910034,-1134.0354
748,48,-1109,747.282837,53.0581703,-1108.3031
728,59,-1126,727.283203,64.0579987,-1125.30273
746,59,-1108,745.282837,64.0579987,-1107.3031
753,59,-1083,752.035339,64.0292282,-1082.73657
748,48,-1109,747.035095,53.0298729,-1108.73743
746,59,-1108,745.034973,64.0292282,-1107.73792
746,59,-1058,745.034912,64.0067749,-1058.26184
748,48,-1057,747.034973,53.0074234,-1057.26208
753,59,-1083,752.035339,64.0067749,-1083.26343
718,67,-1038,717.282837,68.3347092,-1038.6969
746,59,-1058,745.283325,60.3342934,-1058.69739
720,80,-1054,719.283447,81.3351746,-1054.69751
736,80,-1083,735.000977,81.8882904,-1082.95593
746,59,-1108,745.000977,60.8897629,-1107.95593
735,80,-1101,734.001038,81.8886719,-1100.95508
735,80,-1065,734.001038,81.8462448,-1065.04456
746,59,-1058,745.000977,60.8473358,-1058.04346
736,80,-1083,735.000977,81.8458633,-1083.04395
720,80,-1054,719.41217,81.7208328,-1054.80896
746,59,-1058,745.412476,60.7209244,-1058.8092
735,80,-1065,734.412476,81.7208939,-1065.8092
732,104,-1066,731.000977,111.914307,-1066.04346
735,80,-1065,734.000977,87.9145508,-1065.04407
736,80,-1083,735.000977,87.9140701,-1083.04346
732,104,-1100,731.000977,111.953995,-1099.95593
736,80,-1083,735.000977,87.9537582,-1082.95593
735,80,-1101,734.000977,87.9542389,-1100.95593
732,104,-1100,731.404358,113.348526,-1099.19678
735,80,-1101,734.400574,89.3492584,-1100.19958
720,80,-1112,719.408813,89.3492584,-1111.19348
703,104,-1116,702.602539,112.433571,-1115.0824
720,80,-1112,719.609375,88.4300537,-1111.07947
703,80,-1119,702.609375,88.4321747,-1118.07947
703,104,-1116,703.367188,112.614319,-1115.06995
703,80,-1119,703.367188,88.6118622,-1118.06995
686,80,-1112,686.37262,88.6113358,-1111.07202
674,104,-1100,674.613525,116.072426,-1099.21033
686,80,-1112,686.615234,92.0767975,-1111.21167
672,80,-1101,672.613342,92.0735245,-1100.21021
674,104,-1100,674.993103,115.374191,-1099.88281
672,80,-1101,672.995056,91.3756256,-1100.90076
670,80,-1083,670.995056,91.3770294,-1082.90076
674,104,-1066,674.993103,115.555687,-1066.11694
670,80,-1083,670.993164,91.5592194,-1083.1167
672,80,-1065,672.993164,91.5578232,-1065.1167
674,104,-1066,674.609375,115.804535,-1066.79272
672,80,-1065,672.613281,91.8067245,-1065.78979
686,80,-1054,686.613647,91.8110809,-1054.78955
703,104,-1050,703.376953,112.880127,-1050.92615
686,80,-1054,686.377014,88.8766098,-1054.92615
703,80,-1047,703.377136,88.8787384,-1047.92615
703,104,-1050,702.621643,112.699379,-1050.92566
703,80,-1047,702.609375,88.6963882,-1047.92053
720,80,-1054,719.621948,88.6958618,-1054.92578
732,104,-1066,731.41217,113.318832,-1066.80896
720,80,-1054,719.412659,89.3190002,-1054.80933
735,80,-1065,734.413147,89.3195648,-1065.80969
670,80,-1083,670.994263,81.6273727,-1083.10693
660,59,-1058,660.993164,60.6276627,-1058.11658
672,80,-1065,672.994141,81.6277313,-1065.10803
672,80,-1101,672.993225,81.67202,-1100.88391
660,59,-1108,660.994141,60.6720695,-1107.89197
670,80,-1083,670.995056,81.671608,-1082.90076
686,80,-1112,686.613525,81.6006699,-1111.21033
660,59,-1108,660.613342,60.6003189,-1107.21021
672,80,-1101,672.613525,81.6008987,-1100.21033
703,80,-1119,703.376953,81.6128616,-1118.07385
703,59,-1133,703.37262,60.613327,-1132.07202
686,80,-1112,686.378052,81.613205,-1111.07422
720,80,-1112,719.609375,81.6335602,-1111.07947
703,59,-1133,702.609375,60.6336823,-1132.07947
703,80,-1119,702.609375,81.6333313,-1118.07947
735,80,-1101,734.404541,81.770195,-1100.19666
746,59,-1108,745.404358,60.7701645,-1107.19678
720,80,-1112,719.408813,81.770195,-1111.19348
120,480,-2216,119.923515,6094.48047,-2215.00293
61,120,-2220,60.9235115,5735.8252,-2219.00293
60,480,-2220,59.9235115,6098.48047,-2219.00293
-60,480,-2220,-59.9375839,571.364685,-2219.00195
-121,120,-2220,-120.937538,211.158875,-2219.00195
-120,480,-2216,-119.937584,571.429688,-2215.00195
-120,480,-2216,-119.937584,571.429688,-2215.00195
-121,120,-2220,-120.937538,211.158875,-2219.00195
-180,480,-2212,-179.937546,571.516418,-2211.00195
120,480,-2216,119.847359,568.204285,-2215.01172
180,120,-2212,179.841171,208.392532,-2211.0127
120,120,-2220,119.847359,208.348206,-2219.01172
120,480,-2216,119.955818,569.872742,-2215.00098
120,120,-2220,119.955818,209.81778,-2219.00098
61,120,-2220,60.9558182,209.81778,-2219.00098
