-1638,58,3450,-1638.99915,59.8974724,3450.04028
-1675,127,3447,-1675.99902,128.89537,3447.04297
-1670,133,3730,-1670.99902,134.896988,3730.04126
-2172,145,-557,-2172.46704,150.648087,-556.115784
-2043,144,-489,-2043.47168,149.633911,-488.118256
-2038,59,-504,-2038.4718,64.6339722,-503.118317
1959,311,-1170,1959.9823,317.853058,-1170.18726
1916,117,-1247,1916.9823,123.873672,-1247.18701
1973,180,-972,1973.98218,186.85051,-972.187134
1959,311,-1170,1959.99402,336.240509,-1170.10815
1973,180,-972,1973.99402,205.168045,-972.107971
1982,300,-929,1982.99512,325.182739,-929.09845
1757,311,-1462,1757.78833,349.183167,-1462.61523
1765,107,-1443,1765.7843,145.175125,-1443.62012
1916,117,-1247,1916.78857,155.143906,-1247.61487
1458,312,-1668,1458.55408,330.773285,-1668.8324
1765,107,-1443,1765.55383,125.814339,-1443.83252
1757,311,-1462,1757.55078,329.799133,-1462.83459
1181,312,-1901,1181.60547,338.514587,-1901.79578
1184,69,-1887,1184.60547,95.4868622,-1887.79565
1465,69,-1663,1465.60938,95.6503906,-1663.79285
946,311,-2176,946.741394,333.178558,-2176.6709
871,69,-2245,871.742249,91.1297455,-2245.66992
1184,69,-1887,1184.75024,91.2314835,-1887.66101
946,311,-2176,946.751099,346.751953,-2176.66016
1184,69,-1887,1184.7511,104.510971,-1887.66003
1181,312,-1901,1181.7522,347.623383,-1901.65894
31,311,-3284,31.6862812,898.881653,-3284.72705
342,55,-2982,342.687164,644.053101,-2982.72632
290,312,-3033,290.681366,902.663391,-3033.73193
-314,311,-3282,-313.938538,809.288757,-3282.99805
-288,104,-3280,-287.955841,602.84729,-3280.99902
58,99,-3259,58.0607338,597.116089,-3259.99805
-86,312,-3294,-85.9235153,321.411285,-3294.99707
58,99,-3259,58.0747375,108.409454,-3259.99707
31,311,-3284,31.0620785,320.404144,-3284.99805
-288,104,-3280,-288.608765,116.253761,-3280.79321
-314,311,-3282,-314.614288,323.282532,-3282.78906
-413,315,-3207,-413.608765,327.291168,-3207.79321
-413,315,-3207,-413.87149,475.741364,-3207.49023
-480,305,-3090,-480.87149,465.375458,-3090.49023
-517,117,-3023,-517.867615,276.94928,-3023.49707
-1625,132,1003,-1625.99902,134.172897,1002.95587
-1592,60,1002,-1592.9989,62.1721649,1001.95508
-1620,134,102,-1620.99902,136.198914,101.955818
-1668,131,2230,-1668.9989,165.086609,2229.95508
-1651,67,1924,-1651.99902,101.084488,1923.95593
-1653,132,1925,-1653.99902,166.068253,1924.95593
-1837,108,3912,-1837.62805,110.22982,3911.22192
-1941,110,3994,-1941.62805,112.233742,3993.22192
-1827,62,3932,-1827.62329,64.229805,3931.21802
-2487,127,3961,-2486.43457,130.289093,3960.17529
-3112,131,3510,-3111.44141,134.304321,3509.17065
-3148,-106,3574,-3147.42896,-102.691879,3573.1792
-2492,-29,4049,-2491.42578,-17.2154751,4048.1814
-3148,-106,3574,-3147.43164,-94.3505707,3573.17725
-2488,-106,4060,-2487.42896,-94.22258,4059.1792
-3537,-106,3080,-3537.95581,-96.5021667,3080.29395
-3597,272,3022,-3597.95117,281.546509,3022.30859
-3235,143,4120,-3235.95581,152.362488,4120.29395
-3235,143,4120,-3235.61426,144.136536,4120.78906
-2674,195,4600,-2674.61426,196.1315,4600.78906
-2654,139,4557,-2654.60596,140.131683,4557.79541
-2654,139,4557,-2654.35449,139.928909,4557.93506
-2362,188,4712,-2362.34375,188.930328,4712.93896
-2351,124,4651,-2351.35034,124.93264,4651.93652
-1231,85,4624,-1231.40308,99.0591812,4624.91504
-589,7,4897,-589.411987,21.0519905,4897.91113
-588,-116,4888,-588.415039,-101.975143,4888.90967
-1229,-37,4595,-1229.4668,-33.5941353,4595.88428
-588,-116,4888,-588.457886,-112.610092,4888.88867
-1225,-116,4571,-1225.46484,-112.592812,4571.88525
858,-116,5050,857.847412,-112.402229,5050.98828
662,28,5062,661.823975,31.5916367,5062.98438
863,20,5091,862.829468,23.6005859,5091.98535
1372,21,4925,1372.41504,28.613905,4925.90967
1365,-116,4907,1365.41602,-108.379944,4907.90918
1213,25,5002,1213.41382,32.6093979,5002.91016
1642,-116,4729,1642.66956,-88.7234192,4729.74268
1648,27,4731,1648.66736,54.2581215,4731.74463
1903,27,4489,1903.67798,54.2205658,4489.73486
2888,166,1287,2888.88403,168.672729,1287.46741
2856,80,1282,2856.88525,82.6764374,1282.46509
2831,172,1405,2831.88745,174.669281,1405.46057
2856,80,1282,2856.97827,82.6546707,1282.20654
2888,166,1287,2888.97461,168.656555,1287.22363
3050,257,685,3050.97632,259.656372,685.215332
3073,320,197,3073.96753,328.125305,197.252716
3015,171,360,3015.97339,179.121017,360.228607
3032,299,356,3032.96777,307.119141,356.25177
3141,327,-111,3141.99609,330.079285,-110.911705
3083,190,51,3083.99609,193.085129,51.0856705
3128,324,43,3128.99707,327.08667,43.0759926
3046,205,-419,3046.97925,208.453766,-419.20224
3141,327,-111,3141.9812,330.44278,-111.192352
3087,344,-425,3087.98242,347.452301,-425.186218
2971,352,-711,2971.78076,357.46875,-711.624756
2761,362,-978,2761.77686,367.480469,-978.629639
2733,219,-973,2733.77197,224.494385,-973.635437
1680,304,-2400,1680.67871,312.199738,-2400.73438
1266,379,-2804,1266.67847,387.181335,-2804.73462
1259,304,-2798,1259.6781,312.175598,-2798.73486
615,403,-3597,615.788391,415.260345,-3597.61499
616,334,-3587,616.776672,346.249054,-3587.62964
713,327,-3462,713.776733,339.278381,-3462.62964
616,334,-3587,616.572632,343.384308,-3587.81958
615,403,-3597,615.566528,412.378571,-3597.82397
220,345,-3871,220.572205,354.427979,-3871.82007
-639,195,-3678,-639.402893,223.427811,-3678.91504
-824,381,-3606,-824.411316,409.372681,-3606.91138
-817,195,-3602,-817.411255,223.434875,-3602.91138
-978,194,-3330,-978.704407,202.158691,-3330.70972
-1124,357,-3217,-1124.70044,365.147247,-3217.71362
-1103,181,-3206,-1103.69922,189.160294,-3206.71484
-1258,147,-2898,-1258.97046,155.846466,-2898.24097
-1316,276,-2728,-1316.97046,284.84491,-2728.24121
-1298,124,-2727,-1298.97046,132.84111,-2727.24121
-1383,87,-2411,-1383.98035,94.6679459,-2411.19727
-1399,214,-2414,-1399.97937,221.671997,-2414.20166
-1465,224,-2104,-1465.97937,231.700027,-2104.2019
-1432,47,-2101,-1432.99597,52.4793282,-2101.08887
-1465,224,-2104,-1465.99707,229.465637,-2104.07593
-1491,218,-1807,-1491.99597,223.448563,-1807.08826
-1432,47,-2101,-1432.99402,53.9338417,-2101.10815
-1491,218,-1807,-1491.995,224.908096,-1807.09912
-1460,5,-1802,-1460.99316,11.9116602,-1802.11658
-3069,-25,-1034,-3069.34985,-17.2008152,-1034.93677
-3353,-106,-919,-3353.34961,-98.2083893,-919.93689
-3066,-106,-1024,-3066.34961,-98.1930847,-1024.93689
-3367,147,-972,-3367.90381,254.542389,-972.427734
-3991,224,309,-3991.9021,331.200256,308.568481
-3989,-106,312,-3989.90088,1.32034802,311.565979
-3355,-26,-929,-3355.88867,-14.0118799,-929.458496
-3989,-106,312,-3989.89697,-94.1171265,311.557922
-3353,-106,-919,-3353.88452,-94.000206,-919.46637
-704,41,-2026,-703.004822,49.9633751,-2025.90198
-742,11,-1706,-741.004822,19.9976902,-1705.90198
-724,177,-1705,-723.004822,185.993759,-1704.90198
661,319,-1259,660.034912,325.926788,-1258.73816
696,33,-1285,695.034912,39.9082108,-1284.73816
542,275,-1710,541.034119,281.887848,-1709.74109
542,275,-1710,541.03009,280.083374,-1709.75659
696,33,-1285,695.029053,38.0882072,-1284.76074
590,-4,-1744,589.030029,1.10216892,-1743.75684
1248,83,-1116,1247.71619,92.0093231,-1115.04114
661,319,-1259,660.706055,327.981171,-1258.04419
1238,315,-1092,1237.70605,323.982391,-1091.04419
1248,83,-1116,1247.70605,91.471077,-1115.04419
696,33,-1285,695.706055,41.4165611,-1284.04419
661,319,-1259,660.722656,327.444702,-1258.03931
1530,127,-1036,1529.73633,143.095734,-1035.0354
1248,83,-1116,1247.72266,99.0193329,-1115.03931
1526,343,-1023,1525.72949,359.120239,-1022.03729
1248,83,-1116,1247.75879,92.1228485,-1115.02954
1238,315,-1092,1237.77539,324.142456,-1091.02563
1526,343,-1023,1525.77539,352.147156,-1022.02557
1530,127,-1036,1529.89197,143.465454,-1035.00586
1526,343,-1023,1525.88281,359.448975,-1022.0069
2018,359,-969,2017.88281,375.466278,-968.006897
-987,-106,1291,-986.000916,-90.4076996,1291.04199
-956,153,987,-955.000977,168.693787,987.043213
-972,-106,979,-971.000977,-90.349617,979.043457
-835,-83,-1054,-834.001892,-76.4042664,-1053.9386
-800,147,-1041,-799.001892,153.576004,-1040.9386
-774,180,-1375,-773.001892,186.600433,-1374.9386
-742,11,-1706,-741.011536,19.9868984,-1705.84863
-774,180,-1375,-773.011536,189.01355,-1374.84863
-724,177,-1705,-723.011536,185.972748,-1704.84863
-742,11,-1706,-741.018311,16.5569763,-1705.80957
-811,-36,-1383,-810.017395,-30.4320393,-1382.81433
-774,180,-1375,-773.017395,185.582596,-1374.81433
-87,281,-2701,-87.097496,289.774628,-2700.00488
-82,-21,-2734,-82.097496,-12.198904,-2733.00488
-574,157,-2758,-574.107422,165.739441,-2757.00586
375,260,-2146,374.249115,267.238922,-2145.3396
406,-5,-2167,405.243774,2.2446053,-2166.3457
-82,-21,-2734,-82.7605972,-13.6837463,-2733.35083
375,260,-2146,374.223114,272.446198,-2145.37036
-82,-21,-2734,-82.7734451,-8.49732685,-2733.36621
-87,281,-2701,-87.7653351,293.468933,-2700.35645
542,275,-1710,541.078735,279.793365,-1709.61108
590,-4,-1744,589.078674,0.783306897,-1743.61133
406,-5,-2167,405.081146,-0.251841933,-2166.60547
542,275,-1710,541.067993,282.18866,-1709.63757
406,-5,-2167,405.066071,2.16857624,-2166.64258
375,260,-2146,374.066071,267.150879,-2145.64258
-574,157,-2758,-573.015442,174.112076,-2757.82495
-649,81,-2343,-648.015442,98.1080551,-2342.82495
-639,266,-2338,-638.015442,283.148407,-2337.82495
528,195,-2767,527.154663,474.365692,-2766.46582
725,274,-2462,724.154663,553.140137,-2461.46582
726,194,-2461,725.154663,472.878143,-2460.46582
1979,194,-1175,1978.0144,198.929947,-1174.83093
2001,301,-933,2000.01343,305.916901,-932.836731
2018,184,-969,2017.0155,188.923325,-968.824646
-2775,60,-544,-2774.57422,72.5715561,-543.095215
-2910,142,-470,-2909.55713,154.572784,-469.103424
-2774,142,-537,-2773.56543,154.568314,-536.099365
-2774,-106,-544,-2773.58716,-92.7837677,-543.089233
-2910,-106,-482,-2909.59717,-92.7598343,-481.084747
-2910,-23,-475,-2909.59009,-9.7515974,-474.087891
-2910,-106,-482,-2909.85156,-93.7385101,-481.011108
-3040,-106,-462,-3039.84473,-93.7267532,-461.012146
-2910,-23,-475,-2909.85156,-10.7410393,-474.011108
-2910,142,-470,-2909.85181,147.155609,-469.011047
-3042,58,-466,-3041.84473,63.1536942,-465.012146
-3040,141,-450,-3039.85156,146.156281,-449.011108
-3040,-106,-462,-3039.80469,-94.7142258,-461.019287
-3303,-106,-406,-3302.79053,-94.7675552,-405.022186
-3302,-23,-399,-3301.7998,-11.7661276,-398.020264
-3040,141,-450,-3039.80469,146.251633,-449.019287
-3042,58,-466,-3041.81055,63.2496719,-465.018127
-3304,135,-398,-3303.80518,140.25502,-397.019165
-3032,223,-392,-3031.77637,224.241592,-391.02533
-3304,135,-398,-3303.77637,136.235733,-397.02533
-3289,212,-340,-3288.77637,213.237061,-339.02533
-3303,-106,-406,-3302.64355,-93.9654617,-405.065704
-3456,-106,-348,-3455.65747,-93.9669342,-347.060516
-3302,-23,-399,-3301.6543,-10.9771976,-398.061676
-3304,135,-398,-3303.63599,137.709473,-397.068634
-3455,105,-352,-3454.64355,107.709862,-351.065704
-3446,149,-338,-3445.6438,151.710632,-337.065613
-3289,212,-340,-3288.55615,213.307343,-339.103912
-3304,135,-398,-3303.552,136.30687,-397.105988
-3410,214,-278,-3409.55396,215.306076,-277.105011
-3456,-106,-348,-3455.31152,-92.8199539,-347.27475
-3558,-106,-251,-3557.32129,-92.8009644,-250.26561
-3553,-24,-247,-3552.32129,-10.8161259,-246.26561
-3446,149,-338,-3445.38281,151.572174,-337.213196
-3455,105,-352,-3454.36523,107.572472,-351.227325
-3558,141,-251,-3557.37402,143.566177,-250.220169
-2774,142,-537,-2773.57227,144.107895,-536.09613
-2910,142,-470,-2909.55371,144.110168,-469.105133
-2771,194,-511,-2770.55615,196.109726,-510.103912
-3032,223,-392,-3031.84521,224.423355,-391.012054
-2910,142,-470,-2909.84473,143.420563,-469.012146
-3040,141,-450,-3039.84473,142.422485,-449.012146
-3032,223,-392,-3031.80005,224.467087,-391.020203
-3040,141,-450,-3039.79004,142.468002,-449.022308
-3304,135,-398,-3303.79028,136.474609,-397.022247
-2771,194,-511,-2770.44434,195.147873,-510.16861
-2910,142,-470,-2909.44434,143.149094,-469.16861
-2906,213,-398,-2905.45117,214.150192,-397.164093
-2775,60,-544,-2774.5957,67.4859009,-543.085388
-2910,60,-482,-2909.58984,67.4849777,-481.088013
-2910,142,-470,-2909.58984,149.476913,-469.088013
-2910,142,-470,-2909.87305,148.998001,-469.008118
-2910,60,-482,-2909.87305,67.0030518,-481.008118
-3042,58,-466,-3041.87305,65.0124588,-465.008118
-3304,135,-398,-3303.79102,144.180145,-397.022095
-3042,58,-466,-3041.79004,67.1582031,-465.022308
-3305,55,-407,-3304.79004,64.1814957,-406.022308
-3304,135,-398,-3303.69556,143.71402,-397.047485
-3305,55,-407,-3304.69531,63.7053719,-406.047577
-3455,105,-352,-3454.69531,113.688324,-351.047577
-3456,-106,-348,-3455.33032,-95.2249298,-347.257355
-3553,-24,-247,-3552.31177,-13.2366276,-246.274521
-3450,-23,-343,-3449.32129,-12.2254963,-342.265625
-3302,-23,-399,-3301.65454,-10.4430466,-398.061584
-3456,-106,-348,-3455.65454,-93.4461212,-347.061584
-3450,-23,-343,-3449.64355,-10.432579,-342.065704
-3040,-106,-462,-3039.79004,-93.7139359,-461.022308
-3302,-23,-399,-3301.79004,-10.6937304,-398.022308
-3040,-24,-455,-3039.7998,-11.7120419,-454.020264
-2910,-23,-475,-2909.84473,-11.628684,-474.012146
-3040,-106,-462,-3039.85181,-94.6395798,-461.011047
-3040,-24,-455,-3039.84473,-12.6522455,-454.012146
-2774,-106,-544,-2773.58716,-92.7837677,-543.089233
-2910,-23,-475,-2909.59009,-9.7515974,-474.087891
-2774,-23,-537,-2773.58716,-9.77872086,-536.089233
-2772,-40,-1074,-2772.13208,-36.996563,-1074.99121
-2918,-106,-1034,-2918.13794,-103.003975,-1034.99036
-2770,-106,-1053,-2770.13086,-102.99675,-1053.99133
-2918,-106,-1034,-2918.07642,-97.908905,-1034.99707
-3069,-25,-1034,-3069.07544,-16.9030571,-1034.99707
-3066,-106,-1024,-3066.0752,-97.89814,-1024.99707
-2772,-40,-1074,-2772.15723,-36.4947891,-1074.98755
-3069,-25,-1034,-3069.15259,-21.5022869,-1034.98828
-2918,-106,-1034,-2918.15234,-102.501778,-1034.98828
-3069,-25,-1034,-3069.34961,-16.8112087,-1034.93689
-3355,-26,-929,-3355.34961,-17.7879791,-929.93689
-3353,-106,-919,-3353.34961,-97.7913971,-919.93689
-3068,46,-1032,-3068.4668,50.5213547,-1032.88416
-3260,110,-949,-3260.4668,114.521767,-949.884277
-3256,55,-938,-3256.46729,59.5196037,-938.884094
-2774,35,-1090,-2774.21387,38.8368073,-1090.97681
-3071,85,-1042,-3071.20508,88.8494873,-1042.97864
-3068,46,-1032,-3068.20557,49.8521004,-1032.97864
-3068,46,-1032,-3068.4668,49.8157883,-1032.88428
-3071,85,-1042,-3071.46729,88.8165207,-1042.88403
-3260,110,-949,-3260.47949,113.818642,-949.877502
-3256,55,-938,-3256.32227,58.8801079,-938.946594
-3351,115,-923,-3351.31934,118.882652,-923.947571
-3347,59,-909,-3347.30859,62.8843575,-909.951172
-2781,96,-1142,-2781.30762,97.1281662,-1142.95142
-3071,85,-1042,-3071.31055,86.1226044,-1042.95044
-2774,35,-1090,-2774.31348,36.127243,-1090.94958
-2774,35,-1090,-2774.2002,39.5962868,-1090.97974
-3068,46,-1032,-3068.20532,50.5824089,-1032.97864
-2772,-40,-1074,-2772.20532,-35.4053574,-1074.97864
-3256,55,-938,-3256.2832,59.9264984,-938.959045
-3260,110,-949,-3260.29248,114.927315,-949.956238
-3351,115,-923,-3351.29199,119.931129,-923.956299
-2172,145,-557,-2172.12451,150.380264,-556.007812
-2316,59,-590,-2316.1167,64.3840714,-589.006836
-2317,135,-576,-2317.1167,140.377884,-575.006836
-2167,-23,-567,-2167.47949,-5.54702044,-566.122498
-2039,-23,-497,-2039.47168,-5.55762434,-496.118256
-2168,-106,-573,-2168.48145,-88.5317612,-572.123535
-2168,-106,-573,-2168.09863,-91.5629501,-572.004883
-2316,-24,-582,-2316.09863,-9.54512405,-581.004883
-2167,-23,-567,-2167.0979,-8.57024002,-566.004822
-1618,89,-340,-1618.63281,91.4614792,-339.225708
-1695,147,-373,-1695.6377,149.459549,-372.229736
-1631,131,-329,-1631.63293,133.460693,-328.2258
-1612,-31,-346,-1612.63293,-13.2345991,-345.2258
-1676,55,-392,-1676.6377,72.7616806,-391.229736
-1615,45,-343,-1615.63318,62.761982,-342.226013
-1663,-106,-401,-1663.61523,-99.6521301,-400.21167
-1673,-25,-393,-1673.61597,-18.6493912,-392.21225
-1612,-31,-346,-1612.61523,-24.6415882,-345.21167
-1758,101,-420,-1758.42773,103.969681,-419.0961
-1764,144,-407,-1764.4281,146.969147,-406.096283
-1695,147,-373,-1695.4281,149.969833,-372.096283
-1663,-106,-401,-1663.3031,-98.4751663,-400.047058
-1751,-24,-418,-1751.3031,-16.4769707,-417.047058
-1673,-25,-393,-1673.3042,-17.4736729,-392.047394
-1758,101,-420,-1758.1936,104.107269,-419.018921
-1903,114,-444,-1903.19385,117.108559,-443.018982
-1764,144,-407,-1764.1936,147.107452,-406.018921
-1897,-106,-449,-1897.16565,-92.1207275,-448.013824
-1897,-25,-443,-1897.16675,-11.1131353,-442.014008
-1751,-24,-418,-1751.16052,-10.1286726,-417.01297
-2038,59,-504,-2038.34399,64.2913589,-503.061035
-2043,144,-489,-2043.34399,149.293777,-488.061035
-1903,114,-444,-1903.34375,119.298035,-443.060944
-1897,-106,-449,-1897.3551,-91.4706802,-448.065186
-2039,-23,-497,-2039.36243,-8.44271278,-496.067993
-1897,-25,-443,-1897.35559,-10.4545879,-442.065369
-1899,58,-449,-1899.18262,68.0388565,-448.016846
-1903,114,-444,-1903.18274,124.042961,-443.016846
-1758,101,-420,-1758.18262,111.038765,-419.016846
-2038,59,-504,-2038.37073,68.399765,-503.071259
-1903,114,-444,-1903.37024,123.382927,-443.071075
-1899,58,-449,-1899.37085,67.3809814,-448.07132
-1903,114,-444,-1903.18274,116.331596,-443.016846
-1910,157,-427,-1910.18323,159.333054,-426.016937
-1764,144,-407,-1764.18286,146.337418,-406.016876
-2043,144,-489,-2043.38977,146.285873,-488.079102
-1910,157,-427,-1910.38965,159.289597,-426.079041
-1903,114,-444,-1903.38977,116.288971,-443.079102
-2177,189,-528,-2177.46753,190.516708,-527.116028
-2043,144,-489,-2043.47009,145.519394,-488.117401
-2172,145,-557,-2172.46753,146.51561,-556.116028
-2623,-23,-561,-2622.84668,-11.2673035,-560.011841
-2774,-106,-544,-2773.84668,-94.2794724,-543.011841
-2774,-23,-537,-2773.84668,-11.2849493,-536.011841
-2623,145,-557,-2622.86865,152.651703,-556.008667
-2623,58,-568,-2622.86743,65.6533737,-567.00885
-2774,142,-537,-2773.87573,149.637558,-536.007751
-2622,195,-534,-2621.86719,197.103928,-533.008911
-2623,145,-557,-2622.86719,147.104736,-556.008911
-2774,142,-537,-2773.86719,144.101379,-536.008911
-2317,135,-576,-2317.0874,136.484604,-575.003845
-2177,189,-528,-2177.0874,190.484604,-527.003845
-2172,145,-557,-2172.08716,146.485397,-556.003845
-2468,193,-535,-2467.90039,195.287842,-534.005005
-2317,135,-576,-2316.90088,137.287064,-575.004944
-2469,148,-555,-2468.90039,150.288025,-554.005005
-2317,135,-576,-2316.88281,140.381409,-575.006897
-2316,59,-590,-2315.88281,64.3878403,-589.006897
-2469,148,-555,-2468.88281,153.368698,-554.006897
-2316,-24,-582,-2315.86865,-15.1165962,-581.008667
-2469,-106,-571,-2468.88281,-97.133606,-570.006897
-2469,-16,-561,-2468.86719,-7.13300419,-560.008911
-2622,195,-534,-2622.04297,197.20726,-533.000977
-2469,148,-555,-2469.04297,150.204895,-554.000977
-2623,145,-557,-2623.04297,147.206009,-556.000977
-2469,148,-555,-2469.04297,155.903275,-554.000977
-2623,58,-568,-2623.04297,65.9011536,-567.000977
-2623,145,-557,-2623.04297,152.899948,-556.000977
-2469,-106,-571,-2468.96704,-96.6626129,-570.000549
-2623,-23,-561,-2622.96191,-13.6336365,-560.000732
-2469,-16,-561,-2468.96704,-6.65153837,-560.000549
-2781,96,-1142,-2781.07544,97.1679153,-1142.99707
-2774,35,-1090,-2774.07617,36.1684151,-1090.99707
-2620,99,-1156,-2620.07642,100.166649,-1156.99707
-2467,96,-1173,-2467.1311,98.609436,-1173.99121
-2620,99,-1156,-2620.13086,101.615036,-1156.99133
-2468,38,-1150,-2468.12305,40.6105385,-1150.99231
-2318,106,-1162,-2317.90039,108.444176,-1162.995
-2467,96,-1173,-2466.90137,98.4414978,-1173.99512
-2468,38,-1150,-2467.90137,40.4432678,-1150.99512
-2169,98,-1176,-2169.15723,99.115387,-1176.98743
-2318,106,-1162,-2318.15161,107.118187,-1162.9884
-2169,65,-1145,-2169.14502,66.1162109,-1145.98938
-2020,68,-1164,-2020.04297,70.3291245,-1164.99902
-2020,113,-1183,-2020.04297,115.329872,-1183.99902
-2169,98,-1176,-2169.04297,100.328362,-1176.99902
-2020,68,-1164,-2019.51062,70.7583008,-1164.87207
-1873,121,-1102,-1872.50977,123.756233,-1102.87158
-2020,113,-1183,-2019.50977,115.758247,-1183.87158
-1873,69,-1082,-1872.90039,71.5438766,-1082.995
-1743,111,-1084,-1742.90039,113.54892,-1084.995
-1873,121,-1102,-1872.89197,123.545532,-1102.99414
-1611,58,-1074,-1611.10645,60.3162613,-1074.99426
-1627,112,-1096,-1627.09766,114.31691,-1096.99512
-1743,111,-1084,-1743.09814,113.320694,-1084.99512
-2619,43,-1132,-2619.26318,51.0323257,-1132.96472
-2774,35,-1090,-2774.26172,43.0284958,-1090.96509
-2620,-27,-1123,-2620.26172,-18.9609489,-1123.96509
-2468,38,-1150,-2468.11523,46.1598816,-1150.99329
-2619,43,-1132,-2619.12305,51.1675491,-1132.99231
-2620,-27,-1123,-2620.13135,-18.8244495,-1123.99133
-2022,-22,-1145,-2022.04297,-8.26005173,-1145.99902
-2169,65,-1145,-2169.04395,78.7290497,-1145.99902
-2169,-20,-1139,-2169.0437,-6.27833366,-1139.99902
-1873,-27,-1074,-1872.5752,-13.485569,-1074.90527
-1873,69,-1082,-1872.57446,82.5041809,-1082.90491
-2022,-22,-1145,-2021.57422,-8.46825027,-1145.90479
-1732,-30,-1060,-1731.91174,-17.5777512,-1060.99609
-1873,69,-1082,-1872.90039,81.4598541,-1082.995
-1873,-27,-1074,-1872.90039,-14.5549479,-1074.995
-1605,-28,-1069,-1605.07532,-12.4237452,-1069.99707
-1611,58,-1074,-1611.07593,73.5639038,-1074.99707
-1732,-30,-1060,-1732.07617,-14.4528666,-1060.99707
-2620,-27,-1123,-2620.28223,-23.9120121,-1123.95923
-2772,-40,-1074,-2772.28296,-36.9138565,-1074.95911
-2770,-106,-1053,-2770.28345,-102.914696,-1053.95898
-2468,-32,-1142,-2468.14453,-26.8337517,-1142.98938
-2620,-27,-1123,-2620.13794,-21.8239918,-1123.99036
-2468,-106,-1127,-2468.13892,-100.833969,-1127.99023
-2318,-24,-1137,-2317.95605,-18.9288406,-1137.99902
-2468,-32,-1142,-2467.95605,-26.9221382,-1142.99902
-2468,-106,-1127,-2467.95605,-100.928185,-1127.99902
-2169,-20,-1139,-2169.04297,-14.4166117,-1139.99902
-2318,-24,-1137,-2318.04297,-18.420042,-1137.99902
-2169,-106,-1124,-2169.04297,-100.415405,-1124.99902
-2169,-106,-1124,-2169.0437,-100.315514,-1124.99902
-2022,-22,-1145,-2022.04297,-16.3195019,-1145.99902
-2169,-20,-1139,-2169.0437,-14.3149405,-1139.99902
-1873,-106,-1059,-1872.57422,-100.250404,-1059.90479
-1873,-27,-1074,-1872.57422,-21.2497559,-1074.90479
-2022,-22,-1145,-2021.57422,-16.2551346,-1145.90479
-1873,-106,-1059,-1872.90137,-100.684738,-1059.99512
-1732,-30,-1060,-1731.91174,-24.6867275,-1060.99609
-1873,-27,-1074,-1872.90137,-21.6868191,-1074.99512
-1591,-106,-1053,-1591.07642,-101.347145,-1053.99707
-1605,-28,-1069,-1605.0752,-23.3492374,-1069.99707
-1732,-30,-1060,-1732.06152,-25.3477345,-1060.99805
-2020,68,-1164,-2020.11523,69.1234894,-1164.99329
-2169,98,-1176,-2169.10645,99.1262436,-1176.99426
-2169,65,-1145,-2169.11523,66.1260452,-1145.99329
-1873,69,-1082,-1872.51855,71.8614044,-1082.87646
-1873,121,-1102,-1872.50977,123.860001,-1102.87158
-2020,68,-1164,-2019.51172,70.8525162,-1164.87268
-1737,56,-1062,-1736.89197,58.5883255,-1062.99414
-1743,111,-1084,-1742.90137,113.588257,-1084.99512
-1873,69,-1082,-1872.90039,71.5868301,-1082.995
-1611,58,-1074,-1611.09851,60.4760208,-1074.99512
-1743,111,-1084,-1743.08789,113.482155,-1084.99609
-1737,56,-1062,-1737.09839,58.4812508,-1062.99512
-1732,-30,-1060,-1732.09814,5.20239973,-1060.99512
-1611,58,-1074,-1611.09766,93.1400146,-1074.99512
-1737,56,-1062,-1737.09827,91.2040405,-1062.99512
-1732,-30,-1060,-1731.8606,37.5270386,-1060.99023
-1737,56,-1062,-1736.85388,123.607918,-1062.98926
-1873,69,-1082,-1872.86719,136.605438,-1082.99109
-2022,-22,-1145,-2021.50977,-16.9846592,-1145.87158
-1873,69,-1082,-1872.51062,74.0285034,-1082.87207
-2020,68,-1164,-2019.51855,73.0202484,-1164.87646
-2022,-22,-1145,-2022.12366,-17.2411861,-1145.99231
-2020,68,-1164,-2020.11523,72.7584763,-1164.99329
-2169,65,-1145,-2169.11523,69.7489243,-1145.99329
-2021,-106,-1129,-2021.04407,-100.720055,-1129.99902
-2022,-22,-1145,-2022.04297,-16.7180557,-1145.99902
-2169,-106,-1124,-2169.04321,-100.714836,-1124.99902
-1873,-106,-1059,-1872.57422,-99.8877792,-1059.90479
-2022,-22,-1145,-2021.5752,-15.869978,-1145.90527
-2021,-106,-1129,-2020.57422,-99.8774109,-1129.90479
-1731,-106,-1037,-1730.84668,-102.649811,-1037.98816
-1732,-30,-1060,-1731.84741,-26.6463451,-1060.98828
-1873,-106,-1059,-1872.84741,-102.649597,-1059.98828
-1591,-106,-1053,-1591.12329,-102.662834,-1053.99231
-1732,-30,-1060,-1732.1156,-26.6567097,-1060.99329
-1731,-106,-1037,-1731.12305,-102.655235,-1037.99231
-2620,99,-1156,-2620.24316,101.305237,-1156.96997
-2774,35,-1090,-2774.24316,37.2980576,-1090.96985
-2619,43,-1132,-2619.24316,45.3047447,-1132.96997
-2468,38,-1150,-2468.13086,40.4039879,-1150.99133
-2620,99,-1156,-2620.14526,101.407097,-1156.98938
-2619,43,-1132,-2619.1311,45.4081879,-1132.99133
-2318,106,-1162,-2317.8833,108.320145,-1162.99316
-2468,38,-1150,-2467.8833,40.3185501,-1150.99316
-2318,49,-1137,-2317.8833,51.3191299,-1137.99316
-2169,65,-1145,-2169.04297,67.2946548,-1145.99902
-2318,106,-1162,-2318.04297,108.296066,-1162.99902
-2318,49,-1137,-2318.04297,51.29636,-1137.99902
-2620,-27,-1123,-2620.29199,-22.154213,-1123.9563
-2774,35,-1090,-2774.29517,39.8586197,-1090.95544
-2772,-40,-1074,-2772.30762,-35.1420403,-1074.95142
-2468,38,-1150,-2468.1311,46.9137688,-1150.99133
-2620,-27,-1123,-2620.13135,-18.0736828,-1123.99133
-2468,-32,-1142,-2468.1311,-23.0770531,-1142.99133
-2318,-24,-1137,-2317.95605,-15.5229254,-1137.99902
-2468,38,-1150,-2467.95605,46.4568939,-1150.99902
-2468,-32,-1142,-2467.95605,-23.5377426,-1142.99902
-2169,65,-1145,-2169.04297,79.6230621,-1145.99902
-2318,-24,-1137,-2318.04297,-9.36772442,-1137.99902
-2169,-20,-1139,-2169.04297,-5.38171721,-1139.99902
-2620,-27,-1123,-2620.34961,-21.2889938,-1123.93689
-2770,-106,-1053,-2770.34961,-100.285568,-1053.93689
-2619,-106,-1108,-2619.34961,-100.293716,-1108.93689
-2468,-106,-1127,-2468.13086,-100.770103,-1127.99133
-2620,-27,-1123,-2620.13086,-21.7622147,-1123.99133
-2619,-106,-1108,-2619.13135,-100.764877,-1108.99133
-2318,-24,-1137,-2318.04297,-12.0613699,-1137.99902
-2468,-106,-1127,-2468.04297,-94.067482,-1127.99902
-2318,-106,-1130,-2318.04297,-94.0760956,-1130.99902
-2169,-106,-1124,-2168.95703,-94.5551071,-1124.99902
-2318,-24,-1137,-2317.95703,-12.5813036,-1137.99902
-2318,-106,-1130,-2317.95703,-94.5752106,-1130.99902
-1678,100,-394,-1678.73169,101.812866,-393.31839
-1695,147,-373,-1695.73145,148.81427,-372.318176
-1618,89,-340,-1618.73181,90.8097534,-339.318512
-1758,101,-420,-1758.30286,102.838425,-419.046967
-1695,147,-373,-1695.30676,148.839981,-372.048218
-1678,100,-394,-1678.3042,101.839424,-393.047394
-1676,55,-392,-1676.63892,65.5270767,-391.230743
-1618,89,-340,-1618.6377,99.5222015,-339.229736
-1615,45,-343,-1615.6377,55.5158806,-342.229736
-1755,56,-420,-1755.34375,101.0839,-419.060944
-1758,101,-420,-1758.34375,146.090744,-419.060944
-1676,55,-392,-1676.34399,100.074341,-391.061035
-1899,58,-449,-1899.1936,132.918396,-448.018921
-1758,101,-420,-1758.19385,175.947174,-419.018982
-1755,56,-420,-1755.19385,130.9879,-419.018982
-1673,-25,-393,-1673.6156,4.61881828,-392.211945
-1676,55,-392,-1676.6156,84.5940704,-391.211945
-1612,-31,-346,-1612.61523,-1.34568381,-345.21167
-1751,-24,-418,-1751.30334,18.2406197,-417.047119
-1676,55,-392,-1676.3042,97.2826538,-391.047394
-1673,-25,-393,-1673.30371,17.2654877,-392.047241
-2172,145,-557,-2172.4668,150.548599,-556.115662
-2038,59,-504,-2038.47168,64.5345535,-503.118256
-2168,59,-573,-2168.4668,64.5452271,-572.115662
-2168,59,-573,-2168.1167,64.1212234,-572.006836
-2316,59,-590,-2316.11548,64.1120758,-589.006714
-2172,145,-557,-2172.11548,150.115662,-556.006714
-2469,148,-555,-2468.84668,155.505707,-554.011841
-2316,59,-590,-2315.84668,66.5105362,-589.011841
-2469,65,-566,-2468.84668,72.5033112,-565.011841
-2469,148,-555,-2469.04297,155.46286,-554.000977
-2469,65,-566,-2469.04297,72.4660797,-565.000977
-2623,58,-568,-2623.04297,65.4604874,-567.000977
-2774,142,-537,-2773.84668,153.991043,-536.011841
-2623,58,-568,-2622.84741,69.9744186,-567.011719
-2775,60,-544,-2774.84668,71.994957,-543.011841
-2622,195,-534,-2621.84668,197.064301,-533.011841
-2774,142,-537,-2773.84741,144.067062,-536.011719
-2771,194,-511,-2770.84473,196.067795,-510.012146
-2468,193,-535,-2467.99121,195.167252,-534.000061
-2469,148,-555,-2468.99121,150.165619,-554.000061
-2622,195,-534,-2621.98633,197.162521,-533.000122
-1663,-106,-401,-1663.61523,-100.070801,-400.21167
-1612,-31,-346,-1612.61523,-25.0704765,-345.21167
-1602,-106,-354,-1602.60742,-100.067818,-353.205627
-1744,-106,-427,-1744.30286,-98.3905869,-426.046967
-1751,-24,-418,-1751.30286,-16.3886108,-417.046967
-1663,-106,-401,-1663.30273,-98.3891754,-400.046936
-1897,-106,-449,-1897.14038,-97.6742935,-448.009918
-1751,-24,-418,-1751.13477,-15.6717033,-417.009125
-1744,-106,-427,-1744.13342,-97.677597,-426.008942
-2038,-106,-504,-2038.37048,-93.7701111,-503.071167
-2039,-23,-497,-2039.37024,-10.7796631,-496.071075
-1897,-106,-449,-1897.37085,-93.7837753,-448.07132
-2168,-106,-573,-2168.46753,-93.3237381,-572.116028
-2039,-23,-497,-2039.47168,-10.3510981,-496.118256
-2038,-106,-504,-2038.4729,-93.3390198,-503.118896
-2168,-106,-573,-2168.0979,-89.5705643,-572.004822
-2316,-106,-587,-2316.09863,-89.5776215,-586.004883
-2316,-24,-582,-2316.09863,-7.55997086,-581.004883
-2316,-106,-587,-2315.90088,-89.8853607,-586.004944
-2469,-106,-571,-2468.90039,-89.8994751,-570.005005
-2316,-24,-582,-2315.90137,-7.90500069,-581.004883
-2469,-106,-571,-2468.95728,-95.8687363,-570.000916
-2624,-106,-569,-2623.96021,-95.8769913,-568.000793
-2623,-23,-561,-2622.95728,-12.8649178,-560.000916
-2624,-106,-569,-2623.84668,-95.9800034,-568.011841
-2774,-106,-544,-2773.84668,-95.9964371,-543.011841
-2623,-23,-561,-2622.84155,-12.9708519,-560.012634
-3351,115,-923,-3351.8833,120.597771,-923.46875
-3989,-106,312,-3989.88037,-100.484177,311.525726
-3347,59,-909,-3347.87646,64.5981293,-909.481201
-1526,-83,-1185,-1526.97046,-80.4133987,-1185.24121
-1627,112,-1096,-1627.97046,114.57795,-1096.24097
-1611,58,-1074,-1611.97046,60.579937,-1074.24097
-1526,-83,-1185,-1526.8501,-71.9379044,-1185.52661
-1611,58,-1074,-1611.84399,69.0584793,-1074.53613
-1605,-28,-1069,-1605.84924,-16.9402599,-1069.52795
-1526,-83,-1185,-1526.87659,-79.187233,-1185.4812
-1605,-28,-1069,-1605.8844,-24.185091,-1069.46667
-1591,-106,-1053,-1591.87781,-102.184929,-1053.479
-1880,-44,4613,-1880.28308,-38.2451668,4613.95898
-1676,-47,4674,-1676.29785,-41.2538719,4674.95459
-1881,-116,4600,-1881.30835,-110.240036,4600.95117
-1381,47,4601,-1380.97363,48.6223793,4601.99951
-1231,85,4624,-1230.97852,86.6221237,4624.99951
-1229,49,4601,-1228.97852,50.6223183,4601.99951
-1380,-116,4581,-1379.96973,-111.885475,4581.99951
-1382,-38,4599,-1381.96289,-33.8900337,4599.99902
-1229,-37,4595,-1228.96191,-32.8813477,4595.99902
-1381,47,4601,-1381.02344,62.272541,4601.99951
-1229,49,4601,-1229.02734,64.2716064,4601.99951
-1229,-37,4595,-1229.02734,-21.7091141,4595.99951
-1881,39,4620,-1881.32019,50.0590324,4620.94727
-1675,28,4686,-1675.32422,39.061924,4686.9458
-1880,-44,4613,-1880.33008,-32.927124,4613.94385
-1383,100,4656,-1382.85388,101.250496,4656.98926
-1544,45,4639,-1543.84741,46.2525749,4639.98828
-1540,107,4687,-1539.8606,108.25267,4687.99023
-1382,-38,4599,-1381.77612,2.99752188,4599.97461
-1544,45,4639,-1543.79395,85.9735107,4639.97852
-1381,47,4601,-1380.80334,87.9973145,4601.98047
-1676,-47,4674,-1675.74084,-41.7240829,4674.96582
-1382,-38,4599,-1381.75208,-32.6977234,4599.96875
-1679,-116,4662,-1678.75977,-110.718178,4662.9707
-2017,-37,4655,-2016.70691,-31.2315407,4655.95605
-1880,-44,4613,-1879.73022,-38.2327271,4613.96289
-1881,-116,4600,-1880.71655,-110.231934,4600.95898
-2016,34,4669,-2015.65466,39.0168114,4669.93848
-1881,39,4620,-1880.66284,44.01437,4620.94141
-2017,-37,4655,-2016.64844,-31.9820023,4655.93604
-1881,39,4620,-1881.34753,40.7211418,4620.9375
-1677,101,4731,-1677.34961,102.726936,4731.93652
-1675,28,4686,-1675.34973,29.7253189,4686.93652
-2018,93,4698,-2017.66003,95.2269287,4698.94043
-1881,39,4620,-1880.66284,41.2275352,4620.94141
-2016,34,4669,-2015.65918,36.2252197,4669.93994
-1460,5,-1802,-1460.98816,11.3724813,-1802.15308
-1536,167,-1500,-1536.98633,173.353333,-1500.16455
-1504,-39,-1496,-1504.9873,-32.6372375,-1496.15869
-1460,5,-1802,-1460.98621,11.8406096,-1802.16504
-1491,218,-1807,-1491.98535,224.828445,-1807.17041
-1536,167,-1500,-1536.98816,173.845291,-1500.15332
-1231,85,4624,-1231.52722,86.615181,4624.84961
-588,-116,4888,-588.540466,-114.390121,4888.84131
-1229,49,4601,-1229.53711,50.6152992,4601.84326
-1229,49,4601,-1229.41211,65.2204514,4601.91113
-588,-116,4888,-588.429688,-99.6255951,4888.90283
-1229,-37,4595,-1229.43555,-20.7962723,4595.8999
-1381,47,4601,-1380.96484,87.0856934,4601.99902
-1229,-37,4595,-1228.95996,3.09337568,4595.99902
-1382,-38,4599,-1381.96887,2.15102267,4599.99951
-2017,-37,4655,-2016.72327,-23.8312206,4655.96094
-1881,39,4620,-1880.71008,52.1902428,4620.95703
-1880,-44,4613,-1879.73022,-30.8226833,4613.96289
-1380,-116,4581,-1379.95801,-112.601685,4581.99902
-1229,-37,4595,-1228.95605,-33.5967674,4595.99902
-1225,-116,4571,-1224.95898,-112.596588,4571.99902
-1881,-116,4600,-1881.3114,-109.608879,4600.9502
-1676,-47,4674,-1676.29285,-40.6069641,4674.95605
-1679,-116,4662,-1679.31152,-109.602448,4662.9502
-2017,-37,4655,-2016.75977,-33.1216354,4655.9707
-1881,-116,4600,-1880.75977,-112.110382,4600.9707
-2017,-116,4635,-2016.75977,-112.118584,4635.9707
-1622,71,3750,-1622.90479,72.0932846,3749.57422
-1670,133,3730,-1670.90466,134.094345,3729.57422
-1720,119,3857,-1720.90466,120.090675,3856.57422
-1709,68,3876,-1709.41211,70.3245316,3875.08887
-1720,119,3857,-1720.4043,121.324768,3856.08545
-1837,108,3912,-1837.41138,110.325798,3911.08862
-1829,-29,3929,-1829.67969,35.5252304,3928.2666
-1931,-29,4023,-1931.67847,35.6380119,4022.26538
-1828,-116,3930,-1828.67871,-51.5021858,3929.26562
-1828,-116,3930,-1828.43555,-49.5761757,3929.09985
-1710,-29,3872,-1710.44299,37.5287361,3871.10352
-1829,-29,3929,-1829.4325,37.4809265,3928.09839
-1708,-116,3876,-1708.82068,-93.2427521,3875.42871
-1625,-31,3749,-1625.82104,-8.24126816,3748.4292
-1710,-29,3872,-1710.82959,-6.23318863,3871.44165
-1709,68,3876,-1709.4115,69.9675522,3875.08862
-1837,108,3912,-1837.42993,109.96521,3911.09717
-1827,62,3932,-1827.41309,63.9661942,3931.08936
-1622,71,3750,-1622.81885,73.537056,3749.42603
-1720,119,3857,-1720.81897,121.536255,3856.42627
-1709,68,3876,-1709.82141,70.5373993,3875.42969
-1614,-116,3754,-1614.7915,-108.681747,3753.38892
-1625,-31,3749,-1625.78833,-23.6890163,3748.38477
-1708,-116,3876,-1708.78943,-108.678185,3875.38623
-1828,-116,3930,-1828.73438,-107.609879,3929.32129
-1931,-29,4023,-1931.73279,-20.5985031,4022.31958
-1927,-116,4034,-1927.7334,-107.605797,4033.32031
-1827,62,3932,-1827.65833,63.8351936,3931.24731
-1941,110,3994,-1941.6582,111.838593,3993.24731
-1931,61,4023,-1931.65149,62.8383865,4022.24146
-2351,38,4635,-2351.17505,43.2786522,4635.98438
-2351,124,4651,-2351.17505,129.276703,4651.98438
-2018,93,4698,-2018.16382,98.2665024,4698.98633
-2351,38,4635,-2351.32275,43.5579567,4635.94629
-2654,139,4557,-2654.31445,144.574814,4557.94922
-2351,124,4651,-2351.323,129.557434,4651.94629
-2351,38,4635,-2351.12354,421.510956,4635.99219
-2016,34,4669,-2016.11523,415.796844,4669.99316
-2349,-41,4635,-2349.09814,342.84668,4635.99512
-2348,-116,4624,-2348.06055,-109.646278,4624.99805
-2349,-41,4635,-2349.0752,-34.6510811,4635.99707
-2017,-37,4655,-2017.07605,-30.64785,4655.99707
-2644,-32,4537,-2644.30859,-21.8438091,4537.95117
-2349,-41,4635,-2349.33691,-30.8312569,4635.94141
-2638,-106,4532,-2638.32031,-95.8333664,4532.94727
-2208,-35,4076,-2207.92578,-27.1004467,4075.00293
-2492,-29,4049,-2491.92358,-21.0902672,4048.00293
-2204,-116,4087,-2203.92358,-108.100334,4086.00293
-1931,-29,4023,-1931.1864,-21.9465847,4022.01758
-2208,-35,4076,-2208.19531,-27.9714775,4075.01929
-2204,-116,4087,-2204.18628,-108.961655,4086.01758
-2213,108,4043,-2212.90137,109.712418,4042.00488
-2492,50,4049,-2491.92358,51.7136917,4048.00293
-2209,53,4075,-2208.91309,54.7104034,4074.00391
-1931,61,4023,-1931.19043,62.5948753,4022.01831
-2213,108,4043,-2213.17554,109.591629,4042.01562
-2209,53,4075,-2209.18652,54.5912552,4074.01758
-2204,-116,4087,-2203.92578,-108.747971,4086.00293
-2492,-29,4049,-2491.92358,-21.7230892,4048.00293
-2488,-106,4060,-2487.92578,-98.7263412,4059.00293
-1931,-29,4023,-1931.2002,-21.5533524,4022.02026
-2204,-116,4087,-2204.18628,-108.571556,4086.01758
-1927,-116,4034,-1927.19531,-108.560425,4033.01929
-2209,53,4075,-2208.92383,148.900223,4074.00293
-2492,-29,4049,-2491.91211,67.0455704,4048.00391
-2208,-35,4076,-2207.92358,61.0457573,4075.00293
-1931,-29,4023,-1931.19531,46.3288612,4022.01929
-2209,53,4075,-2209.20605,128.161224,4074.02148
-2208,-35,4076,-2208.19531,40.2556534,4075.01929
-1941,110,3994,-1941.19043,111.757942,3993.01831
-2213,108,4043,-2213.18579,109.765663,4042.01758
-1931,61,4023,-1931.19043,62.7579231,4022.01831
-2213,108,4043,-2212.92383,109.853516,4042.00293
-2491,98,4024,-2490.92383,99.8576508,4023.00293
-2492,50,4049,-2491.92358,51.8585892,4048.00293
-2351,124,4651,-2351.29785,124.953316,4651.95459
-2362,188,4712,-2362.30835,188.952057,4712.95117
-2193,173,4748,-2193.31445,173.953659,4748.94922
-2348,-116,4624,-2348.04297,-112.293167,4624.99902
-2017,-37,4655,-2017.04297,-33.2948303,4655.99902
-2017,-116,4635,-2017.04297,-112.289185,4635.99902
-2644,-32,4537,-2644.31445,98.5618744,4537.94922
-2351,38,4635,-2351.31445,168.666611,4635.94922
-2349,-41,4635,-2349.30859,89.7682495,4635.95117
-2351,38,4635,-2351.11548,39.9197388,4635.99316
-2018,93,4698,-2018.12305,94.9280777,4698.99219
-2016,34,4669,-2016.13086,35.9267693,4669.99121
-2644,55,4533,-2644.35059,58.3426018,4533.93652
-2654,139,4557,-2654.35449,142.339615,4557.93506
-2351,38,4635,-2351.37305,41.3614044,4635.92773
-2654,139,4557,-2654.36328,140.155212,4557.93164
-2674,195,4600,-2674.36304,196.154648,4600.93164
-2362,188,4712,-2362.37793,189.147339,4712.92578
-2349,-41,4635,-2349.0752,-36.0090523,4635.99707
-2016,34,4669,-2016.0752,38.9785042,4669.99707
-2017,-37,4655,-2017.09766,-32.0193291,4655.99512
-2638,-106,4532,-2638.32251,-98.6510696,4532.94629
-2349,-41,4635,-2349.32031,-33.6710777,4635.94727
-2348,-116,4624,-2348.33984,-108.676514,4624.94043
-1880,-44,4613,-1880.3114,-36.7559052,4613.9502
-1675,28,4686,-1675.31409,35.2352905,4686.94922
-1676,-47,4674,-1676.29285,-39.7640762,4674.95605
-1708,-116,3876,-1708.41541,-97.1534882,3875.09058
-1710,-29,3872,-1710.42578,-10.1698265,3871.09521
-1828,-116,3930,-1828.41357,-97.1439743,3929.0896
-3235,143,4120,-3235.61401,153.402023,4120.78906
-2644,-32,4537,-2644.61353,-21.6787643,4537.78955
-2638,-106,4532,-2638.60986,-95.6860733,4532.79248
-3235,143,4120,-3235.60986,146.466354,4120.79248
-2654,139,4557,-2654.60596,142.492416,4557.79541
-2644,55,4533,-2644.61914,58.4919968,4533.78516
-2491,98,4024,-2490.34619,100.421432,4023.24341
-3148,-106,3574,-3147.36548,-103.594559,3573.22729
-2492,50,4049,-2491.36548,52.4228935,4048.22729
-480,305,-3090,-480.943237,308.732788,-3090.33203
-517,302,-2983,-517.946045,305.729828,-2983.32397
-554,152,-2757,-554.946045,155.725525,-2757.32397
726,194,-2461,725.23053,923.244568,-2460.36133
725,274,-2462,724.235657,1004.15118,-2461.35522
960,195,-2188,959.236267,929.607971,-2187.35449
709,310,-2452,709.751038,329.685883,-2452.66016
871,69,-2245,871.751038,88.7488403,-2245.66016
946,311,-2176,946.750183,330.729095,-2176.66113
290,312,-3033,290.768616,318.114563,-3033.63965
871,69,-2245,871.7677,75.1064987,-2245.64062
514,312,-2754,514.772583,318.108582,-2754.63477
-314,311,-3282,-314.075195,314.998718,-3282.99707
58,99,-3259,57.9235115,103.00058,-3259.99707
-205,313,-3291,-205.098297,316.999451,-3291.99512
-205,313,-3291,-205.042267,318.463226,-3291.99902
58,99,-3259,57.9558182,104.466362,-3259.99902
-86,312,-3294,-86.0437775,317.460205,-3294.99902
-774,180,-1375,-773.000977,185.772186,-1374.95593
-811,-36,-1383,-810.000977,-30.2301769,-1382.95593
-835,-83,-1054,-834.000977,-77.2437897,-1053.95593
662,28,5062,661.937561,32.5756035,5062.99805
318,-116,5015,317.955841,-111.430801,5015.99902
316,35,5050,315.955841,39.5744438,5050.99902
318,-116,5015,317.901306,-111.400566,5015.99512
-40,26,5021,-40.1064911,30.5824108,5021.99414
316,35,5050,315.891907,39.6025162,5050.99414
-40,26,5021,-40.3020058,45.5297127,5021.95312
-373,-118,4916,-373.292633,-98.4754639,4916.95605
-374,19,4923,-374.304108,38.5155716,4923.95264
-373,-118,4916,-373.137939,-98.2529221,4916.99023
-589,7,4897,-589.131165,26.8143482,4897.99121
-374,19,4923,-374.138733,38.7855453,4923.99023
-1258,147,-2898,-1258.97437,154.646729,-2898.22461
-1280,316,-2902,-1280.97437,323.640656,-2902.22461
-1316,276,-2728,-1316.97339,283.632538,-2728.22852
-993,373,-3337,-993.678711,384.359344,-3337.73438
-1124,357,-3217,-1124.67871,368.374207,-3217.73438
-978,194,-3330,-978.681824,205.384598,-3330.7312
-824,381,-3606,-824.868591,404.87558,-3606.49512
-978,194,-3330,-978.867554,217.859451,-3330.49707
-817,195,-3602,-817.867615,218.902405,-3602.49707
-1577,121,-1198,-1577.88843,125.025978,-1198.45898
-1627,112,-1096,-1627.88538,116.026001,-1096.46472
-1526,-83,-1185,-1526.8833,-78.9718094,-1185.46875
-1504,-39,-1496,-1504.995,-35.0570259,-1496.09937
-1577,121,-1198,-1577.99414,124.955849,-1198.1073
-1526,-83,-1185,-1526.995,-79.0542068,-1185.09937
-1536,167,-1500,-1536.98816,173.243271,-1500.15283
-1577,121,-1198,-1577.98816,127.26561,-1198.15283
-1504,-39,-1496,-1504.98816,-32.7563515,-1496.15283
3046,205,-419,3046.91675,208.449127,-419.399353
3087,344,-425,3087.91675,347.449524,-425.399445
2971,352,-711,2971.91772,355.462463,-711.397095
3032,299,356,3032.99805,306.409851,355.937561
3015,171,360,3015.99707,178.41925,359.923523
3050,257,685,3050.99609,264.377777,684.911743
3128,324,43,3128.94214,327.41275,43.3349762
3083,190,51,3083.94604,193.41835,51.3239098
3073,320,197,3073.93628,323.410736,197.351166
2783,146,1683,2783.84448,151.83316,1683.53552
2765,47,1678,2765.84253,52.8313751,1678.53857
2631,144,1921,2631.84253,149.83873,1921.53857
2515,15,2188,2515.94214,21.2164764,2188.33472
2537,148,2190,2537.94019,154.219131,2190.34058
2631,144,1921,2631.94019,150.203125,1921.34045
2831,172,1405,2831.9873,177.555878,1405.15771
2765,47,1678,2765.98535,52.5696373,1678.16992
2783,146,1683,2783.98535,151.565948,1683.16992
1923,-112,4273,1923.98218,-103.895309,4273.1875
1903,27,4489,1903.98425,35.1075592,4489.17627
1942,44,4274,1942.98145,52.1060257,4274.19141
1923,-112,4273,1923.9043,-103.514519,4273.42676
1942,44,4274,1942.90381,52.4993591,4274.42773
2013,36,4128,2013.8833,44.5127563,4128.46875
1642,-116,4729,1642.39551,-82.7995453,4729.91846
1504,23,4793,1504.3678,56.1723824,4793.92969
1648,27,4731,1648.38953,60.2012749,4731.9209
1365,-116,4907,1365.69714,-107.976662,4907.7168
1372,21,4925,1372.69775,29.0174866,4925.71631
1504,23,4793,1504.69727,31.0026321,4793.7168
1213,25,5002,1213.24011,28.5115166,5002.9707
858,-116,5050,858.239807,-112.489479,5050.9707
863,20,5091,863.239746,23.5165386,5091.9707
-1632,112,3145,-1632.99817,120.241165,3145.06006
-1623,35,3144,-1623.99805,43.244297,3144.06152
-1651,109,2838,-1651.99817,117.278137,2838.06006
-1651,109,2838,-1651.99902,116.237335,2837.95605
-1631,55,2536,-1631.9989,62.2686234,2535.95508
-1642,139,2536,-1642.9989,146.263229,2535.95508
-1642,139,2536,-1642.99695,146.962952,2536.07715
-1631,55,2536,-1631.99695,62.9551315,2536.07715
-1668,131,2230,-1668.99707,138.951874,2230.07617
-1612,-31,-346,-1612.98523,-24.4158001,-345.828766
-1575,-106,-202,-1575.98328,-99.4174194,-201.817886
-1602,-106,-354,-1602.98328,-99.4075394,-353.817902
-1615,45,-343,-1615.97546,65.8715363,-342.779846
-1575,-106,-202,-1575.97534,-85.1044998,-201.779419
-1612,-31,-346,-1612.97534,-10.1390448,-345.779419
-1618,89,-340,-1618.98132,101.678612,-339.807648
-1575,-106,-202,-1575.98315,-93.3330307,-201.817688
-1615,45,-343,-1615.98132,57.6723022,-342.807648
-1631,131,-329,-1631.99609,134.480713,-329.087524
-1575,-106,-202,-1575.995,-102.51741,-202.099365
-1618,89,-340,-1618.99512,92.480217,-340.098633
-1697,171,-282,-1697.77454,172.865417,-282.632416
-1575,-106,-202,-1575.77466,-104.128426,-202.632263
-1631,131,-329,-1631.77954,132.869019,-329.626251
-1620,134,102,-1620.98523,140.103195,102.171211
-1608,58,99,-1608.98523,64.1047516,99.1709137
-1668,145,-173,-1668.98816,151.079224,-172.846893
-1697,171,-282,-1697.98621,173.607346,-281.834808
-1668,145,-173,-1668.9873,147.602875,-172.841171
-1575,-106,-202,-1575.98523,-103.400261,-201.828766
-984,-106,693,-983.000977,-89.3920364,693.043579
-955,148,415,-954.000916,164.505554,415.042328
-970,-106,406,-969.000854,-89.4554825,406.041321
-972,-106,979,-971.000977,-78.146019,978.955872
-974,174,695,-973.000977,201.833359,694.955872
-984,-106,693,-983.000977,-78.0925217,692.955872
-969,-106,1604,-968.001892,-94.9719162,1603.9386
-964,144,1299,-963.001892,155.019104,1298.9386
-987,-106,1291,-986.001892,-94.9365158,1290.9386
-975,-106,1916,-974.000916,-98.7328796,1916.0426
-938,122,1610,-937.000916,129.275055,1610.04224
-969,-106,1604,-968.000916,-98.7166214,1604.04248
-940,-106,2223,-939.006714,-96.3449936,2222.88452
-952,110,1920,-951.00769,119.659073,1919.87622
-975,-106,1916,-974.007629,-96.3236923,1915.87683
-975,-106,1916,-974.000916,-96.6324005,1916.0426
-952,110,1920,-951.000916,119.368462,1920.0426
-938,122,1610,-937.000977,131.368088,1610.04309
-969,-106,1604,-968.004822,-98.4916687,1603.90198
-938,122,1610,-937.004822,129.518967,1609.90198
-964,144,1299,-963.004822,151.497925,1298.90198
-987,-106,1291,-986.000977,-95.104538,1291.04346
-964,144,1299,-963.000977,154.880569,1299.04321
-956,153,987,-955.000854,163.891205,987.041016
-956,153,987,-955.002869,169.865585,986.924316
-974,174,695,-973.002869,190.840317,694.924316
-972,-106,979,-971.002869,-89.1049728,978.924316
-974,174,695,-973.002869,201.457916,695.075562
-955,148,415,-954.002808,175.521271,415.074615
-984,-106,693,-983.002869,-78.5774841,693.075623
-955,148,415,-954.000916,164.417252,415.042542
-943,157,120,-942.000916,173.44989,120.042427
-970,-106,406,-969.000854,-89.5911865,406.041321
-1600,142,1160,-1600.9823,144.283173,1160.18701
-1592,60,1002,-1592.98218,62.2782784,1002.18738
-1625,132,1003,-1625.98425,134.279633,1003.17651
-1610,115,1311,-1610.99609,124.290909,1310.91174
-1600,142,1160,-1600.99609,151.309631,1159.91174
-1614,151,1312,-1614.99695,160.292084,1311.92285
-1610,115,1311,-1610.99805,124.201996,1310.93762
-1614,151,1312,-1614.99805,160.206528,1311.93762
-1633,154,1618,-1633.99792,163.198837,1617.9375
-1651,67,1924,-1651.99805,100.239738,1923.93762
-1633,154,1618,-1633.99805,187.35231,1617.93762
-1653,132,1925,-1653.99805,165.217178,1924.93762
-1638,58,3450,-1638.99316,59.9074326,3449.8833
-1632,112,3145,-1632.995,113.902306,3144.90039
-1675,127,3447,-1675.99402,128.908356,3446.8916
-1622,-114,3450,-1622.99902,-105.864906,3450.04224
-1625,-31,3749,-1625.99902,-22.8414574,3749.04297
-1614,-116,3754,-1614.99902,-107.843674,3754.04272
-1622,-114,3450,-1622.99902,-102.729538,3450.04248
-1638,58,3450,-1638.99902,69.2731323,3450.04248
-1622,71,3750,-1622.99902,82.3209152,3750.04395
-1603,-112,3145,-1603.99805,-101.057327,3144.93774
-1638,58,3450,-1638.99805,68.9751129,3449.93774
-1622,-114,3450,-1622.99805,-103.026237,3449.93774
-1623,35,3144,-1623.99902,43.2312393,3143.95605
-1632,112,3145,-1632.9989,120.233116,3144.95508
-1638,58,3450,-1638.99902,66.2104492,3449.95605
-1638,58,3450,-1638.99609,59.4048119,3450.08691
-1670,133,3730,-1670.99707,134.411926,3730.0752
-1622,71,3750,-1622.99597,72.4125977,3750.08887
-830,-116,3685,-829.002869,-63.0740013,3684.92432
-869,103,3100,-868.002869,156.053391,3099.92432
-873,-112,3101,-872.002869,-58.9642715,3100.92432
-695,200,-2024,-694.003845,217.515701,-2023.91248
-704,41,-2026,-703.003845,58.4865112,-2025.91248
-724,177,-1705,-723.004822,194.469604,-1704.90198
-649,81,-2343,-648.014404,98.2124176,-2342.83105
-704,41,-2026,-703.015442,58.2284203,-2025.82495
-695,200,-2024,-694.015442,217.228851,-2023.82495
-649,81,-2343,-648.015442,98.4554443,-2342.82495
-695,200,-2024,-694.012634,217.427994,-2023.84155
-639,266,-2338,-638.014404,283.47467,-2337.83105
-1331,95,-2484,-1331.80908,103.914261,-2484.58765
-1349,241,-2486,-1349.81384,249.93045,-2486.58105
-1399,214,-2414,-1399.80908,222.931274,-2414.58765
-1298,124,-2727,-1298.98816,132.934235,-2727.15308
-1316,276,-2728,-1316.98938,284.950439,-2728.14526
-1349,241,-2486,-1349.98914,249.918961,-2486.14624
-1383,87,-2411,-1383.98425,92.372139,-2411.17627
-1465,224,-2104,-1465.98413,229.356308,-2104.17676
-1432,47,-2101,-1432.98413,52.3573799,-2101.17676
-1331,95,-2484,-1331.82056,103.96286,-2484.57129
-1399,214,-2414,-1399.80908,222.957108,-2414.58765
-1383,87,-2411,-1383.80908,95.9631042,-2411.58765
-1298,124,-2727,-1298.98816,132.315491,-2727.15308
-1349,241,-2486,-1349.98816,249.293304,-2486.15308
-1331,95,-2484,-1331.98816,103.303223,-2484.15308
-824,381,-3606,-824.849182,391.795593,-3606.52808
-993,373,-3337,-993.849182,383.841278,-3337.52808
-978,194,-3330,-978.848999,204.821014,-3330.52832
-645,378,-3686,-645.415039,384.604034,-3686.90967
-649,429,-3693,-649.411316,435.607361,-3693.91138
-824,381,-3606,-824.411377,387.616699,-3606.91138
-1203,173,-3063,-1203.94604,180.29335,-3063.32397
-1280,316,-2902,-1280.94995,323.302887,-2902.31226
-1258,147,-2898,-1258.9469,154.303101,-2898.32129
-1103,181,-3206,-1103.82056,189.906769,-3206.57129
-1222,344,-3069,-1222.82251,352.912292,-3069.56836
-1203,173,-3063,-1203.83008,181.893723,-3063.55762
-1222,344,-3069,-1222.94214,352.595367,-3069.33472
-1280,316,-2902,-1280.94104,324.604645,-2902.33789
-1203,173,-3063,-1203.94006,181.584732,-3063.34082
-1124,357,-3217,-1124.83325,364.317383,-3217.55273
-1222,344,-3069,-1222.83325,351.328583,-3069.55273
-1103,181,-3206,-1103.82959,188.315384,-3206.55835
-844,118,-754,-843.021301,142.754578,-753.794739
-914,-106,-455,-913.020325,-81.2811661,-454.799438
-904,143,-454,-903.020325,167.666367,-453.799438
-800,147,-1041,-799.008667,154.291672,-1040.86865
-875,-106,-758,-874.010559,-98.737709,-757.855103
-844,118,-754,-843.010559,125.271797,-753.855103
-835,-83,-1054,-834.008606,-76.7302017,-1053.86914
-875,-106,-758,-874.00769,-99.7343903,-757.876221
-800,147,-1041,-799.006714,153.292526,-1040.8844
-844,118,-754,-843.008606,125.168442,-753.869141
-875,-106,-758,-874.008606,-98.8529892,-757.869141
-914,-106,-455,-913.008667,-98.8445969,-454.868652
-904,143,-454,-903.001831,167.84639,-453.939514
-914,-106,-455,-913.001831,-81.1808548,-454.939514
-930,-106,-167,-929.001831,-81.205101,-166.939514
-867,-110,2809,-866.018311,-37.6897583,2808.80957
-919,120,2513,-918.019287,192.703217,2512.80469
-921,-108,2519,-920.017517,-35.5261879,2518.81372
-873,-112,3101,-872.003845,-58.6949844,3100.9126
-869,103,3100,-868.004822,156.395233,3099.9021
-894,112,2805,-893.004822,165.26593,2804.9021
-921,-108,2519,-920.003845,-20.3882675,2518.9126
-919,120,2513,-918.004822,207.893661,2512.9021
-944,129,2222,-943.003845,217.2267,2221.9126
1266,379,-2804,1266.78101,386.718292,-2804.62451
1081,323,-3030,1081.78821,330.712006,-3030.61523
1259,304,-2798,1259.77686,311.724091,-2798.62964
-1679,-116,4662,-1678.74829,-111.352585,4662.96777
-1382,-38,4599,-1381.73022,-33.33675,4599.96289
-1380,-116,4581,-1379.75208,-111.339867,4581.96875
-1676,-47,4674,-1675.66284,-40.496666,4674.94141
-1675,28,4686,-1674.6521,34.499649,4686.9375
-1544,45,4639,-1543.64941,51.5077362,4639.93652
-1677,101,4731,-1676.68542,102.656662,4731.94922
-1540,107,4687,-1539.69141,108.655991,4687.95117
-1675,28,4686,-1674.68542,29.6583977,4686.94922
-1675,28,4686,-1674.6012,29.2763805,4686.91699
-1540,107,4687,-1539.5957,108.27816,4687.91455
-1544,45,4639,-1543.58691,46.2782936,4639.91064
2326,99,3079,2326.97437,105.021973,3079.22437
2537,148,2190,2537.97046,154.104279,2190.24121
2515,15,2188,2515.97046,21.0936813,2188.24121
-639,195,-3678,-639.411438,213.777878,-3678.91138
-645,378,-3686,-645.415833,396.776886,-3686.90942
-824,381,-3606,-824.411255,399.735504,-3606.91138
-381,383,-3852,-381.538788,392.64682,-3852.84229
-645,378,-3686,-645.534424,387.669952,-3686.84521
-370,195,-3837,-370.542664,204.662491,-3837.83984
218,195,-3855,217.955826,204.134979,-3855.99902
220,345,-3871,219.955826,354.153534,-3871.99902
-381,383,-3852,-381.042847,392.177856,-3852.99902
614,194,-3578,614.573242,211.432495,-3578.81934
616,334,-3587,616.586914,351.440338,-3587.80957
220,345,-3871,220.575241,362.499512,-3871.81787
-370,195,-3837,-370.51358,212.725082,-3837.85791
-645,378,-3686,-645.512207,395.8461,-3686.85864
-639,195,-3678,-639.516602,212.828629,-3678.8562
218,195,-3855,217.955826,206.825073,-3855.99902
-381,383,-3852,-381.042267,394.760773,-3852.99902
-370,195,-3837,-370.042755,206.764999,-3837.99902
713,327,-3462,713.78064,345.905182,-3462.62476
616,334,-3587,616.776733,352.841217,-3587.62964
614,194,-3578,614.780579,212.831039,-3578.62476
919,324,-3283,919.64502,332.868561,-3283.76416
713,327,-3462,713.651489,335.848358,-3462.75854
917,192,-3265,917.640076,200.859558,-3265.76831
1081,323,-3030,1081.83325,334.647003,-3030.55273
919,324,-3283,919.842224,335.691681,-3283.53906
917,192,-3265,917.842224,203.687195,-3265.53906
1259,304,-2798,1259.78076,312.009491,-2798.62476
1081,323,-3030,1081.78821,331.001556,-3030.61523
1252,195,-2784,1252.78052,202.999741,-2784.625
1252,195,-2784,1252.67871,202.240356,-2784.73438
1680,304,-2400,1680.66797,311.303802,-2400.74414
1259,304,-2798,1259.67871,311.239258,-2798.73438
1986,199,-2127,1986.62805,206.615662,-2127.77808
1994,324,-2142,1994.62805,331.626434,-2142.77808
1680,304,-2400,1680.63281,311.62796,-2400.77417
1986,199,-2127,1986.5509,206.483566,-2127.83447
2412,316,-1865,2412.55103,323.439758,-1865.83447
1994,324,-2142,1994.55103,331.481354,-2142.83447
2554,224,-1555,2554.87817,228.299316,-1555.47827
2580,338,-1563,2580.86792,342.296387,-1563.49658
2412,316,-1865,2412.87646,320.271881,-1865.48108
2554,224,-1555,2554.80884,228.33902,-1555.58789
2689,353,-1419,2689.80957,357.326477,-1419.58691
2580,338,-1563,2580.79443,342.334991,-1563.60718
2742,356,-1279,2742.93433,359.73941,-1279.3562
2689,353,-1419,2689.93164,356.73938,-1419.36328
2709,224,-1271,2709.93652,227.73999,-1271.35059
2728,358,-1117,2728.99609,361.996429,-1116.91174
2742,356,-1279,2742.99512,359.997253,-1278.90137
2709,224,-1271,2709.99512,227.990463,-1270.90137
2733,219,-973,2733.97046,224.216217,-973.240906
2761,362,-978,2761.96948,367.223114,-978.244995
2728,358,-1117,2728.97046,363.22702,-1117.24097
614,194,-3578,614.554199,204.129211,-3578.83228
220,345,-3871,220.561874,355.090088,-3871.82715
218,195,-3855,218.561066,205.101761,-3855.82764
713,327,-3462,713.809082,338.287445,-3462.58765
614,194,-3578,614.80603,205.303436,-3578.5918
709,193,-3447,709.805847,204.3004,-3447.5918
917,192,-3265,917.65155,201.826736,-3265.75854
713,327,-3462,713.658447,336.868378,-3462.75244
709,193,-3447,709.65155,202.870697,-3447.75854
1081,323,-3030,1081.84412,330.791443,-3030.53613
917,192,-3265,917.848999,199.830902,-3265.52832
1074,195,-3010,1074.849,202.804932,-3010.52832
1252,195,-2784,1252.78906,202.396301,-2784.61426
1081,323,-3030,1081.77258,330.418884,-3030.63477
1074,195,-3010,1074.77661,202.42807,-3010.62988
1674,195,-2390,1674.66699,204.662384,-2390.74487
1680,304,-2400,1680.66711,313.651428,-2400.74487
1252,195,-2784,1252.67786,204.721024,-2784.73511
1986,199,-2127,1986.63281,208.55162,-2127.77417
1680,304,-2400,1680.63281,313.527191,-2400.77417
1674,195,-2390,1674.63916,204.520355,-2390.76904
2397,225,-1853,2397.55078,230.102203,-1853.83435
2412,316,-1865,2412.55762,321.11084,-1865.83008
1986,199,-2127,1986.55103,204.064117,-2127.83447
2554,224,-1555,2554.88428,228.945511,-1555.4668
2412,316,-1865,2412.87695,320.961945,-1865.48047
2397,225,-1853,2397.88354,229.962906,-1853.46826
2665,225,-1412,2665.78882,230.643692,-1412.61462
2689,353,-1419,2689.77734,358.653442,-1419.62891
2554,224,-1555,2554.78833,229.652267,-1555.61523
2709,224,-1271,2709.948,229.261795,-1271.31812
2689,353,-1419,2689.948,358.269348,-1419.31812
2665,225,-1412,2665.95581,230.270691,-1412.2937
2728,358,-1117,2728.99805,363.057861,-1116.93848
2709,224,-1271,2709.99902,229.049194,-1270.95605
2701,220,-1115,2701.99902,225.049316,-1114.95801
2733,219,-973,2733.97437,224.170059,-973.224365
2728,358,-1117,2728.9707,363.156372,-1117.24023
2701,220,-1115,2701.97632,225.159607,-1115.21582
723,399,-3465,723.76416,406.5401,-3465.64502
713,327,-3462,713.772522,334.534912,-3462.63477
909,392,-3240,909.772766,399.54837,-3240.63452
615,403,-3597,615.76825,410.519043,-3597.64014
713,327,-3462,713.763062,334.512146,-3462.64624
723,399,-3465,723.763,406.519165,-3465.64624
220,345,-3871,220.579102,350.284546,-3871.81519
615,403,-3597,615.585938,408.255981,-3597.8103
218,406,-3887,218.60025,411.289917,-3887.7998
220,345,-3871,219.911713,348.882141,-3871.99609
218,406,-3887,217.90033,409.884949,-3887.99487
-388,430,-3846,-388.097656,433.868896,-3846.99512
-649,429,-3693,-649.507812,435.409698,-3693.86133
-645,378,-3686,-645.516602,384.407349,-3686.8562
-388,430,-3846,-388.516602,436.416687,-3846.8562
-374,19,4923,-374.145782,35.9700928,4923.98926
-589,7,4897,-589.138428,24.0214272,4897.99023
-374,91,4927,-374.145813,107.972328,4927.98926
-374,91,4927,-374.269867,110.483734,4927.96289
-40,26,5021,-40.2863846,45.4221115,5021.95801
-374,19,4923,-374.269867,38.4905167,4923.96289
863,20,5091,862.835266,66.1173401,5091.98633
662,28,5062,661.829468,74.1520309,5062.98535
867,87,5093,866.841187,133.119659,5093.9873
867,87,5093,867.227234,109.177086,5093.97363
1213,25,5002,1213.23975,47.2824707,5002.9707
863,20,5091,863.242188,42.1917191,5091.97021
1648,27,4731,1648.39551,42.840847,4731.91846
1504,23,4793,1504.39355,38.8047295,4793.91895
1652,109,4735,1652.37256,124.845024,4735.92773
1903,27,4489,1903.67871,41.1416016,4489.73438
1648,27,4731,1648.67859,41.049324,4731.73438
1652,109,4735,1652.67859,123.06279,4735.73438
1942,44,4274,1942.98145,57.9136353,4274.19141
1903,27,4489,1903.98425,40.9449539,4489.17676
1948,121,4273,1948.98425,134.90184,4273.17627
2013,36,4128,2013.90479,52.0916977,4128.42578
1942,44,4274,1942.88538,60.129528,4274.46484
1948,121,4273,1948.9043,137.130508,4273.42676
2088,43,3987,2088.87646,70.934761,3987.4812
2013,36,4128,2013.87634,64.004776,4128.48145
2091,116,3987,2091.87158,143.935059,3987.49023
2326,99,3079,2326.96265,123.775017,3079.27051
2088,43,3987,2088.9646,67.5186768,3987.26367
2091,116,3987,2091.96265,140.536407,3987.27051
2326,99,3079,2326.96948,122.403976,3079.24487
2540,219,2191,2540.96973,242.212997,2191.24414
2537,148,2190,2537.96948,171.212402,2190.24487
2631,144,1921,2631.94629,165.931839,1921.32324
2537,148,2190,2537.94019,169.986588,2190.34058
2540,219,2191,2540.94019,240.974823,2191.34033
2792,204,1685,2792.82935,210.664078,1685.55859
2783,146,1683,2783.84448,152.659653,1683.53552
2631,144,1921,2631.83179,150.638657,1921.55505
2792,204,1685,2792.98438,209.919571,1685.17578
2831,172,1405,2831.98413,177.93457,1405.17651
2783,146,1683,2783.98438,151.91745,1683.17542
2971,352,-711,2971.76782,359.027649,-711.640625
2733,219,-973,2733.76367,226.050003,-973.645508
2952,215,-704,2952.76782,222.042191,-704.640381
3046,205,-419,3046.94214,212.022766,-419.335083
2971,352,-711,2971.9458,359.028534,-711.324219
2952,215,-704,2952.948,222.032074,-704.318176
3090,198,-100,3090.98828,200.594116,-100.15184
3141,327,-111,3141.98633,329.596863,-111.164177
3046,205,-419,3046.98804,207.598297,-419.152985
3141,327,-111,3141.99927,329.537079,-110.961739
3090,198,-100,3090.99902,200.533829,-99.9595718
3083,190,51,3083.99927,192.531418,51.0370064
3073,320,197,3073.95386,324.075806,197.299683
3083,190,51,3083.95288,194.087158,51.3028374
3034,180,202,3034.9519,184.078094,202.305756
3073,320,197,3073.99341,323.659576,197.114441
3034,180,202,3034.99414,183.662918,202.106964
3015,171,360,3015.99414,174.661331,360.107025
3050,257,685,3050.99902,261.888245,684.955872
3015,171,360,3015.99805,175.893555,359.937561
3028,153,682,3028.99902,157.894989,681.955872
2856,80,1282,2856.9646,84.7738647,1282.26306
3050,257,685,3050.9646,261.737396,685.263428
3028,153,682,3028.9646,157.733521,682.26355
2831,172,1405,2831.92065,175.616806,1405.39014
2856,80,1282,2856.91504,83.61866,1282.4032
2804,70,1399,2804.92065,73.6170731,1399.39014
2831,172,1405,2831.99219,175.659973,1405.12402
2804,70,1399,2804.99219,73.6588669,1399.12354
2765,47,1678,2765.99219,50.6748047,1678.12402
2631,144,1921,2631.81372,147.201843,1921.58093
2765,47,1678,2765.81934,50.2070465,1678.57324
2597,33,1912,2597.81396,36.1978493,1912.58081
2515,15,2188,2515.95776,18.0032902,2188.28711
2631,144,1921,2631.96118,147.007339,1921.27588
2597,33,1912,2597.96313,36.0090065,1912.26892
2326,99,3079,2326.97437,105.679199,3079.22461
2515,15,2188,2515.97339,21.7657127,2188.22852
2304,-47,3080,2304.97046,-40.3125267,3080.24097
2091,-104,3991,2091.97363,-97.2057648,3991.22754
2326,99,3079,2326.97339,105.783592,3079.22852
2304,-47,3080,2304.97046,-40.2089882,3080.24097
2000,-109,4129,2000.82935,-94.7967606,4129.55859
2013,36,4128,2013.83203,50.2134285,4128.55469
2091,-104,3991,2091.83203,-89.7719803,3991.55469
1923,-112,4273,1923.87646,-98.0268555,4273.48145
2013,36,4128,2013.87671,49.9541016,4128.48096
2000,-109,4129,2000.87646,-95.0547791,4129.48145
1885,-117,4480,1885.9812,-109.603088,4480.19238
1903,27,4489,1903.98145,34.4053802,4489.19141
1923,-112,4273,1923.9812,-104.601173,4273.19238
1642,-116,4729,1642.69714,-108.839615,4729.7168
1903,27,4489,1903.70276,34.1863289,4489.71143
1885,-117,4480,1885.70959,-109.812981,4480.70459
1500,-116,4786,1500.36255,-97.5289383,4786.93164
1504,23,4793,1504.35449,41.4370346,4793.93506
1642,-116,4729,1642.3678,-97.5544662,4729.92969
1365,-116,4907,1365.65161,-99.0158463,4907.7583
1504,23,4793,1504.64551,40.02034,4793.76367
1500,-116,4786,1500.65833,-98.9899673,4786.75244
1213,25,5002,1213.41199,32.5809631,5002.91113
1365,-116,4907,1365.41699,-108.431221,4907.90869
1205,-116,4986,1205.42969,-108.415695,4986.90283
1213,25,5002,1213.15222,33.6054306,5002.98828
1205,-116,4986,1205.15784,-107.411453,4986.9873
858,-116,5050,858.163696,-107.443741,5050.98633
858,-116,5050,857.813354,-112.565849,5050.98242
662,-116,5016,661.803345,-112.569099,5016.98047
662,28,5062,661.803345,31.4395218,5062.98047
662,28,5062,661.955872,31.1132812,5062.99902
662,-116,5016,661.955872,-112.883926,5016.99902
318,-116,5015,317.955841,-112.874298,5015.99902
318,-116,5015,317.955841,-107.696884,5015.99902
-36,-116,5003,-36.0606613,-107.716164,5003.99805
-40,26,5021,-40.0425262,34.2819138,5021.99902
-40,26,5021,-40.2615204,33.7101402,5021.96484
-36,-116,5003,-36.2552223,-108.293587,5003.9668
-373,-118,4916,-373.26236,-110.296844,4916.96484
-373,-118,4916,-373.13147,-104.605537,4916.99121
-588,-116,4888,-588.151855,-102.629715,4888.98828
-589,7,4897,-589.151367,20.3902302,4897.98828
1217,87,5003,1217.26245,119.78054,5003.96484
1213,25,5002,1213.2312,57.7862854,5002.97266
867,87,5093,867.223145,119.873024,5093.97461
1371,98,4917,1371.47559,120.001686,4917.87939
1213,25,5002,1213.48828,46.981842,5002.87256
1217,87,5003,1217.46484,108.978615,5003.88525
2013,36,4128,2013.88318,44.859066,4128.46875
1948,121,4273,1948.87646,129.843781,4273.48145
2019,112,4134,2019.87695,120.852135,4134.48047
2091,116,3987,2091.90308,125.337265,3987.4292
2013,36,4128,2013.90198,45.3420296,4128.43164
2019,112,4134,2019.90295,121.340874,4134.42969
2326,99,3079,2326.96948,361.79541,3079.24512
2091,116,3987,2091.9646,378.375549,3987.26343
2326,165,3080,2326.96948,427.986938,3080.24463
2326,165,3080,2326.96948,442.055481,3080.24487
2540,219,2191,2540.96948,494.605591,2191.24463
2326,99,3079,2326.96948,375.988525,3079.24463
-1603,-112,3145,-1603.99902,-104.631676,3144.95605
-1623,35,3144,-1623.99902,42.3545761,3143.95605
-1638,58,3450,-1638.99902,65.3473206,3449.95605
-1644,28,2841,-1644.99805,37.9073029,2841.06128
-1623,35,3144,-1623.99805,44.9201202,3144.06152
-1630,-110,2841,-1630.99805,-100.085457,2841.06104
-1631,55,2536,-1631.99902,65.0092163,2535.95605
-1644,28,2841,-1644.99902,38.0151901,2840.95605
-1630,-110,2841,-1630.9989,-99.9799957,2840.95508
-1649,52,2232,-1649.99805,133.445206,2232.06079
-1631,55,2536,-1631.99902,136.672165,2536.04321
-1647,-106,2232,-1647.99805,-24.5596371,2232.06079
-1651,67,1924,-1651.99939,148.70871,1924.03455
-1649,52,2232,-1649.99963,134.068192,2232.02539
-1647,-106,2232,-1647.99963,-23.8354168,2232.02515
-1602,-106,1617,-1602.99109,-79.8396683,1616.86719
-1611,120,1617,-1611.99109,146.122482,1616.86719
-1651,67,1924,-1651.99207,93.2386398,1923.875
-1602,-106,1617,-1602.99902,-81.2030411,1616.95593
-1610,115,1311,-1610.99902,139.845428,1310.95593
-1611,120,1617,-1611.99902,144.768585,1616.95593
-1578,-106,1156,-1578.99023,-80.2807922,1155.8606
-1586,94,1157,-1586.99011,119.678482,1156.86035
-1610,115,1311,-1610.98914,140.631424,1310.85352
-1592,60,1002,-1592.99902,85.6144104,1002.0415
-1586,94,1157,-1586.99902,119.662003,1157.04382
-1578,-106,1156,-1578.99902,-80.3288574,1156.04321
-1630,-110,2841,-1630.99597,-102.66597,2841.08838
-1623,35,3144,-1623.99707,42.3127213,3144.07617
-1603,-112,3145,-1603.99707,-104.678688,3145.07617
-1631,55,2536,-1631.9989,67.014328,2535.95508
-1630,-110,2841,-1630.99902,-97.9599991,2840.95605
-1617,-108,2537,-1617.99902,-95.9871063,2536.95605
-1647,-106,2232,-1647.99512,-93.97332,2232.09863
-1631,55,2536,-1631.995,67.0481186,2536.09961
-1617,-108,2537,-1617.99597,-95.9811935,2537.08887
-1609,-106,1309,-1609.99902,107.76445,1309.04211
-1610,115,1311,-1610.99915,328.712555,1311.03931
-1602,-106,1617,-1602.99902,108.745071,1617.04346
-1578,-106,1156,-1578.98132,266.0849,1155.80774
-1610,115,1311,-1610.98035,487.799072,1310.80273
-1609,-106,1309,-1609.9823,265.666321,1308.81274
-1592,60,1002,-1592.99915,75.1001968,1002.03864
-1578,-106,1156,-1578.99902,-90.8965759,1156.04333
-1581,-106,1002,-1581.99915,-90.9113541,1002.03864
-1651,109,2838,-1651.99792,120.755569,2838.0625
-1623,35,3144,-1623.99707,46.7116585,3144.07568
-1644,28,2841,-1644.99707,39.7613373,2841.07617
-1651,109,2838,-1651.9989,120.631477,2837.95508
-1644,28,2841,-1644.9989,39.6290894,2840.95508
-1631,55,2536,-1631.9989,66.6039429,2535.95508
-1668,131,2230,-1668.99805,135.321838,2230.06055
-1631,55,2536,-1631.99805,59.3383636,2536.06055
-1649,52,2232,-1649.99707,56.3255653,2232.07593
-1668,131,2230,-1668.99902,135.254944,2229.95605
-1649,52,2232,-1649.99902,56.2550011,2231.95605
-1651,67,1924,-1651.99902,71.2354965,1923.95593
-1611,120,1617,-1611.97083,121.542686,1616.76025
-1633,154,1618,-1633.9696,155.542801,1617.75537
-1651,67,1924,-1651.97449,68.5344772,1923.77563
-1610,115,1311,-1610.99939,116.541016,1311.03455
-1633,154,1618,-1633.99951,155.539658,1618.03027
-1611,120,1617,-1611.99915,121.540131,1617.0354
-1586,94,1157,-1586.99316,97.5438461,1156.8833
-1600,142,1160,-1600.99316,145.543289,1159.8833
-1610,115,1311,-1610.99402,118.536697,1310.8916
-1600,142,1160,-1600.995,145.399017,1160.09924
-1586,94,1157,-1586.995,97.4004822,1157.099
-1592,60,1002,-1592.99512,63.4047432,1002.09857
-1608,58,99,-1608.99902,68.2733002,99.0431366
-1592,60,1002,-1592.99927,70.3317108,1002.0379
-1592,-106,99,-1592.99902,-95.7355194,99.0431366
-1575,-106,-202,-1575.99805,-95.6042633,-202.061401
-1608,58,99,-1608.99805,68.3781433,98.9375381
-1592,-106,99,-1592.99805,-95.6055222,98.9375381
-1668,145,-173,-1668.99609,147.600342,-172.911713
-1608,58,99,-1608.99609,60.610466,99.0872803
-1575,-106,-202,-1575.99609,-103.396553,-201.911713
-1592,-106,99,-1592.99927,-90.8522568,99.037178
-1592,60,1002,-1592.99939,75.0743484,1002.03473
-1581,-106,1002,-1581.99939,-90.9575195,1002.03479
-1620,134,102,-1620.99927,140.216293,102.037926
-1592,60,1002,-1592.99927,66.2692184,1002.03784
-1608,58,99,-1608.99902,64.2139359,99.0431442
-537,183,-2986,-536.013489,297.884155,-2985.83643
-574,240,-2759,-573.015442,354.964264,-2758.82495
-536,260,-2988,-535.015442,374.906708,-2987.82495
-537,183,-2986,-536.053406,444.458862,-2985.67773
-536,260,-2988,-535.053406,521.527405,-2987.67773
-499,271,-3096,-498.051727,532.645142,-3095.68262
