1725,-274,-2155,1724.00098,-272.76886,-2155.04297
1812,-379,-2156,1811.00098,-377.767273,-2156.04297
1725,-274,-2344,1724.00098,-272.76886,-2344.04297
2076,-355,-2323,2076.04102,-352.390167,-2323.99902
2178,-286,-2346,2178.04297,-283.390991,-2346.99902
2076,-299,-2345,2076.04102,-296.389862,-2345.99902
3979,-286,-2521,3979.04004,-283.736877,-2520.00098
3979,-353,-2550,3979.03979,-350.736053,-2549.00098
3495,-353,-2549,3494.95508,-350.73175,-2548.00122
3495,-353,-2683,3494.95605,-350.709625,-2683.99902
3979,-353,-2682,3979.04004,-350.713928,-2682.99902
3979,-286,-2711,3979.03979,-283.714752,-2711.99902
4143,92,-2077,4142.95605,590.997375,-2077.99902
4143,-411,-2076,4142.95605,86.8896561,-2076.99902
4834,369,-2077,4833.95605,867.419678,-2077.99902
5096,6,-2006,5096.97656,8.68729496,-2005.78479
5088,8,-1966,5088.9707,10.6860056,-1965.75977
5118,23,-2077,5118.96973,25.6868649,-2076.75586
5503,-177,-2002,5503.47559,6.94484282,-2002.87952
5715,-177,-1884,5715.47754,7.47229958,-1884.87842
5503,-20,-2003,5503.48047,164.302673,-2003.87695
1725,-274,-2344,1724.00085,-272.728912,-2343.95898
1812,-379,-2156,1811.00098,-377.725739,-2155.95605
1812,-381,-2250,1811.00085,-379.726166,-2249.95874
5503,-20,-2003,5503.03418,129.641983,-2003.99939
5266,-177,-2003,5266.02832,-26.8125782,-2003.99951
5503,-177,-2002,5503.03418,-27.137928,-2002.99939
5736,275,-2743,5735.95605,327.251556,-2743.99902
5476,275,-2743,5475.95605,327.251556,-2743.99902
5736,23,-2738,5735.95605,75.246933,-2738.99902
5764,-177,-2489,5763.02148,-59.2887573,-2488.79395
5758,-177,-2515,5757.01953,-59.3491325,-2514.80347
5758,-10,-2509,5757.01953,107.468422,-2508.80347
5764,-177,-2489,5764.02539,-125.571556,-2488.00049
6351,75,-2489,6351.01758,126.396141,-2488.00024
6351,-177,-2494,6351.01807,-125.596169,-2493.00024
6351,-177,-2738,6351.01807,-128.525314,-2738.99976
6351,75,-2743,6351.01758,123.467003,-2743.99976
5764,-177,-2743,5764.02539,-128.500687,-2743.99951
8011,-316,-1905,8010.34668,-312.207703,-1905.75708
7768,-284,-1719,7767.354,-280.215668,-1719.76306
7536,-316,-1518,7535.35938,-312.22345,-1518.7677
7536,-316,-1518,7535.33105,-301.93042,-1518.74329
7768,-284,-1719,7767.33984,-269.993713,-1719.7511
7715,-256,-1676,7714.34473,-241.975082,-1676.75525
7819,-256,-1761,7818.38525,-242.384598,-1761.78845
7768,-284,-1719,7767.36621,-270.376495,-1719.77332
8011,-316,-1905,8010.38477,-302.404541,-1905.78833
7842,-189,-1779,7841.39746,-52.0738831,-1779.79797
7819,-256,-1761,7818.40039,-119.030327,-1761.80017
8011,-316,-1905,8010.38574,-178.620956,-1905.78906
7715,-256,-1676,7714.32812,-195.547852,-1676.7406
7694,-189,-1659,7693.33203,-128.4814,-1659.74402
7536,-316,-1518,7535.32129,-255.569504,-1518.73438
15844,-642,-1711,15844.041,-487.751648,-1711.99915
15664,-1076,-1709,15664.0293,-921.995239,-1709.99951
15845,-896,-1709,15845.04,-741.736145,-1709.99915
15845,-896,-1455,15844.9561,-671.446167,-1454.00098
15665,-1078,-1458,15664.9561,-853.719421,-1457.00098
15664,-480,-1455,15663.9561,-255.701294,-1454.00098
5118,23,-1691,5118.96973,25.6952915,-1691.24365
5088,8,-1802,5088.97363,10.695837,-1802.22742
5096,6,-1762,5096.97656,8.69572258,-1762.21399
8926,-316,-809,8925.92285,-62.2838135,-808.002991
8528,-62,-841,8527.90039,193.439468,-840.005005
8927,-65,-808,8926.91113,189.405991,-807.003967
14796,-276,-1266,14796.6104,-44.3265152,-1265.20789
14780,-872,-1256,14780.6191,-638.14447,-1255.21472
14526,-190,-1049,14526.6143,41.7036438,-1048.21094
14156,-786,-1101,14155.4766,-602.67981,-1101.85193
14397,-190,-1245,14396.4639,-5.01759815,-1245.84412
14131,-190,-1090,14130.4688,-5.01759815,-1090.84705
15664,-480,-1455,15663.9561,-285.162018,-1454.00098
15665,-1078,-1458,15664.9561,-884.55835,-1457.00098
15394,-480,-1455,15393.9561,-285.162018,-1454.00098
1705,-155,-2344,1705.99902,-72.6071243,-2344.04297
1706,-121,-2312,1706.99902,-38.6622124,-2312.04297
1705,-43,-2421,1705.9989,39.3894615,-2421.04468
1705,-43,-2083,1705.99915,41.8945541,-2082.95996
1706,-121,-2188,1706.99902,-36.0405655,-2187.95605
1705,-155,-2155,1705.99915,-70.0395279,-2154.95874
2350,-352,-2184,2350.03174,-349.734863,-2183.00073
2178,-286,-2154,2178.03711,-283.729736,-2153.00073
2350,-286,-2155,2350.03174,-283.735199,-2154.00073
1812,-379,-2156,1811.95593,-306.182434,-2155.00098
1725,-274,-2155,1724.95593,-201.181076,-2154.00098
1849,-317,-2155,1848.95593,-244.211731,-2154.00098
1849,-317,-2345,1848.95593,-215.576477,-2345.99902
1725,-274,-2344,1724.95593,-172.424698,-2344.99902
1812,-379,-2344,1811.95593,-277.568085,-2344.99902
1725,-274,-2344,1724.00098,-272.769501,-2344.04297
1812,-381,-2250,1811.00098,-379.77063,-2250.04297
1812,-379,-2344,1811.00098,-377.769562,-2344.04297
1849,-317,-2345,1849.04248,-314.433289,-2345.99902
2076,-355,-2323,2076.04199,-352.42746,-2323.99902
2076,-299,-2345,2076.04199,-296.426483,-2345.99902
2076,-355,-2178,2076.07593,-341.01474,-2177.00293
1812,-379,-2156,1812.08789,-364.984039,-2155.00391
1849,-317,-2155,1849.08728,-302.981506,-2154.00391
2178,-286,-2346,2178.02563,-283.865997,-2346.99951
2350,-352,-2316,2350.02026,-349.870514,-2316.99976
2350,-286,-2345,2350.02026,-283.87085,-2345.99976
2076,-355,-2323,2076.03784,-352.183044,-2323.99902
2350,-352,-2316,2350.04272,-349.171356,-2316.99902
2178,-286,-2346,2178.03809,-283.178223,-2346.99927
2076,-355,-2178,2076.04395,-352.699585,-2177.00098
2076,-299,-2155,2076.04395,-296.698059,-2154.00098
2178,-286,-2154,2178.0437,-283.701599,-2153.00098
2076,-355,-2178,2076.03955,-352.475006,-2177.00098
2178,-286,-2154,2178.0415,-283.478149,-2153.00098
2350,-352,-2184,2350.04126,-349.483582,-2183.00098
2076,-355,-2178,2076.04395,-352.448608,-2177.00098
1849,-317,-2155,1849.04395,-314.454742,-2154.00098
2076,-299,-2155,2076.04004,-296.449036,-2154.00098
1812,-379,-2344,1812.07507,-364.677124,-2344.99707
2076,-355,-2323,2076.07568,-340.710724,-2323.99707
1849,-317,-2345,1849.07471,-302.69455,-2345.99707
2805,-412,-2444,2805.69751,-350.78363,-2444.71655
2909,-379,-2340,2909.70337,-317.777527,-2340.71069
2862,-353,-2388,2862.69751,-291.77832,-2388.71655
2977,-286,-2273,2977.5791,-256.314697,-2273.81519
2941,-355,-2296,2941.57324,-325.325745,-2296.81934
3000,-412,-2251,3000.56934,-382.291595,-2251.82202
2862,-218,-2388,2862.69629,-38.587059,-2388.71753
2805,-180,-2444,2805.69629,-0.513353288,-2444.71753
2842,-286,-2407,2842.69678,-106.563591,-2407.71729
3000,-180,-2251,3000.70996,-157.437332,-2251.7041
2862,-218,-2388,2862.69678,-195.456238,-2388.71729
2956,-218,-2293,2956.70923,-195.445541,-2293.70483
2805,-412,-2056,2805.69922,-363.818573,-2055.28516
2910,-378,-2160,2910.69751,-329.804932,-2159.28345
3000,-412,-2251,3000.69946,-363.818573,-2250.2854
3000,-412,-2251,3000.7002,-287.983643,-2250.28613
2910,-378,-2160,2910.70044,-254.045273,-2159.28638
2952,-353,-2202,2952.70508,-229.061188,-2201.29102
2863,-353,-2111,2863.70166,-328.553467,-2110.2876
2910,-378,-2160,2910.7002,-353.528442,-2159.28613
2805,-412,-2056,2805.70703,-387.555939,-2055.29297
2843,-286,-2092,2843.67847,3371.56372,-2091.26538
2863,-353,-2111,2863.67847,3301.78809,-2110.26538
2805,-412,-2056,2805.67847,3240.01221,-2055.26538
2957,-218,-2206,2957.73364,-114.734306,-2205.32056
3000,-180,-2251,3000.71484,-76.735466,-2250.30078
2974,-286,-2225,2974.73267,-182.634674,-2224.31958
2862,-353,-2388,2861.38574,-350.539276,-2388.78906
3124,-286,-2626,3123.37988,-283.538574,-2626.78442
2842,-286,-2407,2841.38477,-283.538574,-2407.78833
3210,-286,-2469,3210.63965,-284.321869,-2468.23145
2941,-355,-2296,2941.63916,-353.32132,-2295.23096
2977,-286,-2273,2977.63916,-284.321625,-2272.23096
3323,-353,-2664,3322.87549,-350.510223,-2664.99219
3495,-353,-2683,3494.8833,-350.503235,-2683.99316
3495,-286,-2711,3494.87549,-283.506378,-2711.99219
3358,-286,-2512,3358.05908,-283.777588,-2511.00195
3495,-286,-2521,3495.07617,-283.782654,-2520.00293
3495,-353,-2549,3495.0437,-350.781555,-2548.00098
3317,-286,-2691,3316.67749,-283.492523,-2691.94653
3138,-353,-2602,3137.67603,-350.493439,-2602.94604
3323,-353,-2664,3322.67603,-350.491516,-2664.94604
3358,-286,-2512,3358.24316,-283.526611,-2511.03003
3281,-353,-2520,3281.23975,-350.522827,-2519.0293
3291,-286,-2495,3291.24316,-283.524628,-2494.03003
3358,-286,-2512,3358.21387,-283.522491,-2511.02319
3352,-353,-2537,3352.24414,-350.522064,-2536.03027
3281,-353,-2520,3281.23926,-350.519318,-2519.02905
3210,-286,-2469,3210.39551,-282.518036,-2468.08154
3281,-353,-2520,3281.3894,-349.517548,-2519.0791
3202,-352,-2486,3202.38916,-348.515594,-2485.07886
3291,-286,-2495,3291.30786,-283.667236,-2494.04858
3281,-353,-2520,3281.31128,-350.666901,-2519.0498
3210,-286,-2469,3210.29199,-283.664612,-2468.0437
3210,-286,-2469,3210.58594,-282.440125,-2468.1897
3202,-352,-2486,3202.58008,-348.436066,-2485.18555
2941,-355,-2296,2941.58594,-351.432678,-2295.1897
2862,-353,-2388,2861.38574,-350.593536,-2388.78906
3138,-353,-2602,3137.38477,-350.595459,-2602.78833
3124,-286,-2626,3123.38135,-283.593079,-2626.78564
3124,-286,-2626,3123.67603,-283.545013,-2626.94604
3138,-353,-2602,3137.67603,-350.544159,-2602.94604
3317,-286,-2691,3316.67896,-283.54953,-2691.94702
3323,-353,-2664,3322.8833,-350.721313,-2664.99316
3495,-286,-2711,3494.89209,-283.725128,-2711.99414
3317,-286,-2691,3316.875,-283.720001,-2691.99194
3358,-286,-2512,3358.07544,-283.411011,-2511.00293
3495,-353,-2549,3495.09863,-350.411835,-2548.00488
3352,-353,-2537,3352.08691,-350.412506,-2536.00391
3495,-353,-2683,3494.95605,-350.622284,-2683.99902
3979,-286,-2711,3978.95605,-283.623779,-2711.99902
3495,-286,-2711,3494.95605,-283.623779,-2711.99902
3979,-286,-2521,3978.95605,-283.584534,-2520.00098
3495,-353,-2549,3494.95605,-350.583038,-2548.00098
3495,-286,-2521,3494.95605,-283.584534,-2520.00098
3979,-286,-1979,3979.00781,-283.716583,-1979.99976
3495,-353,-1951,3495.02148,-350.711182,-1951.99976
3979,-353,-1950,3979.00757,-350.715485,-1950.99988
3495,-353,-1817,3495.02271,-350.726837,-1816.00037
3979,-286,-1789,3979.00781,-283.731964,-1788.00012
3979,-353,-1818,3979.00781,-350.73114,-1817.00012
2863,-353,-2111,2862.37988,-350.506897,-2110.21558
2843,-286,-2092,2842.37012,-283.506622,-2091.22339
3124,-286,-1874,3123.37988,-283.507904,-1873.21558
3208,-286,-2039,3208.60938,-283.896545,-2039.79285
2974,-286,-2225,2974.6189,-283.901703,-2225.7854
2952,-353,-2202,2952.61426,-350.899933,-2202.78906
3323,-353,-1836,3322.88281,-350.412537,-1835.00696
3495,-286,-1789,3494.8833,-283.408997,-1788.00684
3495,-353,-1817,3494.90039,-350.406158,-1816.005
3358,-286,-1988,3358.07617,-283.673859,-1988.99707
3495,-353,-1951,3495.06104,-350.677856,-1951.99805
3495,-286,-1979,3495.06079,-283.67926,-1979.99805
3317,-286,-1809,3316.67578,-283.584106,-1808.05408
3323,-353,-1836,3322.67578,-350.582794,-1835.05408
3138,-353,-1898,3137.67676,-350.584076,-1897.05371
3358,-286,-1988,3358.23926,-283.67569,-1988.97095
3291,-286,-2005,3291.24316,-283.673706,-2005.96997
3281,-353,-1980,3281.23926,-350.671906,-1980.97095
3358,-286,-1988,3358.21387,-283.550079,-1988.97681
3281,-353,-1980,3281.2395,-350.5466,-1980.97083
3352,-353,-1963,3352.21387,-350.549988,-1963.97668
3208,-286,-2039,3208.33936,-283.916534,-2039.94055
3202,-353,-2009,3202.33887,-350.916565,-2009.9408
3281,-353,-1980,3281.33887,-350.918945,-1980.9408
3291,-286,-2005,3291.36328,-283.496979,-2005.93164
3208,-286,-2039,3208.36792,-283.495697,-2039.92981
3281,-353,-1980,3281.3623,-350.499023,-1980.93188
3208,-286,-2039,3208.60547,-283.550323,-2039.79578
2952,-353,-2202,2952.61353,-350.540558,-2202.78955
3202,-353,-2009,3202.60938,-350.552795,-2009.79285
2863,-353,-2111,2862.38574,-350.427185,-2110.21094
3124,-286,-1874,3123.38477,-283.420563,-1873.21167
3138,-353,-1898,3137.36572,-350.420776,-1897.22693
3124,-286,-1874,3123.67578,-283.70166,-1873.05408
3317,-286,-1809,3316.69067,-283.706207,-1808.04907
3138,-353,-1898,3137.67578,-350.700836,-1897.05408
3323,-353,-1836,3322.87549,-350.636139,-1835.00781
3317,-286,-1809,3316.8833,-283.634491,-1808.00684
3495,-286,-1789,3494.89307,-283.639954,-1788.00574
3358,-286,-1988,3358.06152,-283.296417,-1988.99805
3352,-353,-1963,3352.07568,-350.297211,-1963.99707
3495,-353,-1951,3495.06128,-350.297211,-1951.99805
3495,-353,-1817,3494.95605,-350.588104,-1816.00098
3495,-286,-1789,3494.95605,-283.5896,-1788.00098
3979,-286,-1789,3978.95605,-283.5896,-1788.00098
3979,-286,-1979,3978.95605,-283.618103,-1979.99902
3495,-286,-1979,3494.95605,-283.618103,-1979.99902
3495,-353,-1951,3494.95508,-350.616608,-1951.9989
3979,92,-2076,3978.95605,572.905579,-2076.99902
4143,-411,-2076,4142.95605,68.3056107,-2076.99902
4143,92,-2077,4142.95605,572.41333,-2077.99902
4143,92,-2809,4142.95605,591.735779,-2809.99902
4143,-411,-2808,4142.95605,87.6280975,-2808.99902
4834,369,-2809,4833.95605,868.158142,-2809.99902
5096,6,-2738,5096.96973,8.68448639,-2737.75586
5088,8,-2698,5088.97266,10.6846008,-2697.76782
5118,23,-2809,5118.97363,25.6854591,-2808.77197
5503,-177,-2734,5503.47754,5.71411133,-2734.87842
5715,-177,-2616,5715.47949,6.24156761,-2616.87744
5503,-20,-2735,5503.47803,162.984039,-2735.87817
5503,-20,-2735,5502.99219,129.527145,-2735.99976
5266,-177,-2735,5266.01367,-26.9465466,-2735.99976
5503,-177,-2734,5502.99219,-27.2527561,-2734.99976
5118,23,-2423,5118.97461,25.698101,-2423.22363
5088,8,-2534,5088.97363,10.6972418,-2534.22705
5096,6,-2494,5096.97461,8.69712734,-2494.22339
3979,92,-2808,3978.95605,569.336487,-2808.99902
4143,-411,-2808,4142.95605,64.7364883,-2808.99902
4143,92,-2809,4142.95605,568.844177,-2809.99902
6371,-177,-2521,6370.00098,-175.872345,-2521.04297
6458,-284,-2528,6457.00098,-282.871399,-2528.04297
6371,-177,-2711,6370.00098,-175.872345,-2711.04297
6666,-256,-2693,6666.15186,-252.200729,-2693.98828
6771,-189,-2693,6771.16309,-185.196213,-2693.98657
6666,-189,-2711,6666.15723,-185.196213,-2711.98755
6371,-177,-2711,6370.00098,-175.872345,-2711.04297
6458,-284,-2528,6457.00098,-282.871399,-2528.04297
6458,-284,-2616,6457.00098,-282.871399,-2616.04297
7100,-260,-2359,7099.2832,-257.556519,-2358.30273
7395,-189,-2023,7394.2832,-186.545349,-2022.30273
7416,-251,-2036,7415.28271,-248.548523,-2035.30322
6458,-284,-2528,6457.95605,-270.779724,-2527.00098
6371,-177,-2521,6370.95605,-163.802887,-2520.00098
6495,-215,-2522,6494.95605,-201.783768,-2521.00098
6495,-215,-2711,6494.95605,-202.605148,-2711.99902
6371,-177,-2711,6370.95605,-164.615448,-2711.99902
6458,-284,-2704,6457.95605,-271.614655,-2704.99902
6371,-177,-2711,6370.00098,-175.872345,-2711.04297
6458,-284,-2616,6457.00098,-282.871399,-2616.04297
6458,-284,-2704,6457.00098,-282.871399,-2704.04297
6619,-256,-2697,6619.04297,-251.114212,-2697.99902
6619,-189,-2711,6619.04346,-184.113861,-2711.99902
6495,-215,-2711,6495.04102,-210.114258,-2711.99902
7516,-257,-2125,7516.67871,-254.452789,-2125.73438
7537,-189,-2144,7537.67871,-186.452332,-2144.73438
7171,-257,-2461,7171.67871,-254.465515,-2461.73438
6666,-256,-2541,6665.78418,-252.487579,-2540.02368
6666,-189,-2521,6665.79297,-185.48407,-2520.02173
6725,-189,-2509,6724.78418,-185.48407,-2508.02368
6619,-256,-2541,6618.95605,-252.650772,-2540.00098
6666,-189,-2521,6665.95605,-185.654419,-2520.00098
6666,-256,-2541,6665.95605,-252.650772,-2540.00098
6495,-215,-2522,6495.09766,-207.44986,-2521.00488
6619,-256,-2541,6619.08789,-248.437805,-2540.00391
6458,-284,-2528,6458.09863,-276.450775,-2527.00488
6495,-215,-2522,6495.0415,-211.35553,-2521.00098
6619,-189,-2521,6619.04199,-185.351196,-2520.00098
6619,-256,-2541,6619.04199,-252.349152,-2540.00098
6619,-256,-2541,6618.95605,-252.650772,-2540.00098
6619,-189,-2521,6618.95605,-185.654419,-2520.00098
6666,-189,-2521,6665.95605,-185.654419,-2520.00098
6666,-256,-2693,6665.95605,-252.234116,-2693.99902
6666,-189,-2711,6665.95605,-185.237335,-2711.99902
6619,-189,-2711,6618.95605,-185.237335,-2711.99902
6765,-256,-2665,6765.24414,-253.59256,-2665.96973
6771,-189,-2693,6771.25879,-186.59314,-2693.96582
6666,-256,-2693,6666.25879,-253.595062,-2693.96582
6725,-189,-2509,6724.90137,-186.351471,-2508.00488
6732,-256,-2535,6731.8916,-253.353897,-2534.0061
6666,-256,-2541,6665.8833,-253.355225,-2540.00684
6765,-256,-2665,6765.31934,-253.860916,-2665.94751
6991,-189,-2611,6991.32812,-186.866577,-2611.94434
6771,-189,-2693,6771.3501,-186.860306,-2693.93652
6725,-189,-2509,6724.62207,-186.56546,-2508.07422
6907,-189,-2441,6906.63574,-186.570709,-2440.06885
6732,-256,-2535,6731.63623,-253.561768,-2534.0686
7416,-251,-2036,7415.22266,-247.975464,-2035.37097
7698,-189,-1659,7697.22656,-185.96994,-1658.36621
7715,-254,-1676,7714.21094,-250.971313,-1675.38574
7819,-256,-1761,7819.75732,-253.611023,-1761.65295
7842,-189,-1779,7842.76318,-186.610855,-1779.646
7516,-257,-2125,7516.75537,-254.612137,-2125.65527
7171,-257,-2461,7171.52734,-254.547745,-2461.84961
6991,-189,-2611,6991.5542,-186.553726,-2611.83228
6979,-257,-2586,6979.52686,-254.55426,-2586.84985
6907,-189,-2441,6906.46143,-186.427597,-2440.15747
7100,-260,-2359,7099.46875,-257.421844,-2358.15283
6920,-257,-2466,6919.46143,-254.425842,-2465.15747
6666,-256,-2693,6666.08691,-251.310196,-2693.99609
6619,-189,-2711,6619.07568,-184.307007,-2711.99707
6619,-256,-2697,6619.06104,-251.309006,-2697.99805
6732,-256,-2535,6731.64941,-253.509888,-2534.06348
6907,-189,-2441,6906.63672,-186.504303,-2440.06836
6920,-257,-2466,6919.62598,-254.506409,-2465.07275
6979,-257,-2586,6979.33887,-254.285141,-2586.94067
6991,-189,-2611,6991.32227,-186.28624,-2611.94653
6765,-256,-2665,6765.33984,-253.288177,-2665.94043
6907,-189,-2441,6906.45508,-186.920959,-2440.16162
7078,-196,-2338,7077.46484,-193.92067,-2337.15527
7100,-260,-2359,7099.47266,-257.922211,-2358.15039
7171,-257,-2461,7171.53467,-254.674103,-2461.84497
7187,-189,-2482,7187.55078,-186.675842,-2482.83447
6991,-189,-2611,6991.53467,-186.671783,-2611.84497
7171,-257,-2461,7171.69775,-254.393463,-2461.71631
7537,-189,-2144,7537.67871,-186.394516,-2144.73438
7187,-189,-2482,7187.69629,-186.394516,-2482.71753
7100,-260,-2359,7099.28613,-257.854126,-2358.2998
7078,-196,-2338,7077.29199,-193.856094,-2337.29395
7395,-189,-2023,7394.29883,-186.853317,-2022.28711
7516,-257,-2125,7516.75195,-254.756866,-2125.65918
7842,-189,-1779,7842.75781,-186.756714,-1779.65222
7537,-189,-2144,7537.76367,-186.756714,-2144.64526
7416,-251,-2036,7415.22656,-248.55661,-2035.36621
7395,-189,-2023,7394.22656,-186.557175,-2022.36621
7698,-189,-1659,7697.21875,-186.559845,-1658.37585
9107,-65,-1244,9107.69629,250.237976,-1244.71741
9063,-121,-1287,9063.7002,194.380035,-1287.71387
9083,-189,-1267,9083.69824,126.592628,-1267.71558
9107,-318,-1244,9107.65918,-310.7435,-1244.75195
9016,-284,-1334,9016.6582,-276.754303,-1334.75269
8926,-316,-1409,8926.66797,-308.75647,-1409.74414
8926,-316,-1409,8926.64453,-308.465851,-1409.7644
9016,-284,-1334,9016.6543,-276.475281,-1334.75586
8968,-256,-1381,8968.66016,-248.464508,-1381.75098
8968,-256,-1381,8968.60156,-239.179886,-1381.79846
8948,-189,-1401,8948.60938,-172.151566,-1401.7926
8926,-316,-1409,8926.61035,-299.175842,-1409.79199
9107,-65,-1244,9107.69727,66.0786972,-1244.71643
8968,-121,-1381,8968.69824,9.90104294,-1381.7157
9063,-121,-1287,9063.69629,9.97278976,-1287.71753
8927,-65,-808,8927.69727,220.765198,-807.283203
8970,-121,-852,8970.70312,164.907242,-851.28894
8950,-189,-832,8950.69727,97.1198425,-831.283203
8926,-316,-809,8926.69824,-226.563721,-808.28418
9017,-284,-899,9017.69824,-194.476059,-898.28418
9107,-316,-989,9107.69824,-226.386444,-988.28418
8970,-256,-852,8970.69629,-117.685295,-851.282288
9017,-284,-899,9017.69824,-145.536301,-898.28418
8926,-316,-809,8926.69824,-177.713089,-808.28418
8950,-189,-832,8950.69824,80.2807388,-831.28418
8970,-256,-852,8970.69629,13.3093281,-851.282288
8926,-316,-809,8926.69629,-46.1578827,-808.282288
9064,-256,-947,9064.69824,-45.7467537,-946.28418
9084,-191,-966,9084.67969,19.3179283,-965.266541
9107,-316,-989,9107.69629,-106.189354,-988.282288
8927,-65,-808,8927.70312,96.0835571,-807.28894
8950,-189,-832,8950.69824,-27.7613144,-831.28418
8926,-316,-809,8926.69629,-154.460144,-808.282288
9107,-62,-989,9107.71094,-1.59669256,-988.296753
9064,-121,-947,9064.69727,-60.576561,-946.283203
8927,-65,-808,8927.69629,-4.43163681,-807.282288
8927,-65,-808,8927.71484,63.3523254,-807.30072
9064,-121,-947,9064.7002,7.17466879,-946.286072
8970,-121,-852,8970.70898,7.24641562,-851.2948
9320,-257,-1517,9320.41211,-254.640152,-1516.08887
9429,-184,-1536,9429.41211,-181.641281,-1535.08887
9421,-251,-1561,9421.40332,-248.641174,-1560.08496
9376,-251,-1688,9375.56934,-248.819595,-1688.90234
9366,-184,-1714,9365.58691,-181.817261,-1714.91064
9253,-257,-1630,9252.59668,-254.816071,-1630.91504
8968,-256,-1381,8967.30176,-253.960709,-1381.71582
9132,-189,-1582,9131.29785,-186.971939,-1582.71191
8948,-189,-1401,8947.30273,-186.959381,-1401.7168
9083,-189,-1267,9083.69824,-186.468887,-1266.28418
9261,-189,-1443,9261.69727,-186.466385,-1442.2832
9063,-256,-1287,9063.69629,-253.467468,-1286.28235
9577,-153,-1569,9577.04395,-150.098099,-1568.00098
9755,-221,-1605,9755.04297,-218.089859,-1604.00098
9576,-219,-1595,9576.04395,-216.097076,-1594.00098
9559,-219,-1728,9558.95508,-216.600922,-1728.9989
9755,-221,-1733,9754.95605,-218.60202,-1733.99902
9757,-156,-1759,9756.95605,-153.603424,-1759.99902
9253,-257,-1630,9252.43164,-254.561676,-1630.82275
9132,-189,-1582,9131.42578,-186.561523,-1582.81848
9152,-256,-1562,9151.41895,-253.564667,-1562.81384
9261,-189,-1443,9261.55078,-186.537476,-1442.16541
9320,-257,-1517,9320.57031,-254.53862,-1516.17859
9243,-256,-1464,9243.55664,-253.539124,-1463.16931
9063,-256,-1287,9063.67969,-253.661118,-1286.2666
9261,-189,-1443,9261.69629,-186.658829,-1442.28235
9243,-256,-1464,9243.69629,-253.659836,-1463.28235
9152,-256,-1562,9151.2832,-253.974518,-1562.69714
9132,-189,-1582,9131.29785,-186.971939,-1582.71191
8968,-256,-1381,8967.30176,-253.960709,-1381.71582
9261,-189,-1443,9261.55859,-186.796219,-1442.17065
9333,-190,-1493,9333.55078,-187.800171,-1492.16541
9320,-257,-1517,9320.56348,-254.798386,-1516.17395
9253,-257,-1630,9252.42578,-254.188324,-1630.8186
9239,-190,-1653,9238.42676,-187.187988,-1653.81934
9132,-189,-1582,9131.42871,-186.19072,-1582.82068
9253,-257,-1630,9252.57031,-254.713318,-1630.90283
9366,-184,-1714,9365.5752,-181.716537,-1714.90527
9239,-190,-1653,9238.57129,-187.71373,-1653.90332
9320,-257,-1517,9320.42578,-254.179474,-1516.09521
9333,-190,-1493,9333.41406,-187.180557,-1492.08984
9429,-184,-1536,9429.4248,-181.176193,-1535.09473
9376,-251,-1688,9375.84668,-248.318939,-1688.98816
9553,-153,-1755,9552.84277,-150.318848,-1755.98755
9366,-184,-1714,9365.84277,-181.321716,-1714.98755
9577,-153,-1569,9577.2832,-150.735687,-1568.04102
9421,-251,-1561,9421.29199,-248.732697,-1560.0437
9429,-184,-1536,9429.30762,-181.7314,-1535.04858
9951,-183,-1569,9950.88281,-180.47612,-1568.00696
9946,-245,-1595,9945.88281,-242.475998,-1594.00696
9757,-156,-1579,9756.88281,-153.476059,-1578.00696
9757,-156,-1759,9756.95605,-153.568161,-1759.99902
9946,-244,-1723,9945.95605,-241.565475,-1723.99902
9951,-181,-1749,9950.95605,-178.566681,-1749.99902
10566,-286,-1515,10565.9385,-284.019653,-1514.00195
10566,-353,-1544,10565.9561,-351.020233,-1543.00098
10333,-274,-1523,10332.9375,-272.010773,-1522.00208
10333,-274,-1712,10333.0322,-271.789459,-1712.99939
10566,-353,-1676,10566.0381,-350.793121,-1676.99927
10566,-286,-1705,10566.0381,-283.79126,-1705.99927
9951,-181,-1749,9950.95508,-178.800049,-1749.9989
10328,-339,-1685,10327.9561,-336.805573,-1685.99902
10333,-274,-1712,10332.9561,-271.805389,-1712.99902
10333,-274,-1523,10332.7842,-271.317047,-1522.02368
10328,-340,-1550,10327.7852,-337.317261,-1549.02344
9951,-183,-1569,9950.79297,-180.318893,-1568.02173
9577,-153,-1569,9577.28223,-150.165283,-1568.04077
9576,-219,-1595,9576.28223,-216.167038,-1594.04077
9421,-251,-1561,9421.2832,-248.171875,-1560.04102
9376,-251,-1688,9375.84668,-248.726456,-1688.98816
9559,-219,-1728,9558.84668,-216.728073,-1728.98816
9553,-153,-1755,9552.84668,-150.727554,-1755.98816
9559,-219,-1728,9558.95508,-216.346725,-1728.9989
9757,-156,-1759,9756.95508,-153.343842,-1759.9989
9553,-153,-1755,9552.95605,-150.348419,-1755.99902
9757,-156,-1759,9757.04102,-153.432266,-1759.99915
9755,-221,-1733,9755.02539,-218.429886,-1733.99963
9946,-244,-1723,9946.04395,-241.429916,-1723.99902
9757,-156,-1579,9756.88379,-153.19603,-1578.00684
9946,-245,-1595,9945.8916,-242.187241,-1594.00598
9755,-221,-1605,9754.90039,-218.193954,-1604.005
9951,-181,-1749,9950.95605,-178.792053,-1749.99902
9946,-244,-1723,9945.95605,-241.789658,-1723.99902
10328,-339,-1685,10327.9551,-336.792694,-1685.9989
9951,-183,-1569,9950.78516,-180.632156,-1568.02344
10328,-340,-1550,10327.7754,-337.635803,-1549.02563
9946,-245,-1595,9945.78418,-242.628754,-1594.02368
10333,-274,-1712,10333.04,-271.513428,-1712.99915
10328,-339,-1685,10328.0371,-336.514069,-1685.99927
10566,-353,-1676,10566.0352,-350.512207,-1676.99927
10333,-274,-1523,10332.9385,-271.759552,-1522.00195
10566,-353,-1544,10565.9551,-350.767303,-1543.0011
10328,-340,-1550,10327.9561,-337.760956,-1549.00098
9107,-256,-1050,9106.95605,-253.596054,-1049.00098
9352,-189,-1022,9351.95605,-186.597702,-1021.00098
9352,-256,-1050,9351.95605,-253.596054,-1049.00098
9352,-256,-1184,9351.95605,-253.612839,-1184.99902
9352,-189,-1212,9351.95508,-186.614639,-1212.9989
9107,-256,-1184,9106.95605,-253.612839,-1184.99902
9734,-147,-1022,9734.04395,-144.567017,-1021.00098
9555,-224,-1050,9555.04297,-221.570068,-1049.00098
9553,-157,-1022,9553.04199,-154.568298,-1021.00092
9555,-224,-1185,9555.04297,-221.075043,-1185.99902
9732,-215,-1185,9732.03711,-212.068207,-1185.99927
9734,-147,-1212,9734.03711,-144.069626,-1212.99927
9107,-256,-1184,9106.95605,-253.612839,-1184.99902
9352,-189,-1212,9351.95508,-186.614639,-1212.9989
9107,-189,-1212,9106.95508,-186.614639,-1212.9989
9107,-256,-1050,9106.95605,-253.596054,-1049.00098
9107,-189,-1022,9106.95605,-186.597702,-1021.00098
9352,-189,-1022,9351.95605,-186.597702,-1021.00098
9352,-256,-1184,9352.04395,-253.420547,-1184.99902
9553,-157,-1212,9553.05859,-154.416672,-1212.99817
9352,-189,-1212,9352.06152,-186.421082,-1212.99805
9553,-157,-1022,9553.06055,-154.365921,-1021.00189
9352,-256,-1050,9352.06152,-253.369644,-1049.00195
9352,-189,-1022,9352.06055,-186.370331,-1021.00189
9942,-175,-1027,9941.95508,-172.128372,-1026.0011
9934,-238,-1053,9933.95605,-235.127823,-1052.00098
9734,-147,-1022,9733.95508,-144.136322,-1021.00104
9734,-147,-1212,9733.95508,-144.78273,-1212.9989
9934,-238,-1182,9933.95605,-235.789536,-1182.99902
9942,-175,-1207,9941.95605,-172.790054,-1207.99902
10637,-286,-1022,10636.9561,-283.630035,-1021.00098
10637,-353,-1051,10636.9551,-350.629608,-1050.0011
10295,-258,-1022,10294.9551,-255.631821,-1021.00104
10295,-258,-1212,10294.9561,-255.650726,-1212.99902
10637,-353,-1183,10636.9561,-350.648682,-1183.99902
10637,-286,-1212,10636.9561,-283.649109,-1212.99902
9942,-175,-1207,9941.89355,-172.121552,-1207.99426
10289,-324,-1185,10288.8848,-321.114441,-1185.99329
10295,-258,-1212,10294.8926,-255.111664,-1212.99414
10295,-258,-1022,10294.9014,-255.761261,-1021.00488
10289,-324,-1050,10288.8828,-321.757477,-1049.00696
9942,-175,-1027,9941.88281,-172.756165,-1026.00696
9553,-157,-1022,9553.06055,-154.68924,-1021.00189
9555,-224,-1050,9555.06152,-221.691254,-1049.00195
9352,-256,-1050,9352.07617,-253.690277,-1049.00293
9352,-256,-1184,9352.06152,-253.544464,-1184.99805
9555,-224,-1185,9555.06152,-221.545105,-1185.99805
9553,-157,-1212,9553.04102,-154.544525,-1212.99915
9555,-224,-1185,9555.04297,-221.115265,-1185.99902
9734,-147,-1212,9734.04395,-144.110428,-1212.99902
9553,-157,-1212,9553.04395,-154.116653,-1212.99902
9734,-147,-1212,9733.95605,-144.222885,-1212.99902
9732,-215,-1185,9731.95605,-212.221146,-1185.99902
9934,-238,-1182,9933.95605,-235.214798,-1182.99902
9734,-147,-1022,9733.95605,-144.400284,-1021.00098
9934,-238,-1053,9933.95605,-235.39386,-1052.00098
9732,-214,-1050,9731.95605,-211.399033,-1049.00098
9942,-175,-1207,9941.90137,-172.448044,-1207.99512
9934,-238,-1182,9933.89258,-235.451248,-1182.99414
10289,-324,-1185,10288.9004,-321.45752,-1185.995
9942,-175,-1027,9941.90039,-172.583786,-1026.005
10289,-324,-1050,10288.9004,-321.592957,-1049.005
9934,-238,-1053,9933.88281,-235.585999,-1052.00696
10295,-258,-1212,10294.9561,-255.891663,-1212.99902
10289,-324,-1185,10288.9561,-321.890625,-1185.99902
10637,-353,-1183,10636.9561,-350.901581,-1183.99902
10295,-258,-1022,10294.9551,-255.626404,-1021.00104
10637,-353,-1051,10636.9551,-350.62326,-1050.0011
10289,-324,-1050,10288.9551,-321.623596,-1049.0011
9429,-184,-698,9429.40332,-181.718079,-698.915039
9320,-257,-717,9320.41211,-254.716278,-717.911011
9421,-251,-673,9421.40234,-248.717972,-673.915405
9253,-257,-604,9252.59668,-254.797592,-603.084961
9366,-184,-520,9365.59668,-181.798798,-519.084961
9376,-251,-546,9375.57129,-248.801117,-545.096619
8950,-189,-832,8949.28418,-186.28183,-831.301758
9132,-189,-652,9131.29004,-186.279312,-651.295776
8970,-256,-852,8969.2832,-253.277893,-851.302734
9064,-256,-947,9064.69727,-253.50148,-947.716736
9243,-256,-770,9243.69727,-253.506485,-770.716614
9084,-191,-966,9084.70605,-188.500656,-966.708008
9576,-219,-639,9576.04395,-216.733002,-639.999023
9755,-220,-630,9755.04199,-217.737793,-630.999084
9757,-154,-656,9757.04199,-151.736481,-656.999084
9757,-154,-473,9756.95801,-151.214615,-472.000885
9755,-220,-500,9754.95605,-217.215988,-499.000977
9559,-219,-506,9558.95605,-216.222733,-505.000977
9261,-189,-791,9261.54883,-186.55162,-791.835632
9243,-256,-770,9243.55664,-253.553284,-770.830505
9320,-257,-717,9320.55078,-254.552765,-717.834534
9132,-189,-652,9131.42871,-186.641846,-651.17926
9253,-257,-604,9252.42578,-254.64328,-603.181335
9152,-256,-672,9151.42578,-253.644989,-671.181335
8970,-256,-852,8969.2832,-253.277893,-851.302734
9132,-189,-652,9131.29004,-186.279312,-651.295776
9152,-256,-672,9151.29492,-253.275391,-671.290894
9084,-191,-966,9084.69824,-188.820908,-966.715454
9243,-256,-770,9243.69922,-253.821976,-770.714783
9261,-189,-791,9261.69824,-186.82515,-791.715393
9261,-189,-791,9261.55078,-186.714294,-791.834534
9320,-257,-717,9320.56348,-254.716446,-717.825745
9333,-190,-741,9333.58008,-187.716949,-741.814453
9132,-189,-652,9131.44824,-186.155991,-651.166016
9239,-190,-581,9238.42871,-187.153259,-580.17926
9253,-257,-604,9252.42578,-254.153595,-603.181335
9239,-190,-581,9238.57129,-187.745987,-580.096619
9366,-184,-520,9365.58789,-181.748154,-519.088867
9253,-257,-604,9252.57227,-254.744934,-603.09613
9333,-190,-741,9333.41113,-187.227203,-741.911377
9320,-257,-717,9320.41504,-254.22612,-717.90979
9429,-184,-698,9429.41113,-181.222839,-698.911377
9553,-153,-479,9552.84473,-150.326889,-478.012146
9376,-251,-546,9375.84863,-248.326645,-545.011536
9366,-184,-520,9365.84668,-181.329742,-519.011841
9421,-251,-673,9421.29199,-248.675125,-673.95636
9577,-153,-665,9577.29297,-150.678131,-665.956055
9429,-184,-698,9429.28223,-181.6745,-698.959167
9757,-154,-656,9756.88281,-151.839355,-656.993103
9945,-247,-640,9944.88379,-244.848389,-640.993164
9951,-183,-667,9950.875,-180.846146,-667.992126
9951,-182,-483,9950.95801,-179.713699,-482.000885
9946,-246,-509,9945.95801,-243.715332,-508.000885
9757,-154,-473,9756.95801,-151.709854,-472.000885
10566,-285,-529,10566.042,-282.647156,-528.000916
10566,-353,-558,10566.0439,-350.647125,-557.000977
10333,-274,-521,10333.042,-271.64743,-520.000916
10333,-274,-711,10332.9375,-271.915405,-711.997925
10566,-353,-690,10565.9561,-350.92157,-690.999023
10566,-285,-719,10565.9561,-282.921295,-719.999023
10333,-274,-521,10332.9561,-271.727936,-520.000977
10328,-340,-549,10327.9551,-337.728271,-548.001038
9951,-182,-483,9950.95801,-179.724426,-482.000885
9951,-183,-667,9950.79297,-180.323074,-667.978333
10328,-340,-684,10327.793,-337.317932,-684.978333
10333,-274,-711,10332.7852,-271.319946,-711.976562
9553,-153,-479,9552.85156,-150.647293,-478.011108
9559,-219,-506,9558.8457,-216.647812,-505.011993
9376,-251,-546,9375.84668,-248.646194,-545.011841
9421,-251,-673,9421.28223,-248.204071,-673.959229
9576,-219,-639,9576.26953,-216.19957,-639.96283
9577,-153,-665,9577.28223,-150.197464,-665.959229
9576,-219,-639,9576.04395,-216.223404,-639.999023
9757,-154,-656,9757.04199,-151.21814,-656.999084
9577,-153,-665,9577.04102,-150.222916,-665.999084
9757,-154,-473,9756.95801,-151.663696,-472.000885
9559,-219,-506,9558.95605,-216.658661,-505.000977
9553,-153,-479,9552.95801,-150.661484,-478.000885
9757,-154,-473,9756.95801,-151.720688,-472.000885
9946,-246,-509,9945.95801,-243.720139,-508.000885
9755,-220,-500,9754.95703,-217.717865,-499.000946
9757,-154,-656,9756.8916,-151.352707,-656.99408
9755,-220,-630,9754.88281,-217.354233,-630.993103
9945,-247,-640,9944.89258,-244.353149,-640.994202
9951,-182,-483,9951.04004,-179.772751,-482.000824
10328,-340,-549,10328.042,-337.781464,-548.000916
9946,-246,-509,9946.03906,-243.772247,-508.000793
9951,-183,-667,9950.79297,-180.312759,-667.978333
9945,-247,-640,9944.78418,-244.312805,-640.976318
10328,-340,-684,10327.793,-337.304779,-684.978333
10333,-274,-521,10333.042,-271.367188,-520.000916
10566,-353,-558,10566.042,-350.36203,-557.000916
10328,-340,-549,10328.042,-337.368439,-548.000916
10333,-274,-711,10332.9551,-271.801086,-711.998962
10328,-340,-684,10327.9561,-337.802795,-684.999023
10566,-353,-690,10565.9551,-350.809082,-690.998962
16145,-735,-1501,16145.0986,-732.674622,-1500.00488
16150,-802,-1528,16150.0762,-799.672058,-1527.00293
15844,-769,-1487,15844.0986,-766.668945,-1486.00488
16595,-622,-1911,16594.7148,-620.289978,-1911.95837
16850,-552,-2019,16849.7324,-550.291687,-2019.96338
16815,-495,-2041,16814.7285,-493.290802,-2041.96228
17000,-408,-1919,17000.293,-405.43045,-1918.04395
17128,-426,-1965,17128.291,-423.433594,-1964.04333
17012,-472,-1946,17012.2812,-469.430725,-1945.04041
16981,-482,-2072,16980.957,-479.581573,-2072.99902
17114,-431,-2096,17113.957,-428.578674,-2096.99902
17097,-368,-2123,17096.957,-365.576416,-2123.99902
16850,-552,-2019,16849.8477,-549.325928,-2019.98828
16955,-422,-2097,16954.8477,-419.317871,-2097.98828
16815,-495,-2041,16814.8477,-492.325073,-2041.98828
17000,-408,-1919,17000.4941,-403.570465,-1918.13074
16897,-536,-1897,16897.4941,-531.568542,-1896.13074
16882,-473,-1870,16882.4766,-468.573364,-1869.12097
17383,-308,-1957,17383.1523,-305.144531,-1956.01172
17391,-375,-1984,17391.1504,-372.144104,-1983.01147
17118,-361,-1938,17118.1426,-358.148132,-1937.01025
17097,-368,-2123,17097.0098,-365.059509,-2123.99976
17387,-377,-2118,17387.0332,-374.050079,-2118.99927
17377,-311,-2146,17377.0312,-308.050385,-2146.99927
18622,-286,-1961,18621.959,-283.687408,-1960.00085
18622,-353,-1990,18621.959,-350.686584,-1989.00085
17641,-286,-1961,17640.959,-283.687408,-1960.00085
17644,-286,-2151,17643.957,-283.687408,-2151.99902
18622,-353,-2122,18621.957,-350.686584,-2122.99902
18622,-286,-2151,18621.957,-283.687408,-2151.99902
17377,-311,-2146,17377.0371,-308.404541,-2146.99927
17646,-353,-2122,17646.0371,-350.398804,-2122.99927
17644,-286,-2151,17644.0352,-283.400757,-2151.99927
17641,-286,-1961,17641.041,-283.998413,-1960.00085
17644,-353,-1988,17644.0391,-351.000458,-1987.00085
17383,-308,-1957,17383.041,-305.991669,-1956.00085
17000,-408,-1919,17000.5059,-403.419647,-1918.13745
17012,-472,-1946,17012.4941,-467.417694,-1945.13074
16897,-536,-1897,16897.4961,-531.425232,-1896.13184
16850,-552,-2019,16849.8438,-550.432434,-2019.98767
16981,-482,-2072,16980.8398,-480.434448,-2072.98706
16955,-422,-2097,16954.8594,-420.431458,-2097.98999
16981,-482,-2072,16980.957,-479.851349,-2072.99902
17097,-368,-2123,17096.957,-365.848114,-2123.99902
16955,-422,-2097,16954.957,-419.848511,-2097.99902
17097,-368,-2123,17097.0293,-365.337006,-2123.99951
17114,-431,-2096,17114.0273,-428.33725,-2096.99951
17387,-377,-2118,17387.0195,-374.330841,-2118.99976
17118,-361,-1938,17118.1387,-358.085358,-1937.00977
17391,-375,-1984,17391.1387,-372.079346,-1983.00977
17128,-426,-1965,17128.1504,-423.083954,-1964.01147
17377,-311,-2146,17377.041,-308.30011,-2146.99902
17387,-377,-2118,17387.043,-374.298279,-2118.99902
17646,-353,-2122,17646.0293,-350.293335,-2122.99951
17383,-308,-1957,17383.041,-305.684967,-1956.00085
17644,-353,-1988,17644.041,-350.687164,-1987.00085
17391,-375,-1984,17391.041,-372.684021,-1983.00085
17644,-286,-2151,17643.957,-283.687408,-2151.99902
17646,-353,-2122,17645.957,-350.686584,-2122.99902
18622,-353,-2122,18621.957,-350.686584,-2122.99902
17641,-286,-1961,17640.9785,-283.754181,-1960.00024
18622,-353,-1990,18621.9805,-350.767242,-1989.00024
17644,-353,-1988,17644.0098,-350.754822,-1987.00012
15845,-769,-1677,15844.9561,-766.637024,-1677.99902
16134,-805,-1662,16133.9561,-802.636536,-1662.99902
16124,-739,-1690,16123.9561,-736.637146,-1690.99902
16882,-473,-1870,16882.6016,-468.63559,-1869.20129
16897,-536,-1897,16897.6113,-531.639893,-1896.20874
16684,-599,-1745,16684.6113,-594.628479,-1744.20874
16684,-599,-1745,16684.5781,-594.263367,-1744.18408
16695,-665,-1773,16695.5703,-660.258789,-1772.17859
16435,-685,-1585,16435.5742,-680.265442,-1584.1814
16367,-703,-1762,16366.5859,-700.9599,-1762.91016
16631,-681,-1890,16630.5781,-678.953613,-1890.90662
16595,-622,-1911,16594.5859,-619.954468,-1911.91016
16435,-685,-1585,16435.3203,-681.412354,-1584.05273
16441,-753,-1611,16441.3398,-749.410278,-1610.05957
16145,-735,-1501,16145.3232,-731.424011,-1500.05371
16124,-739,-1690,16123.7764,-737.374146,-1690.97461
16394,-765,-1736,16393.7988,-763.3797,-1736.97949
16367,-703,-1762,16366.7939,-701.378479,-1762.97852
16631,-681,-1890,16630.7148,-678.575745,-1890.95837
16850,-552,-2019,16849.7285,-549.575256,-2019.96216
16595,-622,-1911,16594.7148,-619.578796,-1911.95837
16684,-599,-1745,16684.6035,-593.663208,-1744.20276
16897,-536,-1897,16897.6191,-530.656738,-1896.21472
16695,-665,-1773,16695.6113,-659.661987,-1772.20874
16367,-703,-1762,16366.5928,-701.653931,-1762.91309
16394,-765,-1736,16393.5801,-763.657043,-1736.90747
16631,-681,-1890,16630.582,-679.659607,-1890.90833
16435,-685,-1585,16435.584,-680.223694,-1584.18835
16695,-665,-1773,16695.5742,-660.217346,-1772.1814
16441,-753,-1611,16441.5742,-748.224609,-1610.1814
16124,-739,-1690,16123.8037,-737.021423,-1690.98047
16134,-805,-1662,16133.7754,-803.023438,-1662.97437
16394,-765,-1736,16393.7969,-763.025574,-1736.97913
16145,-735,-1501,16145.3086,-732.157532,-1500.04883
16441,-753,-1611,16441.3184,-750.15332,-1610.05212
16150,-802,-1528,16150.3174,-799.15509,-1527.05176
15845,-836,-1649,15844.9561,-834,-1649.99902
16134,-805,-1662,16133.9561,-803.00769,-1662.99902
15845,-769,-1677,15844.9561,-767.001526,-1677.99902
15844,-769,-1487,15844.0879,-766.978638,-1486.00391
16150,-802,-1528,16150.0762,-799.986816,-1527.00293
15844,-836,-1515,15844.0762,-833.981323,-1514.00293
15991,-1068,-1487,15990.8613,-1064.95325,-1486.00977
15987,-1135,-1515,15986.8359,-1131.95215,-1514.01367
15754,-986,-1487,15753.8467,-982.963379,-1486.01184
16473,-1013,-1517,16473.5469,-1009.16071,-1517.83691
16695,-956,-1375,16695.5547,-952.170959,-1375.83203
16670,-898,-1409,16670.5703,-894.169983,-1409.82104
16926,-602,-1073,16926.0762,-599.693481,-1072.00293
17129,-512,-1055,17129.0742,-509.69873,-1054.00281
16974,-652,-1095,16974.0742,-649.694824,-1094.00281
17156,-534,-1119,17156.9102,-532.835022,-1119.41309
17153,-510,-1187,17153.9277,-508.832916,-1187.37207
17006,-638,-1225,17006.918,-636.833252,-1225.39563
17006,-638,-1225,17006.4805,-634.527466,-1225.87695
17153,-510,-1187,17153.4785,-506.531403,-1187.87781
17121,-453,-1221,17121.4609,-449.53302,-1221.8866
16695,-956,-1375,16695.6113,-951.549622,-1375.79102
16970,-582,-1256,16970.6074,-577.557617,-1256.79395
16670,-898,-1409,16670.6191,-893.547363,-1409.78479
17007,-666,-1157,17007.9609,-665.159668,-1157.27551
16695,-956,-1375,16695.957,-955.15741,-1375.28882
16687,-985,-1309,16687.9609,-984.156433,-1309.27588
16926,-602,-1073,16925.8926,-599.370667,-1072.00586
16648,-967,-1248,16647.8672,-964.36438,-1247.00891
16604,-913,-1232,16603.875,-910.365051,-1231.00793
17284,-339,-1005,17284.041,-335.934937,-1004.00085
17313,-402,-1025,17313.041,-398.934998,-1024.00085
17088,-458,-1035,17088.041,-454.932129,-1034.00085
17121,-453,-1221,17121.3555,-450.862854,-1221.93445
17331,-407,-1159,17331.3398,-404.870056,-1159.94043
17309,-347,-1193,17309.3477,-344.868927,-1193.93726
18622,-286,-985,18621.959,-284.318909,-984.000854
18622,-353,-1014,18621.959,-351.317932,-1013.00085
17519,-286,-991,17518.959,-284.283112,-990.000854
17525,-285,-1174,17524.959,-282.782471,-1174.99915
18622,-351,-1146,18621.957,-348.79126,-1146.99902
18622,-286,-1173,18621.959,-283.793396,-1173.99915
17309,-347,-1193,17309.1895,-344.188416,-1193.98181
17530,-356,-1143,17530.1914,-353.1828,-1143.98145
17525,-285,-1174,17525.1914,-282.182159,-1174.98145
17519,-286,-991,17519.041,-283.559143,-990.000854
17525,-352,-1018,17525.041,-349.561829,-1017.00085
17284,-339,-1005,17284.041,-336.56134,-1004.00085
16926,-602,-1073,16925.957,-599.178223,-1072.00098
16974,-652,-1095,16973.957,-649.174377,-1094.00098
16648,-967,-1248,16647.959,-964.171448,-1247.00085
17007,-666,-1157,17007.9316,-664.707458,-1157.3623
17006,-638,-1225,17006.9355,-636.706909,-1225.35254
16695,-956,-1375,16695.9316,-954.71637,-1375.36304
16695,-956,-1375,16695.5254,-948.337585,-1375.85046
17006,-638,-1225,17006.5176,-630.368103,-1225.8551
16970,-582,-1256,16970.5352,-574.365845,-1256.84473
17006,-638,-1225,17006.4121,-633.013123,-1225.91101
17121,-453,-1221,17121.3965,-448.013763,-1221.91797
16970,-582,-1256,16970.4102,-577.014832,-1256.91199
17156,-534,-1119,17156.9004,-532.827393,-1119.43445
17006,-638,-1225,17006.9004,-636.82782,-1225.4342
17007,-666,-1157,17007.9102,-664.826599,-1157.41345
17121,-453,-1221,17121.3379,-450.858765,-1221.94092
17153,-510,-1187,17153.3379,-507.859375,-1187.9408
17331,-407,-1159,17331.334,-404.867767,-1159.94238
17088,-458,-1035,17088.041,-454.608673,-1034.00085
17313,-402,-1025,17313.041,-398.601624,-1024.00085
17129,-512,-1055,17129.041,-508.608337,-1054.00085
17309,-347,-1193,17309.1836,-344.735901,-1193.98279
17331,-407,-1159,17331.1758,-404.737732,-1159.98438
17530,-356,-1143,17530.1836,-353.734436,-1143.98291
17284,-339,-1005,17284.041,-335.928223,-1004.00085
17525,-352,-1018,17525.041,-348.931671,-1017.00085
17313,-402,-1025,17313.041,-398.926941,-1024.00085
17525,-285,-1174,17524.959,-282.082123,-1174.99915
17530,-356,-1143,17529.959,-353.080963,-1143.99915
18622,-351,-1146,18621.959,-348.04306,-1146.99915
17519,-286,-991,17518.959,-283.697205,-990.000854
18622,-353,-1014,18621.959,-350.707092,-1013.00085
17525,-352,-1018,17524.959,-349.69696,-1017.00085
15754,-986,-1677,15753.8535,-983.206177,-1677.98914
15987,-1135,-1650,15986.8672,-1132.20557,-1650.99109
15991,-1068,-1677,15990.8535,-1065.2041,-1677.98914
16604,-913,-1232,16603.7324,-911.354126,-1231.0365
16648,-967,-1248,16647.7539,-965.355713,-1247.03076
16417,-1027,-1336,16416.7539,-1025.35352,-1335.03076
16417,-1027,-1336,16416.6836,-1025.41455,-1335.05139
16444,-1090,-1362,16443.6602,-1088.41418,-1361.05957
16222,-1067,-1423,16221.6797,-1065.40698,-1422.05273
16252,-1060,-1608,16252.4248,-1056.26672,-1608.90527
16483,-1080,-1490,16483.4121,-1076.2666,-1490.91113
16473,-1013,-1517,16473.4141,-1009.26617,-1517.91016
16222,-1067,-1423,16221.7334,-1065.15918,-1422.03625
16234,-1132,-1450,16233.7031,-1130.16248,-1449.04517
15991,-1068,-1487,15990.7227,-1066.15613,-1486.03931
15991,-1068,-1677,15991.2617,-1065.26733,-1677.96509
16255,-1127,-1581,16255.2432,-1124.26843,-1581.96997
16252,-1060,-1608,16252.2432,-1057.27039,-1608.96997
16483,-1080,-1490,16483.5586,-1075.81702,-1490.82898
16695,-956,-1375,16695.5547,-951.808228,-1375.8313
16473,-1013,-1517,16473.5586,-1008.81592,-1517.82898
16417,-1027,-1336,16416.7539,-1025.09192,-1335.03076
16648,-967,-1248,16647.7559,-965.092407,-1247.03027
16444,-1090,-1362,16443.7559,-1088.09277,-1361.03027
16252,-1060,-1608,16252.4062,-1057.90564,-1608.91357
16255,-1127,-1581,16255.4248,-1124.90649,-1581.90527
16483,-1080,-1490,16483.4121,-1077.91589,-1490.91113
16222,-1067,-1423,16221.6826,-1064.5946,-1422.05176
16444,-1090,-1362,16443.6836,-1087.59216,-1361.05139
16234,-1132,-1450,16233.6719,-1129.59302,-1449.05542
15991,-1068,-1677,15991.2432,-1065.45288,-1677.96997
15987,-1135,-1650,15987.2383,-1132.45435,-1650.97095
16255,-1127,-1581,16255.2393,-1124.45325,-1581.97095
15991,-1068,-1487,15990.7373,-1066.01282,-1486.03516
16234,-1132,-1450,16233.7549,-1130.01892,-1449.03052
15987,-1135,-1515,15986.7295,-1133.01367,-1514.03735
15707,-1033,-1649,15706.8301,-1030.19348,-1649.98535
15987,-1135,-1650,15986.8301,-1132.18713,-1650.98535
15754,-986,-1677,15753.8418,-983.190796,-1677.9873
15754,-986,-1487,15753.8477,-983.891052,-1486.01172
15987,-1135,-1515,15986.8467,-1132.89014,-1514.01184
15707,-1033,-1515,15706.8359,-1030.88953,-1514.01367
15980,-324,-1487,15980.2832,-320.241913,-1486.04102
16027,-371,-1515,16027.293,-367.239929,-1514.04395
15754,-550,-1487,15754.2627,-546.242371,-1486.03516
15821,-617,-1582,15821.8389,-615.55365,-1581.45569
16027,-371,-1515,16027.8389,-369.54361,-1514.45569
16048,-391,-1582,16048.8408,-389.543915,-1581.45874
16048,-391,-1582,16048.8447,-389.61499,-1582.53418
16028,-371,-1650,16028.8428,-369.615601,-1650.53723
15821,-617,-1582,15821.8652,-615.61853,-1582.50098
15754,-550,-1677,15754.2695,-546.116394,-1677.96289
16028,-371,-1650,16028.2402,-367.116669,-1650.97058
15980,-324,-1677,15980.2695,-320.11615,-1677.96289
16768,-286,-1484,16767.959,-283.717529,-1483.00085
16768,-353,-1513,16767.959,-350.7164,-1512.00085
16032,-290,-1486,16031.9561,-287.716461,-1485.00098
16032,-290,-1666,16031.9561,-287.571381,-1666.99902
16768,-353,-1645,16767.959,-350.566925,-1645.99915
16768,-286,-1674,16767.957,-283.565063,-1674.99902
16032,-290,-1666,16032.1152,-285.288513,-1666.99329
16028,-371,-1650,16028.1152,-366.283417,-1650.99329
16094,-353,-1645,16094.1064,-348.286743,-1645.99426
15980,-324,-1487,15980.2061,-321.117523,-1486.02148
16032,-290,-1486,16032.2148,-287.11731,-1485.02344
16027,-371,-1515,16027.2227,-368.116882,-1514.02515
15754,-550,-1677,15754.2549,-547.015564,-1677.9668
15801,-597,-1649,15801.2656,-594.018616,-1649.96387
16028,-371,-1650,16028.2832,-368.016937,-1650.95886
15821,-617,-1582,15821.832,-616.031616,-1582.55457
16028,-371,-1650,16028.8447,-370.034546,-1650.53467
15801,-597,-1649,15801.8428,-596.029419,-1649.53809
15821,-617,-1582,15821.8428,-615.59967,-1581.46179
15801,-597,-1515,15801.8633,-595.599121,-1514.49536
16027,-371,-1515,16027.834,-369.60025,-1514.44824
15754,-550,-1487,15754.2627,-546.242371,-1486.03516
16027,-371,-1515,16027.293,-367.239929,-1514.04395
15801,-597,-1515,15801.2861,-593.240356,-1514.04187
16032,-290,-1666,16032.3271,-286.133209,-1666.94495
15980,-324,-1677,15980.3154,-320.132782,-1677.94873
16028,-371,-1650,16028.3447,-367.133484,-1650.93848
16027,-371,-1515,16027.0986,-368.08609,-1514.00488
16032,-290,-1486,16032.0986,-287.082306,-1485.00488
16094,-353,-1515,16094.0986,-350.084503,-1514.00488
16032,-290,-1666,16031.9551,-286.918854,-1666.9989
16094,-353,-1645,16093.9561,-349.918671,-1645.99902
16768,-353,-1645,16767.959,-349.918274,-1645.99915
16032,-290,-1486,16031.9561,-287.60614,-1485.00098
16768,-353,-1513,16767.959,-350.593842,-1512.00085
16094,-353,-1515,16093.9561,-350.605164,-1514.00098
15665,-1078,-1458,15665.999,-1076.86084,-1458.04297
15707,-1034,-1514,15707.998,-1032.85986,-1514.06055
15688,-1054,-1582,15688.999,-1052.85974,-1582.04297
15845,-896,-1709,15845.998,-894.920471,-1708.94531
15755,-987,-1677,15755.998,-985.922058,-1676.94629
15802,-938,-1649,15802.998,-936.921631,-1648.96289
15665,-1078,-1458,15665.999,-1076.81274,-1458.04297
15754,-986,-1487,15754.998,-984.812561,-1487.06055
15707,-1034,-1514,15707.999,-1032.81323,-1514.04297
14156,-786,-1101,14155.126,-734.466797,-1100.51416
14214,-444,-989,14213.124,-392.548798,-988.5177
14286,-786,-882,14285.1279,-734.421021,-881.51062
14286,-786,-882,14285.1309,-722.460693,-881.505493
14214,-444,-989,14213.1318,-380.29184,-988.503723
14248,-416,-932,14247.126,-352.265106,-931.51416
14179,-416,-1047,14178.1279,-362.264618,-1046.51062
14214,-444,-989,14213.1348,-390.228546,-988.498657
14156,-786,-1101,14155.125,-732.505493,-1100.51599
14165,-349,-1071,14164.1016,-286.564514,-1070.56091
14179,-416,-1047,14178.1006,-353.551849,-1046.56299
14156,-786,-1101,14155.1104,-723.5448,-1100.54346
14248,-416,-932,14247.1416,-337.323029,-931.487061
14262,-349,-908,14261.1387,-270.325073,-907.492004
14286,-786,-882,14285.1445,-707.445068,-881.482178
10730,92,-1803,10729.9561,579.120789,-1803.99902
10730,-411,-1802,10729.9561,75.013092,-1802.99902
11421,369,-1803,11420.959,855.604675,-1803.99915
11683,6,-1732,11683.9697,8.6802721,-1731.75586
11675,8,-1692,11675.9736,10.6803865,-1691.77197
11705,23,-1803,11705.9746,25.6812458,-1802.77612
12090,-177,-1728,12090.4795,16.7027874,-1728.87744
12302,-177,-1610,12302.4775,17.2302437,-1610.87842
12090,-20,-1729,12090.4629,173.972717,-1729.88635
12090,-20,-1729,12090.0225,121.75705,-1729.99963
11853,-177,-1729,11853.0137,-34.7166443,-1729.99988
12090,-177,-1728,12090.0225,-35.0228539,-1728.99963
11705,23,-1417,11705.9785,25.6896725,-1417.20569
11675,8,-1528,11675.9746,10.6888142,-1528.22351
11683,6,-1488,11683.9785,8.68869972,-1488.20532
10566,92,-1802,10565.9561,553.521545,-1802.99902
10730,-411,-1802,10729.9561,48.9215851,-1802.99902
10730,92,-1803,10729.9561,553.029297,-1803.99902
10801,92,-1310,10800.9795,578.81311,-1310.99976
10801,-411,-1309,10800.9795,74.7054138,-1309.99976
11492,369,-1310,11492.0342,855.050842,-1310.99939
11846,369,-1309,11846.9785,373.852203,-1308.79395
11776,171,-1191,11776.9785,175.853043,-1190.79395
11776,369,-924,11776.9775,373.843872,-923.789307
11754,6,-1239,11754.9697,8.6802721,-1238.75586
11746,8,-1199,11746.9688,10.6803865,-1198.75208
11776,23,-1310,11776.9697,25.6812458,-1309.75586
12161,-177,-1235,12161.4648,17.6697903,-1235.88538
12373,-177,-1117,12373.4756,18.1972466,-1117.87952
12161,-20,-1236,12161.459,174.939713,-1236.88831
12161,-20,-1236,12161.0342,121.718773,-1236.99939
11924,-177,-1236,11924.0283,-34.7357826,-1236.99951
12161,-177,-1235,12161.0342,-35.0611305,-1235.99939
11776,23,-924,11776.9707,25.6868649,-924.239563
11746,8,-1035,11746.9746,10.6860056,-1035.22339
11754,6,-995,11754.9697,8.6858902,-995.24408
10637,92,-1309,10636.9561,555.798401,-1309.99902
10801,-411,-1309,10800.9561,51.1984367,-1309.99902
10801,92,-1310,10800.9561,555.244568,-1310.99902
11846,369,-1309,11846.9629,374.069672,-1308.73022
11776,142,-1214,11776.9648,147.090729,-1213.73718
11776,171,-1191,11776.9629,176.08873,-1190.73022
11776,23,-1310,11776.9707,27.2926884,-1309.75977
11776,142,-1214,11776.9639,146.295685,-1213.73364
11846,369,-1309,11846.9697,373.301697,-1308.75586
12323,275,-751,12322.9561,325.873138,-751.999023
12063,275,-751,12062.9561,325.873138,-751.999023
12323,23,-746,12322.9561,73.8654404,-746.999023
12351,-338,-497,12350.0205,-131.077484,-496.798523
12345,-338,-523,12344.0176,-131.077484,-522.813354
12345,-10,-517,12344.0215,196.497711,-516.793884
12351,-338,-497,12351.0381,-294.274109,-496.000732
12921,-86,-497,12921.042,-42.6033134,-496.000885
12921,-338,-502,12921.042,-294.595612,-501.000885
12921,-338,-746,12921.0381,-295.147919,-746.999268
12921,-86,-751,12921.0381,-43.1556053,-751.999268
12351,-338,-751,12351.041,-294.84024,-751.999084
10730,92,-817,10730.0186,578.413147,-817.999817
10730,-411,-816,10730.0186,74.3054276,-816.999817
11421,369,-817,11420.9961,854.835449,-817.999939
11683,6,-746,11683.9697,8.68308163,-745.755859
11675,8,-706,11675.9736,10.6831961,-705.771912
11705,23,-817,11705.9766,25.6840553,-816.78479
12090,-177,-742,12090.4609,18.4609756,-742.887268
12302,-177,-624,12302.4668,18.9884319,-624.884338
12090,-20,-743,12090.4883,175.818817,-743.872498
12090,-20,-743,12090.0283,121.938866,-743.999573
11853,-177,-743,11853.0381,-34.5826759,-743.999268
12090,-177,-742,12090.0439,-34.8984566,-742.999023
11705,23,-431,11705.9775,25.6868649,-431.210205
11675,8,-542,11675.9746,10.6860056,-542.223267
11683,6,-502,11683.9775,8.6858902,-502.209869
10566,92,-816,10565.9561,558.475281,-816.999023
10730,-411,-816,10729.9561,53.8752785,-816.999023
10730,92,-817,10729.9561,557.952209,-817.999023
12941,-338,-529,12940.001,-336.608551,-529.042969
13028,-444,-529,13027.001,-442.608002,-529.042969
12941,-338,-719,12940.001,-336.608551,-719.042969
13291,-420,-698,13290.9561,-416.578949,-698.999023
13394,-349,-719,13393.9561,-345.579926,-719.999023
13291,-342,-719,13290.9561,-338.577789,-719.999023
12941,-338,-719,12940.001,-336.608551,-719.042969
13028,-444,-529,13027.001,-442.608002,-529.042969
13028,-444,-624,13027.001,-442.608002,-624.042969
13875,-414,-707,13875.502,-411.136841,-706.135132
14262,-349,-908,14262.4951,-346.118988,-907.131226
14248,-416,-932,14248.502,-413.11911,-931.135132
13065,-376,-719,13064.9561,-311.075256,-719.999023
12941,-338,-719,12940.9561,-272.945679,-719.999023
13028,-444,-718,13027.9561,-379.02475,-718.999023
12941,-338,-719,12940.001,-336.608551,-719.042969
13028,-444,-624,13027.001,-442.608002,-624.042969
13028,-444,-718,13027.001,-442.608002,-718.042969
13189,-427,-705,13189.0879,-420.477478,-705.996094
13189,-350,-719,13189.0977,-343.471069,-719.995178
13028,-444,-718,13028.0859,-437.490479,-718.996216
14179,-416,-1047,14178.4736,-414.038849,-1047.84998
14165,-349,-1071,14164.4414,-347.040344,-1071.82922
13810,-414,-817,13809.4688,-412.03302,-817.846741
13291,-420,-550,13290.9561,-416.641907,-549.000977
13291,-342,-529,13290.9561,-338.637238,-528.000977
13394,-349,-528,13393.9561,-345.639954,-527.000977
13189,-427,-543,13189.0771,-423.723907,-542.002991
13291,-342,-529,13291.0762,-338.732056,-528.00293
13291,-420,-550,13291.0889,-416.727783,-549.003967
13065,-376,-530,13065.0889,-348.675537,-529.003967
13189,-427,-543,13189.0879,-399.707672,-542.003906
13028,-444,-529,13028.0762,-416.694733,-528.00293
13065,-376,-530,13065.0439,-369.618225,-529.000977
13189,-350,-529,13189.0439,-343.610657,-528.000977
13189,-427,-543,13189.0449,-420.609344,-542.001038
13189,-427,-543,13189.0439,-420.759552,-542.000977
13189,-350,-529,13189.0439,-343.760712,-528.000977
13291,-342,-529,13291.0439,-335.755341,-528.000977
13291,-420,-698,13291.042,-416.228241,-698.999084
13291,-342,-719,13291.041,-338.229675,-719.999146
13189,-350,-719,13189.042,-346.229675,-719.999084
13394,-417,-691,13394.0742,-414.522949,-691.997131
13394,-349,-719,13394.0752,-346.523407,-719.997131
13291,-420,-698,13291.0742,-417.523651,-698.997131
13394,-349,-528,13394.0762,-346.432068,-527.00293
13394,-417,-556,13394.0752,-414.430573,-555.002869
13291,-420,-550,13291.0605,-417.43161,-549.001892
13394,-417,-691,13393.9229,-414.727875,-691.997009
13446,-349,-723,13445.9111,-346.72995,-723.996033
13394,-349,-719,13393.9229,-346.729156,-719.997009
13394,-349,-528,13394.0879,-346.641327,-527.003906
13450,-349,-533,13450.0889,-346.641479,-532.003967
13394,-417,-556,13394.0879,-414.639404,-555.003906
13616,-349,-762,13615.5859,-346.207245,-762.910095
13810,-414,-817,13809.5967,-411.204071,-817.915039
13796,-350,-840,13795.5752,-347.204773,-840.905212
13875,-414,-707,13875.4053,-411.190491,-706.085815
13663,-417,-608,13663.4111,-414.19989,-607.08844
13889,-350,-684,13889.4238,-347.191193,-683.094299
13291,-420,-698,13291.0762,-415.474579,-698.99707
13189,-350,-719,13189.0762,-345.468842,-719.99707
13189,-427,-705,13189.0762,-422.467346,-705.99707
13394,-417,-556,13394.0986,-415.064728,-555.004883
13450,-349,-533,13450.0986,-347.069214,-532.004883
13449,-417,-561,13449.0879,-415.066803,-560.003906
13446,-417,-695,13445.9229,-414.728516,-695.997009
13446,-349,-723,13445.9111,-346.72995,-723.996033
13394,-417,-691,13393.9229,-414.727875,-691.997009
13810,-414,-817,13809.4639,-412.057312,-817.843628
14165,-349,-1071,14164.4482,-347.068268,-1071.83398
13796,-350,-840,13795.4639,-348.055481,-840.844116
13875,-414,-707,13875.5166,-411.098175,-706.143799
13889,-350,-684,13889.502,-347.098877,-683.135132
14262,-349,-908,14262.4932,-346.091583,-907.130066
13616,-349,-762,13615.7588,-346.996796,-762.970459
13446,-417,-695,13445.7598,-414.988403,-695.970581
13623,-417,-736,13622.7549,-414.995697,-736.969482
13672,-349,-581,13672.2061,-346.945831,-580.021484
13663,-417,-608,13663.1914,-414.944702,-607.018494
13449,-417,-561,13449.1953,-414.939606,-560.019287
13889,-350,-684,13889.415,-347.156586,-683.09021
13663,-417,-608,13663.4268,-414.161377,-607.095642
13672,-349,-581,13672.4141,-346.162811,-580.089783
13616,-349,-762,13615.6104,-346.038086,-762.920837
13623,-417,-736,13622.585,-414.039703,-736.909485
13810,-414,-817,13809.5879,-411.034027,-817.911133
13446,-349,-723,13445.7725,-346.959595,-723.973633
13446,-417,-695,13445.7725,-414.960815,-695.973755
13616,-349,-762,13615.7754,-346.966156,-762.974304
13672,-349,-581,13672.2002,-346.605408,-580.020264
13449,-417,-561,13449.2061,-414.604309,-560.021484
13450,-349,-533,13450.1953,-346.604126,-532.019287
18546,-8,-1452,18546.041,32.651722,-1451.00085
18850,226,-1452,18850.041,266.694794,-1451.00085
18549,-177,-1457,18549.041,-136.301285,-1456.00085
18850,226,-1452,18850.0371,272.84729,-1451.00073
18927,54,-1457,18927.041,100.938095,-1456.00085
18549,-177,-1457,18549.041,-130.006729,-1456.00085
18543,-177,-1685,18542.0156,-80.8587189,-1685.1748
18549,-177,-1711,18548.0215,-80.6774216,-1711.2052
18540,-10,-1680,18539.0215,86.2976532,-1680.2052
18549,-177,-1457,18548.0254,-144.052963,-1456.77612
18540,-10,-1472,18539.0273,23.0148296,-1471.76855
18546,-8,-1452,18545.0332,25.0792828,-1451.74451
18549,-177,-1457,18548.0273,-143.214066,-1456.76953
18543,-177,-1484,18542.0176,-143.214066,-1483.81348
18540,-10,-1472,18539.0156,23.7117195,-1471.82397
18540,-10,-1680,18539.0176,95.0775604,-1680.18555
18549,-177,-1711,18548.0156,-71.9058533,-1711.17529
18546,-8,-1706,18545.0254,97.1004868,-1706.22363
18540,-10,-1680,18539.002,36.5082245,-1680.06055
18540,-10,-1472,18539.002,36.5082245,-1472.06055
18543,-177,-1685,18542.002,-130.277863,-1685.06055
18543,-177,-1685,18542.002,-130.277863,-1685.06055
18540,-10,-1472,18539.002,36.5082245,-1472.06055
18543,-177,-1484,18542.002,-130.277863,-1484.06055
18549,-177,-1457,18549.0371,-137.36676,-1456.00073
18927,54,-1457,18927.0391,93.4865723,-1456.00085
18927,-177,-1462,18927.0391,-137.513443,-1461.00085
18927,-177,-1706,18927.0391,-139.578262,-1706.99915
18927,54,-1711,18927.0391,91.4217529,-1711.99915
18549,-177,-1711,18549.0371,-139.43158,-1711.99915
16932,92,-1772,16932.0215,568.659546,-1772.99976
16932,-411,-1771,16932.0215,64.5518799,-1771.99976
17623,369,-1772,17622.959,844.712708,-1772.99915
17885,6,-1701,17885.9707,8.67184448,-1700.75977
17877,8,-1661,17877.9707,10.6719599,-1660.76074
17907,23,-1772,17907.9785,25.6728191,-1771.79395
18292,-177,-1697,18292.4785,2.81310105,-1697.87793
18506,-174,-1577,18506.459,5.45038319,-1577.88757
18292,-20,-1698,18292.4785,159.819305,-1698.87793
18292,-20,-1698,18292.0332,114.197472,-1698.99939
18055,-177,-1698,18055.0293,-42.2762222,-1698.99939
18292,-177,-1697,18292.0371,-42.5632935,-1697.99927
17907,23,-1386,17907.9609,25.6756268,-1386.27551
17877,8,-1497,17877.9707,10.6803865,-1497.23975
17885,6,-1457,17885.9727,8.6802721,-1457.2312
16768,92,-1771,16767.957,534.075989,-1771.99902
16932,-411,-1771,16931.959,29.4760227,-1771.99915
16932,92,-1772,16931.959,533.58374,-1772.99915
18947,-177,-1489,18946.002,-176.082855,-1489.06055
19034,-284,-1484,19033.002,-283.081146,-1484.06055
18947,-177,-1679,18946.002,-176.082855,-1679.06055
19298,-300,-1653,19297.959,-296.493042,-1653.99915
19426,-240,-1674,19425.957,-236.496078,-1674.99902
19298,-220,-1674,19297.959,-216.494537,-1674.99915
18947,-177,-1679,18946.002,-176.082855,-1679.06055
19034,-284,-1484,19033.002,-283.081146,-1484.06055
19034,-284,-1579,19033.002,-283.081146,-1579.06055
19071,-215,-1679,19070.959,-204.583923,-1679.99915
18947,-177,-1679,18946.959,-166.570328,-1679.99915
19034,-284,-1673,19033.957,-273.570343,-1673.99902
18947,-177,-1679,18946.002,-176.082855,-1679.06055
19034,-284,-1579,19033.002,-283.081146,-1579.06055
19034,-284,-1673,19033.002,-283.081146,-1673.06055
19195,-293,-1662,19195.0586,-282.917664,-1662.99817
19195,-197,-1674,19195.041,-186.924545,-1674.99915
19034,-284,-1673,19034.0586,-273.93396,-1673.99817
19298,-300,-1505,19297.957,-296.664825,-1504.00098
19298,-220,-1484,19297.9375,-216.663422,-1483.00208
19426,-240,-1483,19425.9551,-236.666656,-1482.0011
19195,-293,-1496,19195.0742,-289.076111,-1495.00281
19298,-220,-1484,19298.0742,-216.077499,-1483.00281
19298,-300,-1505,19298.0586,-296.075562,-1504.00183
19071,-215,-1484,19071.0762,-192.545822,-1483.00293
19195,-293,-1496,19195.0742,-270.582886,-1495.00281
19034,-284,-1484,19034.0742,-261.553955,-1483.00281
19071,-215,-1484,19071.041,-206.505508,-1483.00085
19195,-197,-1484,19195.0371,-188.504089,-1483.00073
19195,-293,-1496,19195.0371,-284.49527,-1495.00073
19195,-293,-1496,19194.957,-284.203003,-1495.00098
19195,-197,-1484,19194.959,-188.208878,-1483.00085
19298,-220,-1484,19297.959,-211.202026,-1483.00085
19298,-300,-1653,19297.9238,-296.813477,-1653.99707
19298,-220,-1674,19297.9238,-216.813507,-1674.99707
19195,-197,-1674,19194.9375,-193.81012,-1674.99792
19426,-308,-1646,19426.041,-305.424286,-1646.99915
19426,-240,-1674,19426.0332,-237.427002,-1674.99939
19298,-300,-1653,19298.0391,-297.425812,-1653.99915
19426,-240,-1483,19426.041,-238.1521,-1482.00085
19426,-308,-1511,19426.041,-306.150024,-1510.00085
19298,-300,-1505,19298.041,-298.146271,-1504.00085
19426,-308,-1646,19425.9375,-305.035004,-1646.99792
19631,-269,-1674,19630.9395,-266.029602,-1674.99805
19426,-240,-1674,19425.9238,-237.035477,-1674.99707
19426,-240,-1483,19425.9238,-237.017014,-1482.00293
19631,-269,-1483,19630.9121,-266.011475,-1482.00391
19426,-308,-1511,19425.9238,-305.016235,-1510.00293
19298,-300,-1653,19298.0742,-291.862762,-1653.99719
19195,-197,-1674,19195.0742,-188.866898,-1674.99719
19195,-293,-1662,19195.0742,-284.863983,-1662.99719
19426,-308,-1511,19425.9238,-305.016235,-1510.00293
19631,-269,-1483,19630.9121,-266.011475,-1482.00391
19631,-337,-1511,19630.9395,-334.010681,-1510.00195
19631,-337,-1646,19630.9395,-334.029144,-1646.99805
19631,-269,-1674,19630.9395,-266.029602,-1674.99805
19426,-308,-1646,19425.9375,-305.035004,-1646.99792
19933,-286,-1674,19932.9551,-283.836426,-1674.9989
19631,-337,-1646,19630.957,-334.832855,-1646.99902
19933,-353,-1645,19932.959,-350.834534,-1645.99915
19933,-286,-1484,19932.959,-283.159943,-1483.00085
19933,-353,-1513,19932.959,-350.162354,-1512.00085
19631,-337,-1511,19630.959,-334.170837,-1510.00085
19631,-269,-1674,19630.9551,-266.363708,-1674.9989
19631,-337,-1646,19630.957,-334.364532,-1646.99902
19933,-286,-1674,19932.9551,-283.360535,-1674.9989
19933,-286,-1484,19932.959,-283.808868,-1483.00085
19631,-337,-1511,19630.957,-334.805878,-1510.00098
19631,-269,-1483,19630.957,-266.80603,-1482.00098
20097,92,-1772,20097.002,563.1828,-1772.99988
20097,-411,-1771,20097.002,59.075119,-1771.99988
20788,369,-1772,20787.959,839.174377,-1772.99915
21050,6,-1701,21050.9688,8.66903591,-1700.75208
21042,8,-1661,21042.9629,10.6691504,-1660.73022
21072,23,-1772,21072.9688,25.6700096,-1771.75208
21457,-177,-1697,21457.4648,29.8891983,-1697.88477
21669,-177,-1579,21669.4688,30.4166546,-1579.88281
21457,-20,-1698,21457.4668,187.24704,-1698.88379
21457,-20,-1698,21457.0391,110.312424,-1698.99915
21220,-177,-1698,21220.0332,-46.1229935,-1698.99939
21457,-177,-1697,21457.041,-46.4292068,-1697.99915
21072,23,-1386,21072.9688,25.6756268,-1386.24609
21042,8,-1497,21042.9629,10.6747684,-1497.26892
21050,6,-1457,21050.9688,8.67465401,-1457.24609
19933,92,-1771,19932.959,524.16864,-1771.99915
20097,-411,-1771,20096.959,19.5070972,-1771.99915
20097,92,-1772,20096.959,523.614807,-1772.99915
18786,92,-2249,18786.043,565.644287,-2249.99902
18786,-411,-2248,18786.043,61.5365829,-2248.99902
19477,369,-2249,19476.957,841.943542,-2249.99902
19739,6,-2178,19739.9727,8.66903591,-2177.76782
19731,8,-2138,19731.9668,10.6691504,-2137.74512
19761,23,-2249,19761.9727,25.6700096,-2248.76782
20146,-177,-2174,20146.4648,27.251915,-2174.88477
20358,-177,-2056,20358.4707,27.7793713,-2056.88184
20146,-20,-2175,20146.4707,184.609756,-2175.88184
20146,-20,-2175,20146.0215,111.881752,-2175.99976
19909,-177,-2175,19908.9863,-44.5919418,-2175.99976
20146,-177,-2174,20146.0215,-44.8981514,-2174.99976
19761,23,-1863,19761.9668,26.478178,-1863.25391
19731,8,-1975,19731.9707,11.4794445,-1975.23926
19739,6,-1935,19739.9707,9.48076534,-1935.23926
18622,92,-2248,18621.957,525.891663,-2248.99902
18786,-411,-2248,18785.957,21.2916584,-2248.99902
18786,92,-2249,18785.957,525.399353,-2249.99902
18786,92,-1273,18785.9668,564.598145,-1273.99939
18786,-411,-1272,18785.9668,60.4904633,-1272.99939
19477,369,-1273,19477.0215,841.143555,-1273.99963
19739,6,-1202,19739.9707,8.67465401,-1201.75977
19731,8,-1162,19731.9668,10.6747684,-1161.74512
19761,23,-1273,19761.9727,25.6756268,-1272.76782
20146,-177,-1198,20146.4766,29.1859226,-1198.87878
20358,-177,-1080,20358.4805,29.7133789,-1080.87683
20146,-20,-1199,20146.4648,186.367935,-1199.88477
20146,-20,-1199,20146.0371,112.053993,-1199.99927
19909,-177,-1199,19909.0293,-44.4196968,-1199.99939
20146,-177,-1198,20146.0371,-44.7259064,-1198.99927
19761,23,-887,19761.9746,25.6812458,-887.223022
19731,8,-998,19731.9688,10.6803865,-998.246094
19739,6,-958,19739.9746,8.6802721,-958.222717
18622,92,-1272,18621.959,530.814575,-1272.99915
18786,-411,-1272,18785.957,26.1530476,-1272.99902
18786,92,-1273,18785.957,530.260742,-1273.99902
6619,-256,-2697,6619.06152,-249.112427,-2697.99805
6495,-215,-2711,6495.05957,-208.110306,-2711.99805
6458,-284,-2704,6458.04395,-277.101685,-2704.99902
9757,-156,-1579,9757.04395,-153.704071,-1578.00098
9755,-221,-1605,9755.04395,-218.704376,-1604.00098
9577,-153,-1569,9577.04395,-150.69989,-1568.00098
9734,-147,-1022,9734.04199,-144.340424,-1021.00092
9732,-214,-1050,9732.04297,-211.339172,-1049.00098
9555,-224,-1050,9555.04395,-221.343445,-1049.00098
13028,-444,-718,13028.0312,-384.822815,-718.999451
13189,-350,-719,13189.0264,-290.85141,-719.999634
13065,-376,-719,13065.0303,-316.843262,-719.999512
17088,-458,-1035,17088.041,-455.274231,-1034.00085
17129,-512,-1055,17129.043,-509.2724,-1054.00098
16926,-602,-1073,16926.0586,-599.26355,-1072.00183
17118,-361,-1938,17118.2832,-358.470581,-1937.04102
17128,-426,-1965,17128.2812,-423.469879,-1964.04041
17000,-408,-1919,17000.2832,-405.467834,-1918.04102
19034,-284,-1673,19034.041,-277.515198,-1673.99915
19195,-197,-1674,19195.041,-190.521774,-1674.99915
19071,-215,-1679,19071.041,-208.512329,-1679.99915
