357,339,747,356.957245,377.409058,747.999084
100,200,739,99.957222,238.25441,739.999084
0,265,739,-0.043009311,303.205688,739.999023
752,200,-205,752.979309,208.720856,-204.797638
737,339,-49,737.979309,347.719574,-48.7976608
742,339,-74,742.979309,347.716888,-73.7976608
-752,339,357,-752.731567,575.796692,357.681763
-730,0,378,-730.73053,236.807053,378.6828
-750,0,357,-750.731506,236.82135,357.681793
-729,0,-378,-729.702209,242.678726,-378.711914
-752,339,-357,-752.702271,580.931152,-357.711884
-750,0,-357,-750.701233,242.678726,-357.712921
-408,0,-708,-408.677734,26.4898491,-708.735291
-583,185,-554,-583.680237,211.441147,-554.732971
-728,0,-409,-728.685547,26.5093441,-409.727966
728,0,-408,728.685547,26.96772,-408.728027
568,170,-568,568.678345,197.032074,-568.734741
413,0,-706,413.680054,27.0339432,-706.733154
737,0,-49,737.999023,27.1123009,-48.9558182
752,200,-205,752.999023,227.015366,-204.955826
752,0,-357,752.999084,27.0677109,-356.957245
752,0,357,752.997986,26.8940907,356.936584
752,200,205,752.998047,226.940536,204.937546
737,0,51,737.999023,26.8497562,50.9558182
-730,442,378,-730.989075,443.155365,378.146912
-678,396,451,-678.989075,397.154541,451.147064
-685,396,406,-685.989136,397.154541,406.146851
-721,396,49,-721.759033,397.503143,48.3489494
-726,449,0,-726.771667,450.502899,-0.635973573
-742,396,74,-742.764954,397.503418,73.3559189
-718,396,-328,-718.755981,397.348236,-328.654541
-729,452,-378,-729.755981,453.346527,-378.654572
-745,396,-297,-745.755981,397.348938,-297.65448
451,396,-678,451.145233,397.869476,-678.98938
413,437,-706,413.145081,438.867706,-706.98938
406,396,-685,406.145294,397.868835,-685.98938
-726,449,0,-726.999023,450.969635,-0.043009311
-699,396,37,-699.999084,397.96991,36.957222
-699,396,-37,-699.999084,397.96991,-37.0425262
-699,396,37,-699.477661,397.1604,36.1214561
-726,449,0,-726.479492,450.159119,-0.877536952
-721,396,49,-721.4776,397.160492,48.1214256
-721,396,-49,-721.479614,397.160492,-48.1225243
-726,449,0,-726.479492,450.159119,0.877536952
-699,396,-37,-699.479492,397.1604,-36.1224556
-669,396,-387,-669.911682,397.109406,-387.410828
-729,452,-378,-729.911743,453.109863,-378.410706
-694,396,-332,-694.911682,397.109589,-332.410706
-685,396,-406,-685.762817,397.085205,-405.353424
-729,452,-378,-729.762939,453.085205,-377.353546
-669,396,-387,-669.762817,397.085175,-386.353424
-694,396,-332,-694.166016,397.089874,-332.986115
-729,452,-378,-729.166016,453.089691,-378.986115
-718,396,-328,-718.166199,397.089691,-328.986084
-387,396,-669,-386.353485,397.229248,-669.762878
-406,437,-729,-405.353424,438.230377,-729.762817
-406,396,-685,-405.353699,397.22934,-685.763062
406,396,-685,405.353607,399.531952,-685.763
413,437,-706,412.35498,440.531097,-706.76416
387,396,-669,386.353607,399.532074,-669.763
387,396,-669,386.730133,397.438293,-669.962891
413,437,-706,412.729919,438.439117,-706.96283
291,435,-671,290.737183,436.439667,-671.964844
721,396,-49,721.765808,397.031525,-48.3569336
726,433,0,726.760986,434.032074,0.648766279
742,396,-74,742.765747,397.030731,-73.3569031
726,433,0,726.998962,434.376282,-0.043009311
699,396,-37,699.999084,397.376007,-37.0425262
699,396,37,699.999084,397.376007,36.957222
0,433,729,-0.043009311,434.227844,729.998962
37,396,699,36.9558182,397.228333,699.999023
-37,396,699,-37.0425262,397.228333,699.999023
726,433,0,726.760986,434.032074,-0.648766279
721,396,49,721.759705,397.031525,48.3497353
742,396,74,742.759949,397.030731,73.3500214
-678,396,-451,-678.989136,397.441345,-451.146637
-729,452,-378,-729.989136,453.442322,-378.146729
-685,396,-406,-685.989136,397.441467,-406.14682
-742,396,-74,-742.765869,397.503418,-73.3570099
-726,449,0,-726.766113,450.502991,0.642703176
-721,396,-49,-721.765808,397.503204,-48.3569336
-745,396,297,-745.755066,397.0784,297.65564
-730,442,378,-730.755066,443.077698,378.655609
-718,396,328,-718.755005,397.078766,328.65564
0,265,739,0.043140281,288.540833,739.999023
-100,200,739,-99.957222,223.505402,739.999084
-357,339,752,-356.955841,362.423462,752.999023
-583,185,-554,-583.679199,207.468216,-554.733948
-408,0,-708,-408.678772,22.4500961,-708.734314
-408,339,-729,-408.68222,361.559906,-729.73114
-750,200,-205,-750.999084,368.641602,-204.95723
-750,0,-357,-750.999207,168.616623,-356.960175
-752,339,-357,-752.999207,508.150299,-356.960175
-750,0,357,-750.999084,168.595886,356.957245
-750,200,205,-750.999084,368.641602,204.95723
-752,339,357,-752.999084,508.129578,356.957245
0,265,739,0.0430825837,301.94342,739.999023
-297,339,745,-296.958679,375.830688,745.999146
-74,339,742,-73.9586716,375.929901,742.999146
0,265,739,-0.0430825837,301.94342,739.999023
74,339,742,73.957222,375.927643,742.999084
297,339,745,296.957245,375.82843,745.999084
737,339,51,737.975403,346.638062,50.7795715
752,200,205,752.975403,207.623138,204.779572
742,339,74,742.975403,346.635712,73.7795715
-406,437,-729,-406.711975,446.721008,-729.702087
-678,396,-451,-678.702637,405.724945,-451.711548
-451,396,-678,-451.711975,405.724335,-678.702148
378,1166,730,377.957245,1888.03125,730.999084
0,433,729,-0.043009311,1159.8313,729.999023
-378,430,729,-378.042267,1159.87573,729.999084
568,170,-568,568.666992,239.559006,-568.745056
451,339,-678,451.67981,408.417023,-678.733337
413,0,-706,413.67984,69.4547195,-706.733337
-359,396,-682,-358.537109,397.930725,-682.886414
-291,435,-671,-290.537811,436.930725,-671.88678
-406,437,-729,-405.537811,438.930908,-729.88678
-196,184,-668,-196.042267,267.90509,-668.999084
-237,435,-671,-237.042267,518.657654,-671.999084
-291,435,-671,-291.042267,518.657654,-671.999084
-171,339,-726,-171.749512,346.690765,-726.661987
-237,435,-671,-237.749359,442.689728,-671.662109
-196,184,-668,-196.749374,191.687881,-668.662109
-237,435,-671,-237.042267,473.703491,-671.999084
-408,1166,-690,-408.042267,1205.03723,-690.999084
-291,435,-671,-291.042267,473.703491,-671.999084
-237,435,-671,-237.042267,473.703491,-671.999084
-171,1166,-690,-171.042267,1205.03723,-690.999084
-408,1166,-690,-408.042267,1205.03723,-690.999084
-196,184,-668,-196.042267,267.90509,-668.999084
-291,435,-671,-291.042267,518.657654,-671.999084
-332,184,-668,-332.042267,267.90509,-668.999084
-408,0,-708,-408.169464,16.5052547,-708.985535
-360,126,-724,-360.169464,142.518433,-724.985535
-408,339,-729,-408.169464,355.533478,-729.985535
237,435,-671,236.95723,473.703491,-671.999084
291,435,-671,290.957245,473.703491,-671.999084
177,1166,-690,176.95723,1205.03723,-690.999084
177,1166,-690,176.95723,1205.03723,-690.999084
291,435,-671,290.957245,473.703491,-671.999084
409,1166,-690,408.957245,1205.03723,-690.999084
-332,184,-668,-331.779419,204.445328,-668.975342
-291,435,-671,-290.779572,455.466583,-671.975403
-359,339,-682,-358.779419,359.455688,-682.975342
332,184,-673,331.337189,193.782578,-673.748779
332,339,-694,331.3367,348.760986,-694.748352
291,435,-671,290.335602,444.750519,-671.747375
177,339,-726,177.772675,347.354462,-726.634766
196,184,-673,196.774155,192.335388,-673.632996
237,435,-671,237.772751,443.358612,-671.634705
337,126,-736,336.00293,230.714111,-736.076294
332,339,-694,331.00293,444.072998,-694.076233
332,184,-673,331.002014,288.862976,-673.063416
