120,307,396,119.955818,327.866821,395.000977
-134,307,396,-134.043274,327.867462,395.000946
-134,286,397,-134.043274,306.87326,396.000946
120,307,396,119.955818,327.866821,395.000977
-134,286,397,-134.043274,306.87326,396.000946
120,286,397,119.955818,306.87262,396.000977
-106,281,356,-105.222496,282.170563,356.628876
-106,295,375,-105.223335,296.170868,375.629913
-96,304,375,-95.2221527,305.170898,375.628448
-106,281,356,-105.127419,282.277771,356.488464
-96,304,375,-95.1274185,305.277252,375.488464
-96,286,346,-95.1274185,287.277771,346.488464
-96,286,346,-96.8264236,287.102203,346.562988
-96,304,375,-96.8174057,305.102783,375.57605
-86,295,375,-86.8180771,296.10257,375.575104
-96,286,346,-96.8645401,287.442719,346.502563
-86,295,375,-86.8645401,296.443176,375.502563
-86,281,356,-86.8645401,282.442963,356.502563
-9,286,346,-9.8223114,287.101593,346.569031
-9,304,375,-9.8223114,305.102173,375.569031
1,295,375,0.176293656,296.101929,375.567017
-9,286,346,-9.86335659,287.443207,346.504578
1,295,375,0.141484067,296.443787,375.512787
1,281,356,0.141392991,282.443542,356.512634
-19,281,356,-18.2223969,282.169159,356.628754
-19,295,375,-18.2234097,296.169464,375.630005
-9,304,375,-8.22579479,305.169525,375.632935
-19,281,356,-18.1274166,282.275726,356.488464
-9,304,375,-8.12463379,305.275269,375.483459
-9,286,346,-8.12542725,287.275787,346.484894
64,281,356,64.7761993,282.167816,356.630463
64,295,375,64.7761993,296.168091,375.630463
74,304,375,74.776207,305.168152,375.630463
64,281,356,64.8725815,282.273834,356.488464
74,304,375,74.8724976,305.273315,375.488617
74,286,346,74.8724976,287.273834,346.488617
74,286,346,73.1811981,287.100891,346.574066
74,304,375,73.1811981,305.101471,375.574066
84,295,375,83.1811981,296.101227,375.574066
74,286,346,73.1350174,287.443665,346.501801
84,295,375,83.1348419,296.444153,375.501495
84,281,356,83.1348419,282.443939,356.501495
34,148,335,34.5024147,152.663818,335.864624
50,218,343,50.5021744,222.667511,343.864746
74,218,329,74.502182,222.667801,329.864746
34,148,335,34.4369049,153.604843,335.899506
74,218,329,74.4365234,223.604782,329.899689
78,148,313,78.4370956,153.604843,313.899414
34,148,400,34.9999123,152.379974,399.986755
50,218,370,50.9999123,222.382446,369.986755
50,218,343,50.9999123,222.382446,342.986755
34,148,400,34.9999123,152.379974,399.986755
50,218,343,50.9999123,222.382446,342.986755
34,148,335,34.9999123,152.379974,334.986755
78,148,400,78.4972763,153.947952,399.132416
74,218,384,74.4981308,223.946915,383.132904
50,218,370,50.497448,223.948013,369.132507
78,148,400,77.9558182,150.314285,399.000977
50,218,370,49.9558182,220.312698,369.000977
34,148,400,33.9558182,150.314285,399.000977
121,148,400,120.478737,149.842484,399.146606
97,218,370,96.4788361,219.842896,369.146545
74,218,384,73.4787369,219.843536,383.146606
121,148,400,120.955818,152.38736,399.000977
74,218,384,73.9558182,222.389877,383.000977
78,148,400,77.9558182,152.38736,399.000977
121,148,335,120.000938,150.913712,334.956696
97,218,343,96.0009384,220.915039,342.956696
97,218,370,96.0009384,220.915039,369.956696
121,148,335,120.000938,150.913712,334.956696
97,218,370,96.0009384,220.915039,369.956696
121,148,400,120.000938,150.913712,399.956696
78,148,313,77.4724426,152.446823,313.849518
74,218,329,73.4716568,222.450943,329.84903
97,218,343,96.4715576,222.449829,343.848969
78,148,313,77.5402756,151.856918,313.888062
97,218,343,96.5397491,221.85466,343.887787
121,148,335,120.541107,151.853973,335.888489
-9,148,313,-9.52094078,153.1315,313.853577
-9,218,329,-9.52080631,223.132385,329.853668
14,218,343,13.4771929,223.13414,343.852448
-9,148,313,-9.46993065,152.31189,313.88269
14,218,343,13.529645,222.308258,343.882477
34,148,335,33.5397453,152.312012,335.887787
34,148,335,33.0009384,151.49408,334.956696
14,218,343,13.0009375,221.491867,342.956726
14,218,370,13.0009375,221.491867,369.956726
34,148,335,33.0009384,151.49408,334.956696
14,218,370,13.0009375,221.491867,369.956726
34,148,400,33.0009384,151.49408,399.956696
34,148,400,33.4788361,149.947403,399.146545
14,218,370,13.4721947,219.947998,369.150635
-9,218,384,-9.52585125,219.948593,383.149445
34,148,400,33.9558182,152.38736,399.000977
-9,218,384,-9.04361343,222.389877,383.000977
-9,148,400,-9.04361343,152.38736,399.000977
-9,148,400,-8.49742317,153.087173,399.135468
-9,218,384,-8.49742317,223.084412,383.135468
-33,218,370,-32.500824,223.082047,369.133514
-9,148,400,-9.04361343,150.314285,399.000977
-33,218,370,-33.0435257,220.312698,369.000977
-53,148,400,-53.0435257,150.314285,399.000977
-53,148,400,-52.0000877,151.497604,399.986755
-33,218,370,-32.0000877,221.495392,369.986755
-33,218,343,-32.0000877,221.495392,342.986755
-53,148,400,-52.0000877,151.497604,399.986755
-33,218,343,-32.0000877,221.495392,342.986755
-53,148,335,-52.0000877,151.497604,334.986755
-53,148,335,-52.4959068,152.106964,335.863647
-33,218,343,-32.4958267,222.104309,343.863586
-9,218,329,-8.49257278,222.105606,329.861694
-53,148,335,-52.5617905,152.90506,335.898865
-9,218,329,-8.57245064,222.906433,329.903992
-9,148,313,-8.57242298,152.904144,313.903961
-140,148,335,-139.497482,152.102829,335.864563
-120,218,343,-119.495857,222.100235,343.863617
-96,218,329,-95.4959106,222.101532,329.863647
-140,148,335,-139.56398,152.903458,335.899933
-96,218,329,-95.5618439,222.905746,329.898895
-96,148,313,-95.5618439,152.90361,313.898895
-140,148,400,-139.0009,151.497208,399.957581
-120,218,370,-119.000092,221.497833,369.986481
-120,218,343,-119.000092,221.497833,342.986481
-140,148,400,-139.0009,151.497208,399.957581
-120,218,343,-119.000092,221.497833,342.986481
-140,148,335,-139.0009,151.497208,334.957581
-96,198,400,-95.5009079,199.442062,399.133453
-96,218,384,-95.500824,219.442032,383.133514
-120,218,370,-119.500824,219.441925,369.133514
-96,198,400,-95.4179764,199.954285,399.186829
-120,218,370,-119.424866,219.953873,369.181946
-140,148,400,-139.410843,149.95401,399.191986
-53,148,400,-53.5192947,149.949127,399.145416
-73,218,370,-73.5149155,219.949768,369.142761
-96,218,384,-96.5194473,219.950394,383.145508
-53,148,400,-53.6801834,149.699219,399.266968
-96,218,384,-96.680191,219.700012,383.266968
-96,198,400,-96.680191,199.699295,399.266968
-53,148,335,-53.9990578,151.491608,334.956604
-73,218,343,-73.9990616,221.489395,342.956696
-73,218,370,-73.9990616,221.489395,369.956696
-53,148,335,-53.9990578,151.491608,334.956604
-73,218,370,-73.9990616,221.489395,369.956696
-53,148,400,-53.9990578,151.491608,399.956604
-96,148,313,-96.5272598,153.126251,313.849701
-96,218,329,-96.5272598,223.127289,329.849701
-73,218,343,-73.5272598,223.128891,343.849701
-96,148,313,-96.4582977,152.314316,313.888794
-73,218,343,-73.4582977,222.310699,343.888794
-53,148,335,-53.458477,152.314041,335.888702
119,-8,-266,119.26693,-6.96607399,-265.036285
73,0,-245,73.2663803,1.0342319,-244.036133
119,0,-258,119.266373,1.03392386,-257.036133
70,-8,-252,70.2654343,-6.93480158,-251.035873
73,0,-245,73.2654877,1.06524277,-244.035889
119,-8,-266,119.265923,-6.93386841,-265.036011
30,-8,-217,30.6600914,-6.89699507,-216.248825
73,0,-245,73.6601105,1.10305595,-244.24884
70,-8,-252,70.6601028,-6.89699507,-251.248825
-46,32,231,-46.1775017,129.752762,231.984116
-60,-4,228,-60.177494,93.6926651,228.984116
-62,32,228,-62.1775093,129.740814,228.984116
-23,32,254,-23.8404751,53.4392204,254.54184
-30,-4,240,-30.8405304,17.4465275,240.541763
-32,32,240,-32.8405113,53.4372597,240.541794
-32,32,240,-32.5462494,65.1677246,240.837616
-30,-4,240,-30.5462551,29.1698418,240.837616
-46,32,231,-46.5462494,65.1717911,231.837616
-20,32,270,-20.9828625,50.3628998,270.184326
-18,-4,270,-18.9829159,14.371973,270.184052
-23,32,254,-23.9828644,50.3595428,254.184326
-20,32,306,-20.9990616,49.9769211,305.956696
-18,-4,270,-18.9990616,13.9846191,269.956696
-20,32,270,-20.9990616,49.9769211,269.956696
-20,32,306,-20.9990616,49.9769211,305.956696
-18,-4,306,-18.9990616,13.9846191,305.956696
-18,-4,270,-18.9990616,13.9846191,269.956696
-23,32,254,-23.9828644,50.3595428,254.184326
-18,-4,270,-18.9829159,14.371973,270.184052
-21,-4,254,-21.9828625,14.3684759,254.184326
-23,32,254,-23.8404751,53.4392204,254.54184
-21,-4,254,-21.8404789,17.4484882,254.54184
-30,-4,240,-30.8405304,17.4465275,240.541763
-46,32,231,-46.5462494,65.1717911,231.837616
-30,-4,240,-30.5462551,29.1698418,240.837616
-44,-4,231,-44.5462494,29.1739063,231.837616
-46,32,231,-46.1775017,129.752762,231.984116
-44,-4,231,-44.1774826,93.7046051,231.984116
-60,-4,228,-60.177494,93.6926651,228.984116
-260,286,294,-260.901825,287.594818,294.432007
-251,265,282,-251.901825,266.594147,282.432068
-260,269,269,-260.902466,270.594299,269.430756
-260,286,294,-260.993866,288.009125,293.889435
-251,265,306,-251.991928,267.009094,305.873199
-249,264,294,-249.993851,266.009094,293.889282
-251,265,306,-251.988831,270.661865,305.850983
-242,225,294,-242.988831,230.659424,293.850983
-249,264,294,-249.988831,269.661377,293.850983
-260,286,294,-260.901886,287.587372,293.568054
-260,269,319,-260.901886,270.586792,318.568054
-251,265,306,-251.901962,266.5867,305.568207
-251,265,306,-251.811035,403.135437,305.415009
-260,225,319,-260.811005,363.109467,318.414978
-242,225,294,-242.810989,363.055084,293.414948
-260,286,294,-260.991913,288.018219,294.12674
-249,264,294,-249.992905,266.018219,294.118805
-251,265,282,-251.991913,267.018036,282.126862
-242,225,294,-242.988861,230.636887,294.148834
-251,265,282,-251.988815,270.639343,282.149078
-249,264,294,-249.988831,269.638855,294.149017
-251,265,282,-251.808029,402.142548,282.589142
-242,225,294,-242.809448,362.06427,294.587189
-260,225,269,-260.808228,362.118652,269.588867
-260,286,154,-260.901825,287.593048,154.432022
-251,265,142,-251.901825,266.592377,142.432053
-260,269,129,-260.901825,270.592468,129.432037
-260,286,154,-260.993866,288.011261,153.88942
-251,265,166,-251.991943,267.011261,165.873322
-249,264,154,-249.99292,266.011414,153.881226
-251,265,166,-251.988846,270.656525,165.851059
-242,225,154,-242.988831,230.654007,153.850983
-249,264,154,-249.988831,269.655945,153.850983
-260,286,154,-260.902405,287.589172,153.569122
-260,269,179,-260.902466,270.588593,178.569244
-251,265,166,-251.901901,266.58847,165.568069
-251,265,166,-251.811127,402.899841,165.415131
-260,225,179,-260.812225,362.874908,178.416656
-242,225,154,-242.811081,362.820526,153.41507
-260,286,154,-260.993011,288.016113,154.118011
-249,264,154,-249.992905,266.016083,154.118835
-251,265,142,-251.991913,267.01593,142.126892
-242,225,154,-242.988815,230.642212,154.149048
-251,265,142,-251.988815,270.644653,142.149017
-249,264,154,-249.988815,269.644165,154.149063
-251,265,142,-251.807999,402.376831,142.589172
-242,225,154,-242.808151,362.298553,154.588974
-260,225,129,-260.808014,362.352966,129.589157
-260,211,14,-260.911438,212.689468,14.4114361
-251,189,2,-251.913498,190.688614,2.40684056
-260,194,-11,-260.91806,195.688431,-10.6035595
-260,211,14,-260.991974,213.11232,13.873558
-251,189,26,-251.992828,191.112457,25.8805161
-249,188,14,-249.991837,190.112244,13.8724852
-251,189,26,-251.989792,194.514252,25.8575287
-242,150,14,-242.988037,155.510834,13.8457842
-249,188,14,-249.988037,193.514282,13.8457842
-260,211,14,-260.914001,212.688797,13.5942898
-260,194,39,-260.912506,195.687759,38.5909386
-251,189,26,-251.912567,190.687881,25.591074
-251,189,26,-251.813065,323.332977,25.4178276
-260,150,39,-260.808746,284.287231,38.4118462
-242,150,14,-242.814056,284.234192,13.4192142
-260,211,14,-260.991913,213.111755,14.1269178
-249,188,14,-249.991837,190.111664,14.1274548
-251,189,2,-251.992889,191.111893,2.11896062
-242,150,14,-242.989807,155.510666,14.1423759
-251,189,2,-251.988983,194.51442,2.14802718
-249,188,14,-249.989807,193.514114,14.1423759
-251,189,2,-251.816055,323.288086,2.5779705
-242,150,14,-242.812012,284.193359,14.5836382
-260,150,-11,-260.812042,284.246429,-10.4164019
-260,125,-126,-260.900024,126.58709,-125.564163
-251,104,-138,-251.90184,105.586418,-137.567932
-260,108,-151,-260.901947,109.586548,-150.568161
-260,125,-126,-260.992859,127.014458,-126.11927
-251,104,-114,-251.992844,106.014244,-114.119354
-249,103,-126,-249.992828,105.014442,-126.119408
-251,104,-114,-251.989792,109.637878,-114.142418
-242,64,-126,-242.989807,69.6354294,-126.14241
-249,103,-126,-249.989792,108.637383,-126.142464
-260,125,-126,-260.899445,126.590286,-126.437035
-260,108,-101,-260.898865,109.589691,-101.438225
-251,104,-114,-251.899139,105.589584,-114.43766
-251,104,-114,-251.813019,241.214401,-114.582214
-260,64,-101,-260.813019,201.190506,-101.582222
-242,64,-126,-242.813019,201.136124,-126.58223
-260,125,-126,-260.992859,127.010612,-125.880707
-249,103,-126,-249.992859,105.010597,-125.880707
-251,104,-138,-251.992905,106.010399,-137.881134
-242,64,-126,-242.988953,69.6452942,-125.851768
-251,104,-138,-251.988831,109.647743,-137.850967
-249,103,-126,-249.988953,108.647247,-125.851768
-251,104,-138,-251.808945,241.636978,-137.412125
-242,64,-126,-242.804108,201.548248,-125.405518
-260,64,-151,-260.809235,201.612045,-150.412521
-260,125,-246,-260.901886,126.585587,-245.568039
-251,104,-258,-251.90184,105.5849,-257.567932
-260,108,-271,-260.902191,109.585022,-270.568665
-260,125,-246,-260.993835,127.016106,-246.110611
-251,104,-234,-251.991943,106.016129,-234.126678
-249,103,-246,-249.993851,105.016129,-246.110672
-251,104,-234,-251.988831,109.633507,-234.149017
-242,64,-246,-242.988846,69.6310654,-246.148926
-249,103,-246,-249.988937,108.633018,-246.148331
-260,125,-246,-260.901886,126.591827,-246.431946
-260,108,-221,-260.901886,109.591255,-221.431931
-251,104,-234,-251.901871,105.591156,-234.431992
-251,104,-234,-251.810944,241.009384,-234.585083
-260,64,-221,-260.810974,200.985504,-221.585068
-242,64,-246,-242.810989,200.931107,-246.585052
-260,125,-246,-260.992981,127.008759,-245.881729
-249,103,-246,-249.992905,105.008743,-245.881134
-251,104,-258,-251.991913,106.008575,-257.873108
-242,64,-246,-242.988831,69.6498413,-245.850967
-251,104,-258,-251.988815,109.652283,-257.850922
-249,103,-246,-249.988831,108.651794,-245.850967
-251,104,-258,-251.808029,241.838333,-257.410858
-242,64,-246,-242.808884,201.760056,-245.412033
-260,64,-271,-260.809448,201.814453,-270.412811
