330,75,-1234,329.955841,79.0039291,-1234.99902
90,75,-1234,89.9558182,79.0039291,-1234.99902
90,0,-1215,89.9558182,4.00534582,-1215.99902
330,75,-1234,329.955841,79.0039291,-1234.99902
90,0,-1215,89.9558182,4.00534582,-1215.99902
330,0,-1215,329.955841,4.00534582,-1215.99902
330,0,-1065,329.955841,4.44824505,-1064.00098
89,0,-1067,88.9554749,4.44049549,-1066.0011
94,75,-1050,93.9558182,79.4445724,-1049.00098
330,75,-1046,329.955841,78.9948578,-1045.00098
330,0,-1065,329.955841,3.99888372,-1064.00098
94,75,-1050,93.9558182,78.9864044,-1049.00098
-94,75,-600,-94.9990692,78.9463272,-600.042969
-75,0,-600,-75.9990692,3.94743752,-600.042969
-75,0,-1050,-75.9990692,3.94743752,-1050.04297
-94,75,-600,-94.9990692,78.9463272,-600.042969
-75,0,-1050,-75.9990692,3.94743752,-1050.04297
-94,75,-1050,-94.9990692,78.9463272,-1050.04297
75,0,-600,75.9999161,3.95079279,-600.012695
94,75,-600,94.9999161,78.9496536,-600.012695
94,75,-1050,94.9999161,78.9496536,-1050.0127
75,0,-600,75.9999161,3.7472496,-600.012695
94,75,-1050,94.9999161,78.7453766,-1050.0127
74,0,-1052,74.9999161,3.74476171,-1052.0127
94,75,-1050,94.7100754,79.8028259,-1049.2959
89,0,-1067,89.7082443,4.80466175,-1066.29407
74,0,-1052,74.7071609,4.80466175,-1051.29297
1200,75,-1046,1199.95593,78.8881073,-1045.00098
1200,0,-1065,1199.95593,3.88952971,-1064.00098
1050,0,-1065,1049.95593,3.88952971,-1064.00098
1200,75,-1046,1199.95593,78.8881073,-1045.00098
1050,0,-1065,1049.95593,3.88952971,-1064.00098
1050,75,-1046,1049.95593,78.8881073,-1045.00098
1050,0,-1215,1049.95593,4.00534582,-1215.99902
1200,0,-1215,1199.95593,4.00534582,-1215.99902
1200,75,-1234,1199.95593,79.0039291,-1234.99902
1050,0,-1215,1049.95593,4.00534582,-1215.99902
1200,75,-1234,1199.95593,79.0039291,-1234.99902
1050,75,-1234,1049.95593,79.0039291,-1234.99902
1515,0,600,1514.00098,3.86666465,599.955872
1515,0,120,1514.00098,3.86666465,119.955818
1496,75,120,1495.00098,78.865242,119.955818
1515,0,600,1514.00098,3.86666465,599.955872
1496,75,120,1495.00098,78.865242,119.955818
1496,75,600,1495.00098,78.865242,599.955872
1684,75,120,1684.99902,79.0267944,119.955818
1665,0,120,1665.99902,4.02821064,119.955818
1665,0,600,1665.99902,4.02821064,599.955872
1684,75,120,1684.99902,79.0267944,119.955818
1665,0,600,1665.99902,4.02821064,599.955872
1684,75,600,1684.99902,79.0267944,599.955872
1496,75,120,1495.00098,78.865242,119.955818
1515,0,120,1514.00098,3.86666465,119.955818
1515,0,-60,1514.00098,3.86666465,-60.0425262
1496,75,120,1495.00098,78.865242,119.955818
1515,0,-60,1514.00098,3.86666465,-60.0425262
1496,75,-60,1495.00098,78.865242,-60.0425262
1665,0,-60,1665.99902,4.02821064,-60.0425262
1665,0,120,1665.99902,4.02821064,119.955818
1684,75,120,1684.99902,79.0267944,119.955818
1665,0,-60,1665.99902,4.02821064,-60.0425262
1684,75,120,1684.99902,79.0267944,119.955818
1684,75,-60,1684.99902,79.0267944,-60.0425262
1410,-720,-1052,1409.95593,-679.079773,-1052.99902
1509,-720,-1052,1508.95593,-679.079773,-1052.99902
1493,-473,-1058,1492.95593,-432.167725,-1058.99902
1410,-720,-1228,1409.95593,-670.28418,-1227.00098
1493,-473,-1223,1492.95593,-423.220856,-1222.00098
1509,-720,-1228,1508.95593,-670.28418,-1227.00098
1570,-720,-1184,1569.00098,-712.980408,-1184.04297
1534,-473,-1181,1533.00098,-465.992554,-1181.04297
1570,-720,-1096,1569.00098,-712.980408,-1096.04297
1534,-473,-1181,1533.41235,-462.707123,-1180.19092
1570,-720,-1184,1569.4082,-709.681213,-1183.19397
1509,-720,-1228,1508.41211,-709.681213,-1227.19116
1570,-720,-1096,1569.4082,-709.39447,-1096.80603
1534,-473,-1099,1533.41248,-462.421021,-1099.8092
1509,-720,-1052,1508.41223,-709.39447,-1052.80896
1463,1020,-1322,1462.00488,1051.37939,-1321.90137
1484,1020,-1140,1483.00488,1051.37158,-1139.90137
1475,642,-1322,1474.00488,673.43158,-1321.90137
1743,-60,-102,1742.05725,113.250595,-102.333488
1761,0,-153,1760.05334,173.270386,-153.322235
1743,0,-103,1742.05725,173.227142,-103.333366
2223,-134,-107,2222.00952,-127.047768,-106.862335
2300,-467,84,2299.00977,-460.056549,84.1387024
2246,-430,-233,2245.01074,-423.050934,-232.853821
2225,-11,21,2224.00586,-2.02066946,21.1066036
2251,-194,63,2250.00586,-185.028732,63.1073074
2223,-134,-107,2222.00586,-125.032738,-106.891907
2006,-423,-281,2006.58313,-420.010101,-280.187622
2008,-103,-148,2008.58301,-100.003014,-147.187546
2066,-398,-314,2066.58032,-395.009552,-313.185638
2008,-103,-148,2008.61536,-101.613632,-147.211761
1967,49,25,1967.61804,50.385582,25.7861214
2041,172,80,2041.61328,173.385101,80.7897873
2184,87,32,2183.70898,88.0423431,32.9567146
2157,-93,-148,2156.71484,-91.9547806,-147.041519
2081,-81,-159,2080.71484,-79.9534302,-158.041519
2157,-93,-148,2156.77637,-91.1775589,-147.02533
2138,-390,-317,2137.77637,-388.17511,-316.02533
2081,-81,-159,2080.77637,-79.1768951,-158.02533
2457,181,-225,2457.04199,185.860092,-224.000885
2218,1058,-44,2218.0127,1062.92297,-43.0000839
2410,1027,-53,2410.0127,1031.91455,-52.0000839
2716,209,-22,2715.20288,232.605103,-21.3961792
2744,-701,-47,2743.19946,-677.31665,-46.4007187
2593,209,-185,2592.19995,232.694244,-184.40007
2593,209,-185,2592.1936,215.232315,-184.40863
2547,884,-62,2546.19946,890.215454,-61.4007187
2716,209,-22,2715.19653,215.224777,-21.4046516
1481,64,-1689,1481.69629,66.4530487,-1689.71765
1559,70,-1616,1559.69629,72.4553452,-1616.71765
1526,172,-1705,1526.69641,174.450745,-1705.71753
1559,70,-1616,1559.36719,72.6892166,-1616.93005
1544,-326,-1468,1544.3623,-323.296906,-1468.93201
1622,-317,-1440,1622.36719,-314.299988,-1440.93005
1877,518,-1294,1877.96448,530.853638,-1294.26355
1784,1022,-1783,1784.9646,1034.81885,-1783.26355
1723,295,-1797,1723.96252,307.789093,-1797.27039
1902,1023,-1098,1902.99902,1052.92993,-1098.04358
1891,1052,-1394,1891.99902,1081.82959,-1394.0437
1877,518,-1294,1877.99902,547.918213,-1294.04358
2124,-390,-1586,2124.15137,-386.048431,-1586.9884
2073,-727,-1507,2073.17505,-723.03064,-1507.9845
2150,-727,-1494,2150.15161,-723.031616,-1494.9884
2168,-89,-1770,2168.64453,-87.2984924,-1770.76453
2124,-390,-1586,2124.65991,-388.28479,-1586.75134
2249,-17,-1752,2249.65137,-15.3016949,-1752.75867
2074,-402,-1638,2074.99902,-397.60202,-1638.04297
2119,-174,-1776,2119.99902,-169.590591,-1776.04297
2090,-302,-1781,2090.99902,-297.597809,-1781.04297
1988,-727,-1636,1988.9469,-723.575134,-1636.32129
2013,-727,-1559,2013.94592,-723.57428,-1559.3241
2055,-430,-1703,2055.94702,-426.562561,-1703.32104
2366,-157,-1724,2365.42651,-152.811829,-1724.81921
2317,-6,-1735,2316.41895,-1.80658126,-1735.81384
2261,-423,-1571,2260.41895,-418.832123,-1571.81384
1646,83,-1610,1645.59583,85.3801193,-1610.91467
1704,-324,-1453,1703.59424,-321.614288,-1453.91394
1727,69,-1639,1726.60254,71.379097,-1639.9176
1680,245,-1758,1679.54053,246.403915,-1758.88818
1646,83,-1610,1645.56067,84.4056244,-1610.89832
1727,69,-1639,1726.55408,70.4073029,-1639.89502
1794,-22,-1784,1793.00098,-16.7553139,-1784.04297
1757,163,-1774,1756.00098,168.249512,-1774.04297
1782,30,-1697,1781.00098,35.2412186,-1697.04297
1782,30,-1697,1781.00391,44.8365669,-1697.0874
1797,-374,-1575,1796.00488,-359.05899,-1575.09863
1794,-22,-1784,1793.00488,-7.16000223,-1784.09802
2532,-720,-960,2531.00293,-711.899658,-960.075317
2492,-295,-1100,2491.00293,-286.896759,-1100.0752
2486,-291,-1036,2485.00293,-282.895874,-1036.07593
2492,-295,-1100,2491.00293,-278.992981,-1100.0752
2478,-77,-1094,2477.00293,-60.9548759,-1094.0752
2486,-291,-1036,2485.00391,-274.983154,-1036.08728
2459,120,-1088,2458.09473,276.106964,-1088.4248
2455,361,-1083,2454.09473,517.19574,-1083.42468
2436,365,-1042,2435.08862,521.23407,-1042.4115
2454,-77,-1176,2453.53198,-64.9277115,-1175.11633
2411,-77,-1198,2410.53125,-64.9277115,-1197.1167
2402,120,-1184,2401.53125,132.084854,-1183.1167
2402,120,-1184,2401.41211,127.760635,-1183.19116
2403,367,-1146,2402.41235,374.745361,-1145.19092
2443,120,-1155,2442.41211,127.760635,-1154.19116
2370,120,-1200,2370.22388,124.243141,-1199.02539
2360,375,-1134,2360.22266,379.258484,-1133.02515
2403,367,-1146,2403.22266,371.260254,-1145.02515
2317,120,-1056,2317.80884,129.805649,-1056.58789
2353,379,-1050,2353.81372,388.785217,-1050.58105
2293,120,-1090,2293.80884,129.805649,-1090.58765
1947,334,-570,1947.86768,338.737488,-569.50293
1924,328,-532,1924.8678,332.736206,-531.503113
1952,506,-505,1952.87256,510.728699,-504.511536
1770,-720,-450,1770.49707,-694.78418,-449.132294
1882,-294,-495,1882.49707,-268.810333,-494.132294
1843,-720,-492,1843.49707,-694.79657,-491.132294
2046,331,-565,2045.44739,333.63147,-564.166565
2007,335,-588,2006.46094,337.630707,-587.157776
1989,515,-515,1988.4624,517.631165,-514.156799
2030,317,-484,2029.15759,323.661407,-484.538757
2053,323,-522,2052.15015,329.664001,-522.526978
1991,503,-476,1990.14685,509.652893,-476.521637
2035,-70,-429,2034.14734,-61.0529289,-429.52243
2059,-74,-466,2058.14697,-65.0538864,-466.521851
2069,120,-523,2068.15015,128.951538,-523.526978
1918,-70,-438,1918.54028,-65.9315033,-438.841431
1956,-67,-414,1956.54016,-62.9312134,-414.841492
1960,120,-467,1960.54785,124.079643,-467.836456
1812,-720,-377,1812.86279,-714.450073,-377.505463
1903,-291,-375,1903.85986,-285.467438,-375.510498
1770,-720,-450,1770.8573,-714.450073,-450.514801
1894,-443,-690,1894.21387,-438.380066,-690.976746
1838,-291,-736,1838.21411,-286.383545,-736.976807
1758,-443,-721,1758.22461,-438.378906,-721.974426
1848,-77,-766,1848.07568,-68.9111557,-766.997131
1890,120,-788,1890.06128,128.093079,-788.998108
1847,120,-791,1847.07532,128.088684,-791.997131
1804,-77,-786,1804.80017,-64.689537,-786.599548
1802,120,-815,1802.79749,132.309448,-815.603333
1775,-77,-825,1775.80896,-64.6926117,-825.58783
1775,-77,-825,1775.84412,-65.659935,-825.536072
1802,120,-815,1802.84424,131.318497,-815.53595
1783,120,-845,1783.84351,131.32402,-845.537109
1924,-443,-836,1923.02026,-393.843842,-836.200195
1919,-301,-826,1918.01746,-251.94426,-826.185669
1894,-443,-690,1893.01831,-393.879883,-690.19043
1947,-77,-885,1946.03381,-43.672802,-884.742188
1930,120,-923,1929.03491,153.315079,-922.738098
1940,120,-888,1939.03381,153.323227,-887.742188
1848,-77,-766,1847.86865,-65.1987381,-766.991333
1896,-77,-772,1895.86731,-65.2009125,-772.99115
1890,120,-788,1889.87537,131.781097,-788.992188
1911,309,-827,1910.25525,318.513672,-827.667297
1866,456,-801,1865.26489,465.533447,-801.677917
1880,308,-793,1879.25671,317.511963,-793.668945
1880,308,-793,1879.84668,382.691772,-793.988159
1823,452,-786,1822.84668,526.680481,-786.988159
1835,312,-786,1834.84668,386.707733,-786.988159
1801,320,-817,1801.9873,339.075439,-817.158691
1807,462,-828,1807.98535,481.075623,-828.170532
1794,326,-862,1794.98718,345.079773,-862.158813
1794,326,-862,1794.75159,330.221527,-861.340393
1807,462,-828,1807.75134,466.218445,-827.340088
1825,327,-897,1825.75134,331.222687,-896.340088
1871,323,-903,1871.09814,325.414917,-902.004883
1825,327,-897,1825.08728,329.416595,-896.003845
1850,466,-843,1850.08716,468.419525,-842.003845
1871,323,-903,1870.28247,325.549622,-902.303528
1850,466,-843,1849.28271,468.553345,-842.303223
1905,315,-873,1904.28345,317.551178,-872.30249
1905,315,-873,1904.00391,318.098877,-872.911743
1866,456,-801,1865.00391,459.104462,-800.911743
1911,309,-827,1910.00293,312.100037,-826.923523
2202,378,-691,2201.35938,387.805725,-690.232178
2214,120,-715,2213.36523,129.786438,-714.227356
2169,368,-719,2168.3667,377.811493,-718.226135
2267,120,-647,2266.03491,124.758713,-647.26178
2209,384,-648,2208.02905,388.7612,-648.239258
2253,120,-595,2252.03125,124.761055,-595.247498
2139,372,-605,2139.35059,378.486023,-605.936523
2141,120,-563,2141.36353,126.484802,-563.93158
2182,120,-547,2182.36304,126.48156,-547.931763
2182,120,-547,2181.86865,124.05098,-547.991333
2181,381,-613,2180.86865,385.064697,-613.991333
2139,372,-605,2138.86743,376.062958,-605.99115
2083,-720,-552,2082.49609,-687.377563,-552.863708
2106,-259,-581,2105.49634,-226.407089,-581.863892
2010,-720,-510,2009.49219,-687.332275,-510.86145
2091,-49,-680,2091.95117,-40.3206062,-679.691345
2078,-49,-638,2078.95508,-40.3227463,-637.703674
2107,120,-666,2107.95581,128.699631,-665.706055
1968,-720,-583,1968.8844,-677.591431,-582.533325
2025,-250,-670,2025.88342,-207.600723,-669.531433
2054,-249,-727,2054.88379,-206.583115,-726.532166
2141,120,-563,2141.35059,134.891373,-563.936523
2153,-49,-546,2153.3623,-34.0782356,-546.932007
2182,120,-547,2182.34961,134.893173,-547.936829
2010,-720,-510,2010.44043,-715.78833,-510.897675
2106,-259,-581,2106.42456,-254.798553,-581.905334
2049,-254,-610,2049.42529,-249.796524,-610.905029
2010,-720,-510,2010.86328,-714.876526,-510.5047
2025,-250,-670,2025.86389,-244.903183,-670.503662
1968,-720,-583,1968.86377,-714.880981,-583.503723
1410,75,-1046,1409.95593,78.8881073,-1045.00098
1410,0,-1065,1409.95593,3.88952971,-1064.00098
1260,0,-1065,1259.95593,3.88952971,-1064.00098
1410,75,-1046,1409.95593,78.8881073,-1045.00098
1260,0,-1065,1259.95593,3.88952971,-1064.00098
1260,75,-1046,1259.95593,78.8881073,-1045.00098
1410,75,-1234,1409.95593,79.0039291,-1234.99902
1260,75,-1234,1259.95593,79.0039291,-1234.99902
1260,0,-1215,1259.95593,4.00534582,-1215.99902
1410,75,-1234,1409.95593,79.0039291,-1234.99902
1260,0,-1215,1259.95593,4.00534582,-1215.99902
1410,0,-1215,1409.95593,4.00534582,-1215.99902
2520,-720,-390,2519.00391,-711.15625,-390.087097
2487,-295,-538,2486.00391,-286.133545,-538.087463
2480,-291,-474,2479.00391,-282.141296,-474.086914
2440,-77,-475,2439.11304,-39.6814041,-475.461731
2462,-77,-518,2461.11133,-39.7094078,-518.458496
2447,120,-500,2446.10107,157.334763,-500.438049
2460,-720,-330,2460.10864,-715.917236,-330.99408
2427,-291,-437,2427.10864,-286.891479,-437.99408
2363,-294,-443,2363.09863,-289.889923,-443.995087
2428,362,-558,2427.02905,1301.67456,-557.760742
2436,549,-526,2435.03027,1488.41174,-525.755859
2438,362,-519,2437.02905,1302.36023,-518.760742
2421,365,-483,2420.70923,388.435272,-483.956787
2428,550,-493,2427.70923,573.458679,-493.956787
2383,372,-472,2382.70825,395.452911,-472.956482
2383,372,-472,2383.33105,378.286438,-472.943604
2391,556,-501,2391.32764,562.281555,-501.944794
2337,378,-490,2337.34668,384.282074,-490.937927
2344,374,-565,2344.20557,378.306305,-564.021362
2399,555,-535,2399.20703,559.296082,-534.021667
2392,372,-576,2392.21411,376.305145,-575.023193
2428,362,-558,2427.51855,369.846375,-557.123535
2392,372,-576,2391.51855,379.840881,-575.123535
2436,549,-526,2435.51855,556.83905,-525.123535
2337,378,-490,2337.96289,381.299957,-490.269836
2391,556,-501,2391.9646,559.298645,-501.263672
2327,378,-529,2327.96948,381.299133,-529.244812
2327,378,-529,2327.88403,380.925385,-528.532593
2399,555,-535,2399.8833,557.929382,-534.53125
2344,374,-565,2344.8833,376.92511,-564.53125
2438,-77,-601,2437.53125,-60.8362961,-600.116699
2395,-77,-624,2394.51855,-60.8281784,-623.123535
2396,120,-610,2395.51855,136.200821,-609.123535
2308,120,-597,2308.79492,635.611389,-596.393311
2306,-77,-595,2306.78833,438.878906,-594.384766
2274,120,-552,2274.79199,635.426758,-551.389526
1847,-144,-559,1846.73633,-141.281937,-558.0354
1847,-310,-624,1846.72949,-307.274292,-623.037292
1775,-310,-644,1774.72949,-307.276001,-643.037292
1803,-99,-587,1803.31641,-95.5843353,-586.051392
1775,-310,-644,1775.32251,-306.571167,-643.053467
1755,-144,-585,1755.32312,-140.582855,-584.05365
1713,-303,-542,1713.84961,-297.771484,-541.472595
1775,-310,-644,1775.84949,-304.773254,-643.472412
1754,-720,-756,1754.84351,-714.756775,-755.462891
1847,-310,-624,1846.73035,-305.926483,-623.037048
1812,-720,-740,1811.72949,-715.948181,-739.037292
1754,-720,-756,1753.72266,-715.952209,-755.039246
1847,-310,-624,1846.73633,-306.018402,-623.0354
1754,-720,-756,1753.72949,-716.031067,-755.037292
1775,-310,-644,1774.72266,-306.020416,-643.039246
286,332,274,286.116882,451.348541,274.993134
142,1080,298,142.118271,1200.82568,298.992981
289,1081,280,289.117554,1201.67346,280.993042
307,1081,144,307.991913,1275.80957,144.126907
286,332,274,286.989929,528.692932,274.141541
289,1081,280,289.990051,1275.6217,280.140686
180,0,-600,180.786804,92.9661789,-600.617188
268,0,-487,268.783905,92.884491,-487.62088
270,486,-493,270.782776,578.782349,-493.622284
268,0,-487,268.694916,85.5931854,-487.719086
368,0,-387,368.694794,85.5931854,-387.719208
270,486,-493,270.693085,572.05603,-493.720856
441,332,92,441.692902,337.72522,92.7210236
337,193,160,337.693909,198.735168,160.720047
353,332,178,353.693909,337.728424,178.720062
337,193,160,337.853241,199.028732,160.521515
274,192,265,274.859222,198.018845,265.511597
353,332,178,353.864532,338.016632,178.502518
425,0,74,425.692902,95.9970703,74.7210083
333,0,161,333.693909,95.7813339,161.720047
337,193,160,337.693909,288.918304,160.720062
480,193,60,480.39798,203.191513,60.9173927
441,332,92,441.397919,342.21286,92.9174194
493,331,69,493.397827,341.20755,69.9174576
353,332,178,353.818115,341.260162,178.575043
274,192,265,274.818207,201.265564,265.574921
286,332,274,286.818085,341.253571,274.575073
425,193,74,425.694763,198.732132,74.7192383
337,193,160,337.693909,198.735168,160.720047
441,332,92,441.692902,337.72522,92.7210236
333,0,161,333.868622,64.6351089,161.495468
274,0,265,274.868683,64.5187378,265.495361
337,193,160,337.868591,257.577942,160.495514
480,193,60,480.253967,199.501419,60.9672127
425,193,74,425.253815,199.50032,74.9672394
441,332,92,441.25412,338.495972,92.9671707
274,192,265,274.372772,202.944473,265.927917
154,332,328,154.373001,342.944519,328.927826
286,332,274,286.373993,342.964539,274.927429
454,486,-60,454.936249,501.330963,-60.3512726
480,193,60,480.936218,208.385941,59.6486435
493,331,69,493.936249,346.357056,68.6486664
368,0,-387,368.637756,82.9848709,-387.770233
481,494,-300,481.636505,576.385437,-300.771271
370,486,-393,370.642548,568.436035,-393.766235
270,486,-493,270.693085,572.05603,-493.720856
368,0,-387,368.694794,85.5931854,-387.719208
370,486,-393,370.693146,572.05603,-393.720795
180,0,-600,180.880707,16.1057644,-600.473633
270,486,-493,270.88678,502.157959,-493.462189
197,486,-632,197.881668,502.117737,-632.471863
-280,1080,-512,-280.663635,2557.92188,-512.747986
-176,486,-603,-176.662659,1977.12146,-603.748901
-180,1080,-600,-180.662674,2558.55835,-600.748901
-180,0,-600,-179.891205,143.926041,-600.994019
-122,184,-595,-121.900688,327.963898,-595.995056
-176,486,-603,-175.891357,630.354675,-603.99408
197,486,-632,196.748886,504.00235,-632.967957
123,185,-596,122.74469,203.037567,-596.966858
180,0,-600,179.748886,18.0725784,-600.967957
197,486,-632,196.648758,522.346985,-632.936279
99,486,-596,98.6489105,522.298157,-596.93634
123,185,-596,122.649071,221.459396,-596.936401
-64,0,-1113,-64.9841003,4.40822077,-1113.17761
-80,75,-1120,-80.9849472,79.4127808,-1120.17285
-75,0,-1050,-75.9838867,4.40842819,-1050.17871
-30,0,-1170,-30.8584995,4.32443428,-1170.5127
-80,75,-1120,-80.8585052,79.3243179,-1120.5127
-64,0,-1113,-64.8585587,4.32606125,-1113.5127
-30,0,-1170,-30.4723358,4.42990065,-1170.88135
26,0,-1200,25.5374584,4.43156338,-1200.8866
20,75,-1216,19.5261688,79.4306641,-1216.88062
20,75,-1216,19.7435913,79.1517868,-1216.96655
90,0,-1215,89.7453842,4.15561104,-1215.96704
90,75,-1234,89.7435913,79.1553726,-1234.96655
-75,0,-1050,-75.9818802,4.08025503,-1050.18945
-80,75,-1120,-80.9818649,79.0808792,-1120.18945
-94,75,-1050,-94.9818726,79.0773315,-1050.18945
-30,0,-1170,-30.8629398,4.24894476,-1170.50525
-43,75,-1183,-43.866581,79.2461243,-1183.49902
-80,75,-1120,-80.8665848,79.242157,-1120.49902
-30,0,-1170,-30.4613094,4.31118774,-1170.88721
20,75,-1216,19.5367565,79.3143921,-1216.88623
-43,75,-1183,-43.4612961,79.3106384,-1183.88721
26,0,-1200,25.7795715,4.43187809,-1200.97534
90,0,-1215,89.7798462,4.43464756,-1215.97546
20,75,-1216,19.7675781,79.4315262,-1216.97253
2796,1093,-580,2796.55737,1107.25134,-579.169739
2794,350,-639,2794.55103,364.284882,-638.165527
2697,350,-573,2697.55664,364.310394,-572.16925
2748,1093,-234,2748.89697,1110.81421,-234.442078
2695,1093,-343,2695.89697,1110.83105,-343.441772
2704,350,-226,2704.89795,367.735626,-226.440063
2555,610,-1020,2555.50195,618.584045,-1019.13513
2879,1045,-1153,2879.5022,1053.61182,-1152.13525
2878,536,-1221,2878.50195,544.564026,-1220.13513
2932,392,-834,2931.69116,502.703613,-834.951111
2887,1007,-826,2886.70703,1118.56067,-826.956116
2656,598,-750,2655.69116,708.703857,-750.951111
1491,568,-641,1490.1897,580.040833,-640.414001
1328,1031,-795,1327.19385,1043.07397,-794.408325
1458,1031,-622,1457.20129,1043.04248,-621.398315
1251,47,-397,1251.17834,61.2571716,-397.983948
1031,45,-438,1031.17773,59.2030144,-438.984039
1063,-439,-397,1063.17834,-424.840759,-397.983948
1491,568,-641,1490.04858,580.452393,-640.692139
1458,1031,-622,1457.04883,1043.43555,-621.691345
1530,570,-521,1529.04858,582.463745,-520.692139
1408,-217,-805,1407.02515,-214.859985,-804.777161
1504,-392,-759,1503.02319,-389.855835,-758.785889
1487,-391,-832,1486.02136,-388.855652,-831.794434
1384,-232,-874,1383.11328,-230.630051,-873.53772
1305,-79,-779,1304.11572,-77.6317215,-778.533081
1408,-217,-805,1407.11572,-215.631485,-804.533081
1408,-217,-805,1407.08875,-214.865128,-804.588196
1487,-391,-832,1486.0885,-388.861664,-831.588745
1384,-232,-874,1383.08887,-229.864731,-873.587891
1650,0,-240,1649.92285,31.5589237,-239.002991
1649,-60,-242,1648.92395,-28.4544544,-241.002899
1590,-60,-246,1589.92285,-28.4696636,-245.002991
1743,-60,-102,1742.2063,38.7217102,-102.608215
1743,0,-103,1742.2063,98.8042145,-103.608215
1710,0,-60,1709.19946,98.8162613,-60.5992203
1410,-720,-1228,1409.95593,-670.403809,-1227.00098
1410,-472,-1223,1409.95593,-422.217407,-1222.00098
1493,-473,-1223,1492.95593,-423.22345,-1222.00098
1534,-473,-1181,1533.28235,-455.921387,-1180.30371
1509,-720,-1228,1508.28333,-702.866882,-1227.30261
1493,-473,-1223,1492.28247,-455.925446,-1222.30359
1570,-720,-1096,1569.00098,-712.980408,-1096.04297
1534,-473,-1181,1533.00098,-465.992554,-1181.04297
1534,-473,-1099,1533.00098,-465.992554,-1099.04297
1509,-720,-1052,1508.29517,-704.003723,-1052.70935
1534,-473,-1099,1533.28284,-457.05011,-1099.6969
1493,-473,-1058,1492.28271,-457.05011,-1058.69678
1410,-720,-1052,1409.95593,-679.079773,-1052.99902
1493,-473,-1058,1492.95593,-432.167725,-1058.99902
1410,-473,-1058,1409.95593,-432.167725,-1058.99902
2250,60,-1440,2250.73291,76.4556427,-1439.3197
2258,-191,-1471,2258.73364,-174.568405,-1470.32056
2205,-191,-1414,2205.73242,-174.572418,-1413.31921
2250,60,-1440,2249.95605,68.0646591,-1439.00098
2363,-191,-1471,2362.95605,-182.961548,-1470.00098
2258,-191,-1471,2257.95605,-182.961548,-1470.00098
2430,60,-1380,2429.24731,81.8588104,-1379.34167
2415,-191,-1414,2414.25586,-169.145844,-1413.33203
2363,-191,-1471,2362.24805,-169.151016,-1470.34082
2250,60,-1440,2250.69849,78.8622437,-1439.28442
2205,-191,-1414,2205.69873,-172.19577,-1413.28467
2190,60,-1380,2190.69727,78.8622437,-1379.2832
2370,60,-1440,2369.95605,68.0646591,-1439.00098
2363,-191,-1471,2362.95605,-182.961548,-1470.00098
2250,60,-1440,2249.95605,68.0646591,-1439.00098
2430,60,-1380,2429.28516,74.7886734,-1379.30078
2363,-191,-1471,2362.28247,-176.258881,-1470.30359
2370,60,-1440,2369.28882,74.7886734,-1439.297
2478,-77,-1094,2477.0957,-63.7368889,-1094.42664
2459,120,-1088,2458.09473,133.271408,-1088.4248
2456,-77,-1050,2455.09473,-63.728466,-1050.4248
2360,375,-1134,2360.22266,379.517059,-1133.02515
2400,590,-1094,2400.23926,594.504395,-1093.02905
2403,367,-1146,2403.23926,371.519257,-1145.02905
2443,361,-1127,2442.53149,369.416382,-1126.11658
2403,367,-1146,2402.55713,375.426758,-1145.10352
2435,584,-1102,2434.53125,592.433838,-1101.1167
2436,365,-1042,2435.08887,443.852478,-1042.41187
2455,361,-1083,2454.08887,439.900452,-1083.41211
2444,585,-1066,2443.08862,663.683105,-1066.4115
2341,379,-1094,2341.9646,382.970093,-1094.26355
2353,379,-1050,2353.96265,382.96814,-1050.27014
2408,592,-1057,2408.96265,595.965698,-1057.27051
2293,120,-1127,2293.78833,125.191765,-1126.38477
2360,375,-1134,2360.78857,380.180939,-1133.38513
2325,120,-1170,2325.7915,125.191765,-1169.38892
2293,120,-1090,2293.99902,125.244209,-1090.04297
2341,379,-1094,2341.99902,384.240173,-1094.04297
2293,120,-1127,2293.99902,125.244209,-1127.04297
2341,379,-1094,2341.8833,382.98291,-1093.53125
2400,590,-1094,2400.8855,593.989685,-1093.5354
2360,375,-1134,2360.8833,378.983521,-1133.53125
2325,120,-1170,2325.55151,125.305267,-1169.16589
2360,375,-1134,2360.55103,380.312897,-1133.16553
2370,120,-1200,2370.55103,125.307838,-1199.16553
2443,120,-1155,2442.55273,129.880051,-1154.10571
2403,367,-1146,2402.55762,376.871613,-1145.10327
2443,361,-1127,2442.55444,370.878265,-1126.10486
2481,-77,-1136,2480.16992,-67.6166,-1135.44238
2454,-77,-1176,2453.16553,-67.6142807,-1175.44897
2443,120,-1155,2442.16602,129.407822,-1154.44824
2455,361,-1083,2454.02905,376.461945,-1082.76074
2435,584,-1102,2434.03003,599.471313,-1101.75684
2444,585,-1066,2443.02905,600.462524,-1065.76074
2465,120,-1112,2464.02905,209.183701,-1112.23926
2455,361,-1083,2454.02905,449.991791,-1083.23926
2459,120,-1088,2458.02905,209.183701,-1088.23926
2478,-77,-1094,2477.00195,-63.8457642,-1094.06128
2481,-77,-1136,2480.00195,-63.8559151,-1136.06055
2465,120,-1112,2464.00195,133.146515,-1112.06055
2492,-295,-1100,2491.00195,-279.026428,-1100.06104
2481,-77,-1136,2480.00195,-61.0518036,-1136.06055
2478,-77,-1094,2477.00293,-61.0478668,-1094.0752
2325,120,-1170,2325.55396,348.329803,-1169.16748
2362,-77,-1196,2362.55151,150.803909,-1195.16589
2322,-77,-1169,2322.55688,150.903198,-1168.16943
2472,-720,-900,2472.0752,-715.438782,-900.997131
2433,-291,-999,2433.0752,-286.443542,-999.997131
2369,-294,-1004,2369.0752,-289.442474,-1004.99713
2369,-294,-1004,2369.38867,-279.246063,-1004.92133
2367,-77,-1021,2367.37695,-62.2147789,-1021.92609
2329,-77,-1037,2329.38892,-62.2219124,-1037.92126
2353,120,-1029,2353.37231,223.188232,-1029.9281
2329,-77,-1037,2329.37695,26.364521,-1037.92615
2367,-77,-1021,2367.38965,26.3892879,-1021.92096
2353,120,-1029,2353.40332,133.17923,-1029.91504
2394,372,-1031,2394.40332,385.131805,-1031.91504
2353,379,-1050,2353.41211,392.130371,-1050.91113
2408,592,-1057,2408.40308,599.535156,-1057.91516
2353,379,-1050,2353.40332,386.527191,-1050.91504
2394,372,-1031,2394.40234,379.527191,-1031.91541
2341,379,-1094,2341.98145,382.642822,-1094.19141
2408,592,-1057,2408.97949,595.642456,-1057.20117
2400,590,-1094,2400.97632,593.640442,-1094.21582
2293,120,-1127,2293.88379,124.576775,-1126.53223
2341,379,-1094,2341.8833,383.576721,-1093.53125
2360,375,-1134,2360.88477,379.578552,-1133.53406
2322,-77,-1169,2322.79272,36.0786324,-1168.3905
2293,120,-1127,2293.79492,232.989563,-1126.39331
2325,120,-1170,2325.80029,233.082581,-1169.40051
2402,120,-1184,2401.53125,132.192825,-1183.1167
2411,-77,-1198,2410.53125,-64.7767334,-1197.1167
2370,120,-1200,2369.53125,132.186996,-1199.1167
2370,120,-1200,2369.53125,127.183228,-1199.1167
2403,367,-1146,2402.5332,374.183167,-1145.11572
2402,120,-1184,2401.53711,127.181412,-1183.11365
2454,-77,-1176,2453.41895,-68.7904816,-1175.18616
2402,120,-1184,2401.41895,128.202225,-1183.18616
2443,120,-1155,2442.4082,128.19397,-1154.19397
2465,120,-1112,2464.11377,128.125122,-1111.53687
2481,-77,-1136,2480.11279,-68.8549042,-1135.5387
2443,120,-1155,2442.11426,128.125122,-1154.53589
2443,120,-1155,2442.1062,138.68399,-1154.55164
2443,361,-1127,2442.11279,379.623505,-1126.5387
2465,120,-1112,2464.11499,138.688614,-1111.53455
2455,361,-1083,2454.03491,376.206085,-1082.73816
2443,361,-1127,2442.02905,376.202271,-1126.76074
2435,584,-1102,2434.03687,599.241272,-1101.73108
2465,120,-1112,2464.03296,134.701813,-1111.74548
2443,361,-1127,2442.03394,375.718781,-1126.7417
2455,361,-1083,2454.0332,375.711975,-1082.74451
2478,-77,-1094,2477.02515,-65.1043015,-1094.22266
2465,120,-1112,2464.02515,131.9263,-1112.22266
2459,120,-1088,2458.02905,131.9263,-1088.23926
2486,-291,-1036,2485.09521,-284.250916,-1036.42578
2478,-77,-1094,2477.09961,-70.2598343,-1094.43494
2456,-77,-1050,2455.09814,-70.2646255,-1050.43188
2472,-720,-900,2471.42578,-715.718079,-900.818665
2486,-291,-1036,2485.42651,-286.728394,-1036.81921
2433,-291,-999,2432.42603,-286.730499,-999.818848
2394,372,-1031,2393.73633,382.691559,-1031.9646
2444,585,-1066,2443.73633,595.700439,-1066.9646
2408,592,-1057,2407.73633,602.694275,-1057.9646
2389,120,-1028,2388.73633,273.218079,-1028.9646
2436,365,-1042,2435.73633,518.040771,-1042.9646
2394,372,-1031,2393.73633,525.068909,-1031.9646
2416,-77,-1024,2415.50977,-65.7619019,-1024.87158
2433,120,-1053,2432.50293,131.223846,-1053.86768
2389,120,-1028,2388.49634,131.232452,-1028.86389
2486,-291,-1036,2485.42725,-283.700623,-1036.8197
2456,-77,-1050,2455.42651,-69.682785,-1050.81921
2433,-291,-999,2432.42578,-283.697876,-999.818665
2532,-720,-960,2531.28638,-714.986206,-960.7005
2486,-291,-1036,2485.28418,-286.003662,-1036.69824
2472,-720,-900,2471.28418,-714.986206,-900.698242
2456,-77,-1050,2455.1897,-67.6553497,-1050.58594
2459,120,-1088,2458.1897,129.332962,-1088.58594
2433,120,-1053,2432.18994,129.340134,-1053.5863
2433,-291,-999,2432.44775,-283.886841,-999.833679
2456,-77,-1050,2455.44824,-69.907753,-1050.83398
2416,-77,-1024,2415.44824,-69.9068832,-1024.83398
2369,-294,-1004,2368.93774,-280.994904,-1004.99805
2416,-77,-1024,2415.93774,-64.0159225,-1024.99805
2367,-77,-1021,2366.93774,-64.0198059,-1021.99805
2389,120,-1028,2388.93774,153.460129,-1028.99805
2367,-77,-1021,2366.93774,-43.5551758,-1021.99805
2416,-77,-1024,2415.93774,-43.5786285,-1024.99805
2353,120,-1029,2353.0437,145.554459,-1029.99902
2367,-77,-1021,2367.04126,-51.372345,-1021.99915
2389,120,-1028,2389.04272,145.548126,-1028.99902
2389,120,-1028,2389.04126,202.052658,-1028.99915
2394,372,-1031,2394.04346,454.02536,-1031.99902
2353,120,-1029,2353.04248,202.033051,-1029.99902
2394,372,-1031,2393.73145,382.803436,-1031.96326
2436,365,-1042,2435.73633,375.808777,-1042.9646
2444,585,-1066,2443.72974,595.805908,-1066.96277
2353,120,-1029,2353.58618,135.630005,-1029.81006
2353,379,-1050,2353.58594,394.628235,-1050.8103
2317,120,-1056,2317.58667,135.633774,-1056.80981
2317,120,-1056,2317.5791,144.542969,-1056.81519
2329,-77,-1037,2329.58594,-52.3833656,-1037.8103
2353,120,-1029,2353.59375,144.548981,-1029.80457
2302,-77,-1078,2302.8313,377.453278,-1078.55566
2329,-77,-1037,2329.83179,377.79129,-1037.55505
2317,120,-1056,2317.83398,575.081055,-1056.55176
2293,120,-1090,2293.95874,125.566582,-1090.28394
2353,379,-1050,2353.9646,384.573273,-1050.26355
2341,379,-1094,2341.9646,384.573273,-1094.26367
2370,120,-1200,2370.55103,304.612335,-1199.16553
2362,-77,-1196,2362.55127,108.088593,-1195.16577
2325,120,-1170,2325.55151,304.450165,-1169.16589
2433,-291,-999,2433.0752,-281.513367,-999.997131
2416,-77,-1024,2416.07568,-67.5059052,-1024.99707
2369,-294,-1004,2369.07568,-284.521362,-1004.99713
2456,-77,-1050,2455.44897,-64.3501968,-1050.83447
2433,120,-1053,2432.44531,132.651001,-1053.83203
2416,-77,-1024,2415.44751,-64.342186,-1024.8335
2403,367,-1146,2403.17529,371.437988,-1145.0155
2400,590,-1094,2400.18579,594.448853,-1093.01746
2435,584,-1102,2435.18555,588.44928,-1101.01746
2472,-720,-900,2472.69702,-101.922813,-900.71698
2369,-294,-1004,2369.69629,327.101135,-1004.71765
2412,-720,-960,2412.69873,-101.922813,-960.715332
2356,120,-625,2356.20557,124.587936,-624.021362
2344,374,-565,2344.21411,378.58429,-564.023193
2392,372,-576,2392.21411,376.58548,-575.023193
2274,120,-552,2274.78833,125.392044,-551.384766
2309,247,-559,2309.78833,252.400146,-558.384766
2308,120,-597,2308.78979,125.390717,-596.386658
2275,120,-513,2275.9646,124.870338,-513.263611
2337,378,-490,2337.96289,382.863068,-490.269836
2327,378,-529,2327.96948,382.864258,-529.244995
2381,120,-448,2381.04199,130.719986,-448.999115
2383,372,-472,2383.04102,382.684967,-472.999146
2336,120,-449,2336.04199,130.715485,-449.999115
2381,120,-448,2380.70825,130.884476,-448.956482
2421,365,-483,2420.69946,375.87561,-483.953766
2383,372,-472,2382.70874,382.882294,-472.956635
2452,120,-540,2451.00586,140.92038,-540.106628
2438,362,-519,2437.00684,382.867157,-519.116211
2447,120,-500,2446.00684,140.92038,-500.115753
2452,120,-540,2451.02905,132.99791,-539.760742
2428,362,-558,2427.0293,374.981842,-557.759766
2438,362,-519,2437.02905,374.978699,-518.760742
2356,120,-625,2355.64844,127.86821,-624.063843
2392,372,-576,2391.64355,379.867035,-575.065735
2396,120,-610,2395.64844,127.871941,-609.063843
2480,-291,-474,2479.11133,-285.035217,-474.458466
2462,-77,-518,2461.11475,-71.0193253,-518.465027
2440,-77,-475,2439.10254,-71.0200577,-475.440948
2450,-301,-591,2449.17603,-245.223282,-590.433411
2438,-77,-601,2437.18066,-21.1632328,-600.426697
2487,-295,-538,2486.16968,-239.2034,-537.442749
2438,362,-519,2437.02319,413.977844,-519.213867
2436,549,-526,2435.02515,600.922852,-526.222656
2428,550,-493,2427.02417,601.940308,-493.218506
2419,120,-466,2418.57227,136.353088,-466.90387
2421,365,-483,2420.55762,381.332703,-483.89682
2381,120,-448,2380.57275,136.360321,-448.904114
2399,-77,-449,2398.57104,-48.6050568,-449.90332
2419,120,-466,2418.57275,148.329681,-466.904053
2381,120,-448,2380.57227,148.340302,-448.90387
2480,-291,-474,2479.43164,-281.694916,-474.822754
2440,-77,-475,2439.4292,-67.6787338,-475.821075
2427,-291,-437,2426.4314,-281.701019,-437.822571
2460,-720,-330,2459.42871,-716.014099,-330.82074
2480,-291,-474,2479.43188,-287.04184,-474.822937
2427,-291,-437,2426.4314,-287.039307,-437.822601
2383,372,-472,2383.17773,378.146362,-472.98407
2428,550,-493,2428.17773,556.137878,-493.98407
2391,556,-501,2391.17773,562.136963,-501.984039
2336,120,-449,2336.60742,127.725769,-449.794342
2337,378,-490,2337.61914,385.730927,-490.785217
2299,120,-478,2299.61523,127.723831,-478.788208
2312,-77,-463,2312.60742,-23.3770638,-463.794342
2336,120,-449,2336.61914,173.531219,-449.785217
2299,120,-478,2299.60352,173.518509,-478.797333
2327,378,-529,2327.96948,380.581635,-528.754883
2391,556,-501,2391.96948,558.587341,-500.755249
2399,555,-535,2399.96948,557.586365,-534.754883
2308,120,-597,2308.78833,125.241287,-596.384766
2309,247,-559,2309.78442,252.238556,-558.379883
2344,374,-565,2344.78833,379.236481,-564.384766
2346,-77,-621,2346.50708,48.0745773,-620.138123
2308,120,-597,2308.5022,245.38414,-596.135254
2356,120,-625,2356.5022,245.368942,-624.135254
2392,372,-576,2391.73633,376.941833,-575.0354
2399,555,-535,2398.73633,559.932617,-534.0354
2436,549,-526,2435.72266,553.934021,-525.039246
2396,120,-610,2395.41309,128.686584,-609.190369
2392,372,-576,2391.40527,380.654022,-575.196106
2436,120,-581,2435.4082,128.689697,-580.19397
2438,-77,-601,2437.4082,-65.7692795,-600.19397
2396,120,-610,2395.42017,131.257721,-609.185303
2436,120,-581,2435.41211,131.254944,-580.191101
2487,-295,-538,2486.15015,-266.235779,-537.473022
2438,-77,-601,2437.15015,-48.2354622,-600.473022
2464,-77,-560,2463.1499,-48.2493973,-559.473389
2487,-295,-538,2486.00098,-285.916046,-538.042969
2464,-77,-560,2463.00098,-67.9343948,-560.042969
2462,-77,-518,2461.00098,-67.9321671,-518.042969
2447,120,-500,2446.00781,135.744431,-500.123779
2462,-77,-518,2461.00684,-61.2552757,-518.115356
2452,120,-540,2451.00586,135.744431,-540.106812
2447,120,-500,2446.08887,135.406662,-500.412079
2438,362,-519,2437.08862,377.4487,-519.411438
2421,365,-483,2420.09863,380.451355,-483.43277
2520,-720,-390,2519.29224,-714.999695,-390.706421
2480,-291,-474,2479.29395,-285.97998,-474.708038
2460,-720,-330,2459.29126,-714.999695,-330.705444
2487,-295,-538,2486.00488,-285.487183,-538.097656
2462,-77,-518,2461.00488,-67.489151,-518.098328
2480,-291,-474,2479.00391,-281.477936,-474.087585
2452,120,-540,2451.00098,137.361877,-540.042969
2462,-77,-518,2461.00098,-59.594471,-518.043396
2464,-77,-560,2463.00098,-59.598835,-560.042969
2460,-720,-330,2460.70044,-681.004517,-330.713623
2363,-294,-443,2363.7002,-255.035889,-443.713837
2400,-720,-390,2400.70239,-680.999878,-390.711761
2363,-294,-443,2362.95654,-245.873886,-443.999054
2399,-77,-449,2398.95532,-28.7414341,-449.998993
2350,-77,-447,2349.95532,-28.7443638,-447.998993
2336,120,-449,2336.34668,126.410759,-449.937958
2383,372,-472,2383.34692,378.421143,-472.937866
2337,378,-490,2337.34814,384.424255,-490.937439
2427,-291,-437,2427.08862,-267.168732,-437.996063
2399,-77,-449,2399.08789,-53.1964035,-449.996094
2363,-294,-443,2363.09863,-270.190491,-443.995056
2440,-77,-475,2439.22412,-58.0740013,-475.630768
2447,120,-500,2446.22388,138.953278,-500.630554
2419,120,-466,2418.22046,138.946381,-466.626343
2447,120,-500,2446.21924,145.869537,-500.624786
2421,365,-483,2420.22388,390.879822,-483.630402
2419,120,-466,2418.21948,145.885681,-466.625122
2275,120,-513,2275.99902,124.911995,-513.042969
2327,378,-529,2327.99902,382.911163,-529.042969
2274,120,-552,2274.99902,124.910767,-552.042969
2274,120,-552,2274.90527,124.473694,-551.575195
2327,378,-529,2327.90015,382.475891,-528.564453
2309,247,-559,2309.9021,251.474014,-558.568481
2344,374,-565,2344.88428,378.368591,-564.533081
2309,247,-559,2309.8833,251.368149,-558.53125
2327,378,-529,2327.88354,382.36734,-528.531677
2436,120,-581,2435.53125,130.024414,-580.116699
2392,372,-576,2391.53125,382.056213,-575.116699
2428,362,-558,2427.53149,372.057739,-557.116577
2464,-77,-560,2463.06494,-66.2683563,-559.645508
2436,120,-581,2435.06812,130.758698,-580.637268
2452,120,-540,2451.06323,130.753448,-539.650085
2396,120,-610,2395.64844,135.527496,-609.063843
2395,-77,-624,2394.63574,-61.4315529,-623.068726
2356,120,-625,2355.64941,135.521835,-624.063477
2436,120,-581,2435.0625,135.280853,-580.652039
2428,362,-558,2427.07007,377.250061,-557.632324
2452,120,-540,2451.06226,135.284592,-539.65271
2438,-77,-601,2437.15649,-60.5695801,-600.462891
2436,120,-581,2435.15039,136.462311,-580.472595
2464,-77,-560,2463.14941,-60.5734673,-559.474182
2299,120,-478,2299.81665,127.017426,-478.576935
2337,378,-490,2337.81812,385.030426,-490.575043
2275,120,-513,2275.82959,127.019096,-513.558289
2350,-77,-447,2350.04321,40.5147781,-447.999054
2381,120,-448,2381.04297,237.402008,-448.999054
2336,120,-449,2336.04297,237.394897,-449.999054
2440,-77,-475,2439.45898,-22.7814827,-475.841003
2419,120,-466,2418.4585,174.314819,-466.840668
2399,-77,-449,2398.46582,-22.7814827,-449.845367
2427,-291,-437,2426.46582,-282.311188,-437.845367
2440,-77,-475,2439.46655,-68.2863235,-475.845825
2399,-77,-449,2398.46631,-68.288414,-449.845673
2308,120,-597,2308.49536,125.700226,-596.131348
2344,374,-565,2344.50195,379.713135,-564.135132
2356,120,-625,2356.49536,125.702293,-624.131348
2126,359,-710,2126.20557,479.034637,-709.021362
2070,624,-696,2070.20557,744.185608,-695.021362
2169,368,-719,2169.20557,487.951019,-718.021362
2202,378,-691,2201.38477,382.562958,-690.21167
2169,368,-719,2168.38672,372.562714,-718.210144
2104,633,-694,2103.38477,637.57251,-693.21167
2209,384,-648,2208.02344,386.652313,-647.78479
2202,378,-691,2201.01929,380.653198,-690.804565
2104,633,-694,2103.01929,635.649597,-693.804565
2181,381,-613,2180.22583,383.871399,-613.632935
2209,384,-648,2208.22607,386.87085,-648.633179
2103,632,-658,2102.22681,634.862183,-658.634155
2139,372,-605,2138.86865,376.623352,-605.991333
2181,381,-613,2180.85425,385.625916,-613.989319
2103,632,-658,2102.8606,636.637024,-658.990234
2114,-252,-752,2113.70605,-241.448364,-751.044189
2161,-49,-718,2160.69043,-38.4812202,-717.049133
2168,-153,-726,2167.70312,-142.470154,-725.045105
2025,-250,-670,2025.88562,-246.701675,-669.535645
2078,-49,-638,2078.8833,-45.6939964,-637.53125
2054,-249,-727,2054.88354,-245.70369,-726.531677
2169,368,-719,2168.95508,377.575012,-718.001038
2070,624,-696,2069.95605,633.562988,-695.000977
2104,633,-694,2103.95508,642.558533,-693.001038
2117,-49,-708,2117.36304,-33.1729431,-707.068237
2130,120,-702,2130.36353,135.859665,-701.06842
2170,120,-718,2170.36865,135.852707,-717.070435
2114,-252,-752,2114.22363,-247.434204,-751.02533
2117,-49,-708,2117.22363,-44.4230919,-707.02533
2161,-49,-718,2161.21411,-44.4245453,-717.023193
2209,384,-648,2208.00098,386.319122,-648.042969
2104,633,-694,2103.00098,635.330261,-694.042969
2103,632,-658,2102.00098,634.329224,-658.043518
2253,120,-595,2252.1897,123.754089,-595.585999
2181,381,-613,2180.1897,384.744354,-613.585938
2224,120,-555,2223.18506,123.753616,-555.579407
2083,-720,-552,2082.61035,-693.754272,-552.920959
2166,-262,-606,2165.61011,-235.793442,-606.920837
2106,-259,-581,2105.61035,-232.8022,-581.920959
2139,372,-605,2139.0979,377.285309,-605.995178
2103,632,-658,2103.0979,637.288635,-658.995178
2069,623,-660,2069.09766,628.289551,-660.995178
2106,362,-633,2106.65942,370.718842,-633.75177
2141,120,-563,2141.66724,128.725693,-563.744812
2139,372,-605,2139.6582,380.719055,-605.752747
2114,120,-591,2114.71631,129.245987,-591.697754
2117,-49,-561,2117.71436,-39.7485771,-561.699768
2141,120,-563,2141.71533,129.251541,-563.69873
2010,-720,-510,2010.92041,-713.635864,-510.390656
2049,-254,-610,2049.92065,-247.633392,-610.390076
2025,-250,-670,2025.92041,-243.628067,-670.390442
2078,-49,-638,2078.99512,-42.3652,-637.901306
2103,120,-628,2103.99414,126.620384,-627.891907
2107,120,-666,2107.99512,126.617966,-665.901306
2054,-249,-727,2054.95117,-244.994812,-726.691345
2078,-49,-638,2078.95093,-44.9988823,-637.690613
2091,-49,-680,2091.94995,-45.0009232,-679.687622
2117,-49,-708,2117.73291,-36.4505997,-707.319702
2091,-49,-680,2091.73389,-36.455162,-679.32074
2130,120,-702,2130.73193,132.555649,-701.318665
2054,-249,-727,2054.37305,-245.42691,-726.072205
2091,-49,-680,2091.36816,-45.4277,-679.070251
2114,-252,-752,2114.36816,-248.4245,-751.070251
2091,-49,-680,2091.84424,-41.296463,-679.46405
2107,120,-666,2107.84473,127.723099,-665.464844
2130,120,-702,2130.83398,127.715187,-701.448242
2114,-252,-752,2114.73364,-245.690399,-751.320496
2091,-49,-680,2091.73096,-42.7012749,-679.317627
2117,-49,-708,2117.73389,-42.7012749,-707.32074
2168,-153,-726,2167.70605,-142.433456,-725.044189
2161,-49,-718,2160.70605,-38.4445114,-717.044189
2203,-49,-705,2202.70605,-38.4497604,-704.044189
2202,378,-691,2201.01562,383.355347,-690.823975
2209,384,-648,2208.01758,389.358215,-647.813354
2251,120,-685,2250.0144,125.347206,-684.830933
2202,378,-691,2201.35938,387.928925,-690.232178
2251,120,-685,2250.36523,129.896942,-684.227356
2214,120,-715,2213.35938,129.892105,-714.232178
2253,120,-595,2252.22583,123.847794,-595.632935
2209,384,-648,2208.22607,387.842682,-648.63324
2181,381,-613,2180.22583,384.84436,-613.632935
2224,120,-555,2223.8125,124.112862,-555.982239
2181,381,-613,2180.81274,385.112488,-613.9823
2182,120,-547,2181.81274,124.111099,-547.9823
2087,-49,-594,2087.95483,-42.0437164,-594.296509
2114,120,-591,2114.95581,126.952789,-591.293823
2103,120,-628,2103.95874,126.952789,-628.283936
2025,-250,-670,2025.97827,-245.538116,-670.206909
2087,-49,-594,2087.97949,-44.5271111,-594.201111
2078,-49,-638,2078.97827,-44.5293236,-638.206665
2251,120,-685,2250.08154,124.996643,-684.604492
2209,384,-648,2208.07397,389.009644,-647.622559
2267,120,-647,2266.07397,124.995407,-646.622559
2106,362,-633,2106.71631,372.515106,-633.697754
2114,120,-591,2114.71143,130.518066,-591.702698
2141,120,-563,2141.71509,130.523132,-563.698975
2117,-49,-561,2117.37695,-33.3783569,-561.926086
2153,-49,-546,2153.37695,-33.3746223,-546.926208
2141,120,-563,2141.37695,135.631882,-563.926208
2049,-254,-610,2049.92065,-249.444595,-610.390259
2117,-49,-561,2117.91772,-44.4379158,-561.397034
2025,-250,-670,2025.9176,-245.439484,-670.397217
2117,-49,-708,2117.22363,33.6863098,-707.02533
2170,120,-718,2170.22363,202.505447,-717.02533
2161,-49,-718,2161.22363,33.6449699,-717.02533
2114,120,-591,2114.95581,146.331299,-591.293518
2098,356,-676,2098.95581,382.307892,-676.293579
2103,120,-628,2103.95581,146.331299,-628.293335
2087,-49,-594,2087.73315,-39.5032692,-594.680054
2117,-49,-561,2117.73291,-39.5021133,-561.680237
2114,120,-591,2114.74365,129.488388,-591.668518
2087,-49,-594,2087.97852,-41.3962402,-594.205872
2103,120,-628,2103.97827,127.612953,-628.20697
2078,-49,-638,2078.97632,-41.3980904,-638.215637
2069,120,-523,2068.18066,135.587219,-523.573242
2053,323,-522,2052.16992,338.628174,-522.557617
2043,120,-485,2042.17029,135.597046,-485.558014
2008,120,-631,2007.49634,125.493469,-630.136108
2046,331,-565,2045.48145,336.477448,-564.144958
2047,120,-608,2046.49634,125.492073,-607.136108
2008,120,-631,2007.46875,125.578995,-630.152832
2007,335,-588,2006.47168,340.566376,-587.151001
2046,331,-565,2045.46436,336.565063,-564.155579
1897,120,-573,1897.71606,125.71637,-572.302002
1947,334,-570,1947.73254,339.717102,-569.319336
1929,120,-607,1929.73352,125.719818,-606.320374
1897,120,-573,1897.86096,124.666328,-572.491333
1924,328,-532,1924.86768,332.663544,-531.50293
1947,334,-570,1947.87183,338.661285,-569.510193
1960,120,-467,1960.39453,144.607422,-467.918823
1931,321,-488,1931.39465,345.545197,-488.918823
1920,120,-484,1920.39551,144.62587,-484.918457
1960,120,-467,1960.48828,170.254898,-467.872589
1970,317,-466,1970.48828,367.378937,-466.872559
1931,321,-488,1931.48828,371.372833,-488.872681
1903,-291,-375,1903.54114,-287.417114,-375.840912
1956,-67,-414,1956.56177,-63.4083138,-414.82724
1918,-70,-438,1918.54785,-66.4056931,-438.836548
2022,-301,-395,2021.49243,-291.093597,-395.861603
2035,-70,-429,2034.49219,-60.0956841,-429.86142
1966,-295,-363,1965.49219,-285.086334,-363.86145
2022,-301,-395,2021.15796,-270.074615,-395.539398
2059,-74,-466,2058.15796,-43.0758972,-466.539337
2035,-70,-429,2034.15955,-39.0684853,-429.54187
1882,-294,-495,1882.88062,-201.486893,-494.526184
1899,-79,-522,1899.8833,13.4926243,-521.53125
1917,-83,-556,1917.88452,9.53731346,-555.533508
1947,334,-570,1947.29358,336.769501,-569.044067
1952,506,-505,1952.28333,508.772278,-504.040985
2007,335,-588,2007.29199,337.771332,-587.04364
1965,120,-626,1965.29211,124.326637,-625.04364
1947,334,-570,1947.28235,338.311798,-569.04071
2007,335,-588,2007.29211,339.309143,-587.04364
1931,321,-488,1931.9823,330.617828,-488.187164
1953,495,-469,1953.98328,504.634613,-469.181854
1924,328,-532,1924.9823,337.619934,-532.187256
1900,120,-520,1900.98425,128.285355,-520.176392
1931,321,-488,1931.98315,329.292145,-488.18222
1924,328,-532,1924.9823,336.295898,-532.187195
1897,-74,-477,1897.99902,104.980034,-476.955841
1900,120,-520,1900.99902,299.253448,-519.957031
1899,-79,-522,1899.99902,99.9075623,-521.955872
1871,-291,-431,1871.98328,-278.82431,-430.817902
1897,-74,-477,1897.9823,-61.8520279,-476.812714
1882,-294,-495,1882.98523,-281.822723,-494.828766
1770,-720,-450,1770.98132,-715.852417,-449.807648
1871,-291,-431,1871.98328,-286.87677,-430.817902
1882,-294,-495,1882.98328,-289.877441,-494.817902
1924,328,-532,1924.99695,334.980255,-532.076843
1953,495,-469,1953.99707,501.997772,-469.075317
1952,506,-505,1952.99805,512.998901,-505.062286
1900,120,-520,1900.99805,128.204651,-520.06134
1924,328,-532,1924.99805,336.182739,-532.061035
1897,120,-573,1897.99805,128.206726,-573.062439
1899,-79,-522,1899.99805,142.379211,-522.06073
1900,120,-520,1900.99805,341.08548,-520.060852
1897,120,-573,1897.99805,341.195068,-573.061401
2007,335,-588,2007.33606,337.780884,-587.058167
1952,506,-505,1952.34387,508.777252,-504.061005
1989,515,-515,1989.33997,517.775513,-514.05957
1965,120,-626,1965.11548,124.921127,-625.006714
2007,335,-588,2007.09863,339.922089,-587.004883
2008,120,-631,2008.11536,124.917984,-630.006714
2046,331,-565,2045.00476,333.913971,-564.902588
1989,515,-515,1988.00488,517.915222,-514.901306
2053,323,-522,2052.00391,325.912659,-521.911743
2047,120,-608,2046.12146,129.748306,-607.522339
2046,331,-565,2045.12256,340.756805,-564.520325
2072,120,-564,2071.12256,129.750656,-563.520325
1970,317,-466,1969.82104,347.022949,-466.983856
1991,503,-476,1990.82056,533.008972,-476.983765
1953,495,-469,1952.82104,525.010193,-469.983856
1956,-67,-414,1955.95654,-63.4872627,-414.999054
2004,120,-467,2003.95654,123.510506,-467.999054
1960,120,-467,1959.95654,123.510506,-467.999054
1966,-295,-363,1966.17188,-290.292542,-363.985046
1956,-67,-414,1956.16602,-62.29245,-414.986084
1903,-291,-375,1903.17188,-286.293243,-375.985077
1812,-720,-377,1812.17773,-690.969177,-377.98407
1966,-295,-363,1966.18848,-265.961914,-363.982056
1903,-291,-375,1903.17773,-261.970856,-375.984039
2030,317,-484,2029.70825,368.713501,-484.956482
1991,503,-476,1990.70862,554.794373,-476.956604
1970,317,-466,1969.70972,368.743958,-466.95694
2004,120,-467,2003.70972,142.629868,-467.95694
2030,317,-484,2029.70825,339.666199,-484.956482
1970,317,-466,1969.70862,339.65802,-466.956604
2035,-70,-429,2034.52441,-65.937767,-429.879669
2043,120,-485,2042.52441,124.048813,-485.879669
1995,-67,-408,1994.52441,-62.9348335,-408.879608
1966,-295,-363,1965.52441,-286.268066,-363.879669
2035,-70,-429,2034.52539,-61.2883835,-429.880188
1995,-67,-408,1994.52466,-58.2863197,-408.879761
1966,-295,-363,1966.16016,-290.254333,-363.987091
1995,-67,-408,1995.15381,-62.2688446,-408.988098
1956,-67,-414,1956.15356,-62.2708817,-414.988129
1995,-67,-408,1995.15332,-63.7678032,-408.988159
2004,120,-467,2004.15356,123.229004,-467.988129
1956,-67,-414,1956.16016,-63.7694092,-414.987091
2043,120,-485,2042.57263,162.249344,-485.904053
2030,317,-484,2029.57227,359.230072,-484.9039
2004,120,-467,2003.57324,162.273193,-467.904358
2053,323,-522,2052.00098,325.948486,-522.042969
1989,515,-515,1988.00098,517.953491,-515.043335
1991,503,-476,1990.00098,505.955017,-476.042633
2072,120,-564,2071.00293,132.845703,-564.075928
2053,323,-522,2052.00293,335.855164,-522.075562
2069,120,-523,2068.00293,132.844147,-523.075562
1920,120,-484,1920.86572,137.167526,-484.500488
1931,321,-488,1931.86865,338.182129,-488.495331
1900,120,-520,1900.87158,137.176041,-520.490112
1897,-74,-477,1897.88635,-65.6767807,-477.462982
1918,-70,-438,1918.88623,-61.6738739,-438.463013
1920,120,-484,1920.8811,128.337494,-484.4729
1903,-291,-375,1903.86865,-286.123322,-375.495331
1918,-70,-438,1918.86633,-65.1121979,-438.499451
1871,-291,-431,1871.86865,-286.122711,-431.495392
1770,-720,-450,1770.86572,-714.435547,-450.500458
1903,-291,-375,1903.8689,-285.43866,-375.494934
1871,-291,-431,1871.8634,-285.440002,-431.504486
2043,120,-485,2042.14685,138.55513,-485.521637
2053,323,-522,2052.14087,341.562622,-522.511719
2030,317,-484,2029.14685,335.558258,-484.521637
1995,-67,-408,1994.57324,-63.2885056,-408.904358
2043,120,-485,2042.57239,123.70874,-485.903961
2004,120,-467,2003.57227,123.709808,-467.9039
2072,120,-564,2071.00879,128.271667,-563.867737
2046,331,-565,2045.00964,339.278381,-564.861511
2053,323,-522,2052.01074,331.282684,-521.853821
2035,-70,-429,2034.17078,-62.1869774,-429.558899
2069,120,-523,2068.16577,127.82032,-523.55127
2043,120,-485,2042.17053,127.815643,-485.558502
1918,-70,-438,1918.38965,-65.4960709,-438.920868
1960,120,-467,1960.38965,124.495926,-467.920959
1920,120,-484,1920.39453,124.494827,-484.918854
1871,-291,-431,1871.88623,-286.016998,-431.463165
1918,-70,-438,1918.88635,-65.0010757,-438.462982
1897,-74,-477,1897.88684,-69.0040131,-477.462036
1897,-74,-477,1897.86865,-65.4808731,-477.495361
1920,120,-484,1920.86865,128.534012,-484.4953
1900,120,-520,1900.87207,128.537048,-520.48938
1882,-294,-495,1882.99817,-279.81723,-494.939514
1897,-74,-477,1897.99805,-59.7816811,-476.937561
1899,-79,-522,1899.99902,-64.7743454,-521.955872
1843,-720,-492,1843.4729,-693.994141,-491.118896
1882,-294,-495,1882.47314,-268.015198,-494.119019
1938,-299,-526,1938.48132,-273.0271,-525.123474
1929,120,-607,1929.4668,125.043571,-606.115662
1947,334,-570,1947.46545,339.029449,-569.114929
1965,120,-626,1965.46509,125.040657,-625.114746
1801,120,-928,1801.74353,125.341751,-927.331299
1794,326,-862,1794.75134,331.345154,-861.340088
1825,327,-897,1825.75134,332.34613,-896.340088
1802,120,-815,1802.84229,996.185791,-815.539001
1801,320,-817,1801.84265,1195.74731,-817.538452
1783,120,-845,1783.84473,996.293945,-845.535156
1802,120,-815,1802.6676,373.988586,-815.744507
1835,312,-786,1835.66699,565.922119,-786.744934
1801,320,-817,1801.67798,573.952209,-817.735046
1890,120,-788,1889.84668,148.768631,-788.988159
1880,308,-793,1879.84778,336.796448,-793.988342
1835,312,-786,1834.84778,340.80249,-786.988342
1905,315,-873,1904.03491,320.147461,-872.738098
1940,120,-888,1939.03503,125.161774,-887.737671
1930,120,-923,1929.03381,125.157921,-922.742188
1930,120,-923,1929.2998,123.621056,-922.286072
1871,323,-903,1870.29492,326.625519,-902.290894
1905,315,-873,1904.30005,318.627594,-872.285828
1801,120,-928,1801.55664,125.473335,-927.16925
1825,327,-897,1825.5509,332.460785,-896.165466
1832,120,-949,1832.55444,125.476952,-948.167786
1748,-294,-817,1748.97937,-286.35907,-817.20166
1775,-77,-825,1775.97839,-69.3613892,-825.206543
1767,-77,-866,1767.97839,-69.3556747,-866.206604
1838,-291,-736,1838.3623,-284.193756,-736.932007
1848,-77,-766,1848.3623,-70.1977768,-766.931946
1778,-291,-760,1778.36353,-284.190399,-760.93158
1905,315,-873,1904.03491,317.474854,-872.738098
1850,466,-843,1849.03491,468.480652,-842.738098
1866,456,-801,1865.03516,458.480316,-800.737183
1911,309,-827,1910.00488,314.097382,-826.901306
1927,216,-847,1926.00476,221.09491,-846.902588
1905,315,-873,1904.00488,320.096222,-872.901306
1952,-77,-837,1951.00098,-63.3502502,-837.042969
1940,120,-888,1939.00098,133.680573,-888.043396
1938,120,-839,1937.00098,133.678864,-839.042969
1894,-443,-690,1893.50977,-440.735046,-690.871582
1895,-295,-766,1894.50977,-292.733856,-766.871582
1838,-291,-736,1837.50989,-288.734283,-736.871643
1880,308,-793,1879.67603,320.250702,-793.946045
1866,456,-801,1865.67603,468.220703,-801.946045
1823,452,-786,1822.67615,464.220062,-786.946106
1914,120,-796,1913.67615,143.277039,-796.946106
1880,308,-793,1879.67603,331.240814,-793.946045
1890,120,-788,1889.67651,143.282852,-788.946228
1932,-77,-793,1931.49634,-59.6164665,-793.863892
1914,120,-796,1913.49609,137.397156,-796.863708
1896,-77,-772,1895.49634,-59.6257629,-772.863892
1895,-295,-766,1894.49634,-249.599762,-766.863892
1932,-77,-793,1931.49207,-31.5893612,-793.861389
1896,-77,-772,1895.49609,-31.5722923,-772.863708
1801,320,-817,1801.92932,334.955536,-817.369141
1823,452,-786,1823.92554,466.99292,-786.378601
1807,462,-828,1807.92542,476.983612,-828.378906
1783,120,-845,1783.98633,135.112961,-845.164673
1801,320,-817,1801.98621,335.073547,-817.164795
1794,326,-862,1794.98816,341.081696,-862.153015
1767,-77,-866,1767.99707,-65.6997681,-865.923523
1783,120,-845,1783.99707,131.268845,-844.923523
1786,120,-890,1786.99707,131.270233,-889.923828
1771,-299,-876,1771.91467,151.557022,-875.595825
1767,-77,-866,1767.91077,374.454315,-865.587097
1787,-77,-910,1787.90894,374.509125,-909.583069
1825,327,-897,1825.36243,329.331604,-896.067993
1807,462,-828,1807.36243,464.327179,-827.067993
1850,466,-843,1850.36243,468.326904,-842.067993
1832,120,-949,1832.10645,124.062637,-948.005737
1825,327,-897,1825.09863,331.074829,-896.004883
1871,323,-903,1871.09802,327.074707,-902.004822
1924,-443,-836,1923.12146,-427.113647,-835.522339
1888,-304,-883,1887.12256,-288.108429,-882.520325
1919,-301,-826,1918.11462,-285.117981,-825.535156
1804,-77,-786,1804.46289,-69.2958221,-786.886292
1847,120,-791,1847.46484,127.691292,-791.885376
1802,120,-815,1802.46289,127.694237,-815.886414
1778,-291,-760,1778.88428,-284.948608,-760.466919
1804,-77,-786,1804.88342,-70.9619446,-786.468567
1748,-294,-817,1748.8833,-287.947388,-817.46875
1758,-443,-721,1758.8833,-438.722168,-721.468567
1778,-291,-760,1778.8833,-286.713959,-760.468689
1748,-294,-817,1748.8833,-289.710785,-817.468689
1786,120,-890,1786.93127,131.348068,-889.635742
1794,326,-862,1794.92725,337.31546,-861.625977
1801,120,-928,1801.92554,131.342377,-927.621399
1787,-77,-910,1787.92737,-47.0867462,-909.625977
1786,120,-890,1786.9259,149.950409,-889.622253
1801,120,-928,1801.92542,149.927887,-927.621094
1885,120,-946,1884.53125,124.696762,-945.116699
1871,323,-903,1870.53125,327.705353,-902.116699
1930,120,-923,1929.53125,124.697899,-922.116699
1911,309,-827,1910.07227,321.987793,-827.37323
1914,120,-796,1913.07385,133.00824,-796.376953
1927,216,-847,1926.07019,229.002136,-847.367798
1952,-77,-837,1951.08875,-62.1224365,-837.411743
1938,120,-839,1937.0885,134.892853,-839.411194
1932,-77,-793,1931.08459,-62.1277618,-793.402405
1894,-443,-690,1893.0625,-437.235748,-690.347961
1919,-301,-826,1918.06824,-295.235504,-826.362915
1895,-295,-766,1894.06311,-289.23465,-766.349609
1911,309,-827,1910.26477,317.276642,-827.677795
1880,308,-793,1879.26477,316.274414,-793.677734
1914,120,-796,1913.2655,128.265091,-796.678589
1896,-77,-772,1895.68506,-65.4748535,-772.949097
1914,120,-796,1913.67615,131.500748,-796.946106
1890,120,-788,1889.67615,131.500748,-788.946106
1895,-295,-766,1894.53125,-249.121002,-766.883301
1896,-77,-772,1895.53125,-31.0863953,-772.883301
1838,-291,-736,1837.53235,-245.145874,-736.883911
1783,120,-845,1783.99707,140.837128,-844.923828
1794,326,-862,1794.99707,346.861542,-861.923523
1786,120,-890,1786.99707,140.842255,-889.923828
1775,-77,-825,1775.97937,-60.3136215,-825.201782
1783,120,-845,1783.98059,136.653564,-845.196045
1767,-77,-866,1767.97937,-60.3177452,-866.201782
1832,120,-949,1831.93762,124.749344,-948.001953
1871,323,-903,1870.93762,327.754883,-902.001953
1885,120,-946,1884.9375,124.751083,-945.002014
1927,216,-847,1926.12781,223.207047,-847.489136
1914,120,-796,1913.12732,127.197701,-796.488281
1938,120,-839,1937.12732,127.199455,-839.488281
1940,120,-888,1939.00098,128.253647,-888.043762
1927,216,-847,1926.00098,224.261139,-847.042969
1938,120,-839,1937.00098,128.254684,-839.042969
1905,315,-873,1904.00769,320.296631,-872.876221
1927,216,-847,1926.00671,221.286423,-846.884338
1940,120,-888,1939.00671,125.281418,-887.884338
1848,-77,-766,1848.41113,-68.0109177,-766.91156
1847,120,-791,1847.40234,128.990372,-791.915466
1804,-77,-786,1804.4032,-68.0141678,-786.9151
1778,-291,-760,1778.41113,-284.78595,-760.91156
1848,-77,-766,1848.41113,-70.8005295,-766.91156
1804,-77,-786,1804.41113,-70.8020706,-786.91156
1767,-77,-866,1767.91101,-50.7533531,-865.587646
1786,120,-890,1786.90881,146.279846,-889.583008
1787,-77,-910,1787.91077,-50.7696915,-909.587097
1947,-77,-885,1946.00476,-47.2535324,-884.902588
1940,120,-888,1939.00488,149.695251,-887.901306
1952,-77,-837,1951.00488,-47.2499161,-836.901306
1932,-77,-793,1931.12207,-65.6418304,-793.47876
1938,120,-839,1937.12329,131.334244,-839.481018
1914,120,-796,1913.12317,131.337051,-796.480774
1748,-294,-817,1748.79724,-285.835327,-817.603516
1804,-77,-786,1804.79492,-68.8336334,-786.606689
1775,-77,-825,1775.79431,-68.8285828,-825.607361
1838,-291,-736,1837.86865,-283.628967,-736.991333
1896,-77,-772,1895.86731,-69.6426773,-772.99115
1848,-77,-766,1847.88281,-69.6385193,-766.993042
1758,-443,-721,1758.36243,-439.498169,-721.932007
1838,-291,-736,1838.36719,-287.497528,-736.930115
1778,-291,-760,1778.3623,-287.499298,-760.931885
1897,-720,-26,1896.48535,-537.852417,-25.1425991
2002,1020,48,2001.48608,1205.77747,48.8578377
2021,-720,48,2020.48047,-537.557373,48.8544273
1463,1020,-1322,1462.04858,1053.58984,-1321.69214
1475,642,-1322,1474.04858,675.430603,-1321.69214
1424,642,-1472,1423.05347,675.44281,-1471.67749
1424,642,-1472,1423.24146,676.102295,-1471.34839
1279,1020,-1620,1278.24719,1054.17273,-1619.3418
1409,1020,-1472,1408.24731,1054.28748,-1471.34167
1217,-720,-608,1216.26526,-692.953186,-608.678345
1407,-720,-811,1406.26538,-692.954041,-811.678467
1376,264,-831,1375.26489,291.015961,-831.677917
1407,-720,-811,1406.0293,-692.098816,-811.240234
1410,264,-960,1409.03015,292.100769,-960.243652
1376,264,-831,1375.03491,292.0802,-831.26178
1407,1020,-811,1406.06323,1050.15601,-811.349731
1420,642,-811,1419.06213,672.317566,-811.346924
1463,1020,-958,1462.06335,1050.15222,-958.35022
1463,1020,-958,1462.0592,1052.71533,-958.338867
1420,642,-811,1419.06311,674.841858,-811.349609
1475,642,-958,1474.06311,674.780212,-958.349609
1484,1020,-1140,1483.00671,1051.3252,-1140.11523
1463,1020,-958,1462.00488,1051.32898,-958.098083
1475,642,-958,1474.00488,673.381226,-958.098083
1475,642,-1322,1474.00488,673.43158,-1321.90137
1484,1020,-1140,1483.00488,1051.37158,-1139.90137
1496,642,-1140,1495.00488,673.423828,-1139.90137
1484,1020,-1140,1483.00671,1051.3252,-1140.11523
1475,642,-958,1474.00488,673.381226,-958.098083
1496,642,-1140,1495.00671,673.377319,-1140.11523
1463,1020,-1322,1462.05823,1046.02197,-1321.66382
1424,642,-1472,1423.0592,668.179077,-1471.66113
1409,1020,-1472,1408.05359,1046.04822,-1471.67712
1407,1020,-811,1406.32043,1061.84436,-811.733582
1217,254,-608,1216.32056,296.067474,-608.733704
1420,642,-811,1419.32043,683.899963,-811.733582
1622,-317,-1440,1622.35938,-313.266235,-1440.93311
1544,-326,-1468,1544.36267,-322.265472,-1468.93188
1573,-722,-1346,1573.34961,-718.260193,-1346.93689
1740,-722,-1368,1739.58789,-717.570679,-1368.91113
1704,-324,-1453,1703.58789,-319.580139,-1453.91113
1660,-722,-1333,1659.59668,-717.57312,-1333.91504
1481,64,-1689,1481.92578,71.6888962,-1689.37805
1474,12,-1688,1474.92249,19.6830196,-1688.38574
1490,33,-1656,1490.92053,40.6847115,-1656.39038
1544,-326,-1468,1544.78052,-320.967285,-1468.625
1490,33,-1656,1490.77295,38.0326157,-1656.6344
1490,-348,-1529,1490.78455,-342.966614,-1529.62
1501,-722,-1405,1501.77319,-716.791626,-1405.63416
1544,-326,-1468,1544.77319,-320.784149,-1468.63416
1490,-348,-1529,1490.7677,-342.78717,-1529.64062
1526,172,-1705,1526.17493,173.212799,-1705.9845
1559,70,-1616,1559.18665,71.2152252,-1616.98242
1646,83,-1610,1646.1864,84.213501,-1610.98242
1559,70,-1616,1559.13086,72.2423019,-1616.99133
1622,-317,-1440,1622.12305,-314.744324,-1440.99231
1646,83,-1610,1646.13135,85.2394257,-1610.99133
1660,-722,-1333,1660.15149,-717.835754,-1333.9884
1622,-317,-1440,1622.15137,-312.819916,-1440.9884
1573,-722,-1346,1573.15137,-717.838318,-1346.9884
1757,163,-1774,1756.20764,164.695511,-1774.60999
1680,245,-1758,1679.21033,246.694733,-1758.61353
1727,69,-1639,1726.20728,70.6891556,-1639.6095
1727,69,-1639,1726.18994,72.6777802,-1639.5863
1768,-345,-1502,1767.18994,-341.31192,-1502.5863
1782,30,-1697,1781.1897,33.6791954,-1697.58594
1792,-722,-1440,1791.19019,-715.446655,-1440.58667
1768,-345,-1502,1767.1897,-338.453156,-1502.58594
1740,-722,-1368,1739.18616,-715.438293,-1368.58105
1481,64,-1689,1481.69714,65.854538,-1689.71692
1490,33,-1656,1490.69678,34.8543434,-1656.71729
1559,70,-1616,1559.69629,71.8520737,-1616.71765
1559,70,-1616,1559.61328,73.1719971,-1616.78967
1490,33,-1656,1490.61328,36.1715088,-1656.78955
1544,-326,-1468,1544.61328,-322.832947,-1468.78979
1573,-722,-1346,1573.62793,-716.736694,-1346.7782
1544,-326,-1468,1544.63281,-320.74939,-1468.77429
1501,-722,-1405,1501.62952,-716.726929,-1405.77698
1660,-722,-1333,1659.81274,-718.248596,-1333.9823
1704,-324,-1453,1703.80774,-320.249268,-1453.98132
1622,-317,-1440,1621.82324,-313.252228,-1440.98425
1646,83,-1610,1645.79333,85.4722748,-1610.97839
1622,-317,-1440,1621.81274,-314.53891,-1440.9823
1704,-324,-1453,1703.79797,-321.53714,-1453.97937
1526,172,-1705,1526.29236,173.588181,-1705.9563
1646,83,-1610,1646.28223,84.5865097,-1610.95923
1598,241,-1729,1598.28259,242.59024,-1729.95923
1768,-345,-1502,1767.33984,-340.368256,-1502.7511
1704,-324,-1453,1703.34009,-319.371429,-1453.75134
1740,-722,-1368,1739.33997,-717.392944,-1368.75122
1727,69,-1639,1726.31934,72.1938629,-1639.73254
1704,-324,-1453,1703.32104,-320.810028,-1453.73413
1768,-345,-1502,1767.33105,-341.810516,-1502.74329
1757,163,-1774,1756.13525,165.273376,-1774.5022
1727,69,-1639,1726.13806,71.2712479,-1639.50696
1782,30,-1697,1781.13599,32.2747154,-1697.50342
1598,241,-1729,1597.6875,242.270264,-1729.94983
1646,83,-1610,1645.70605,84.2657623,-1610.95581
1680,245,-1758,1679.70605,246.270905,-1758.95581
1792,-722,-1440,1791.05042,-713.001648,-1440.31348
1797,-374,-1575,1796.05042,-364.93808,-1575.31348
1768,-345,-1502,1767.05347,-335.945679,-1502.32239
1782,30,-1697,1781.05261,37.2428322,-1697.32007
1768,-345,-1502,1767.05347,-337.703033,-1502.32239
1797,-374,-1575,1796.05042,-366.71048,-1575.31348
1501,-722,-1405,1501.92529,-711.532532,-1405.37891
1428,-348,-1685,1428.92737,-337.441284,-1685.37402
1394,-722,-1675,1394.92944,-711.485718,-1675.3689
1428,-348,-1685,1428.92529,-339.838196,-1685.37891
1490,-348,-1529,1490.92566,-339.82608,-1529.3783
1474,12,-1688,1474.92944,20.2033215,-1688.3689
1501,-722,-1405,1501.92603,-711.48584,-1405.37744
1490,-348,-1529,1490.92529,-337.491455,-1529.37878
1428,-348,-1685,1428.92578,-337.463104,-1685.37805
1474,12,-1688,1474.92542,19.9935551,-1688.37878
1490,-348,-1529,1490.92053,-340.011993,-1529.39062
1490,33,-1656,1490.92053,40.9878082,-1656.39038
1797,-374,-1575,1796.00769,-344.848816,-1575.12305
1792,-722,-1440,1791.00867,-692.903748,-1440.13123
1804,-722,-1533,1803.00867,-692.872681,-1533.13086
2013,-727,-1559,2013.6582,-723.739746,-1559.75281
2073,-727,-1507,2073.64453,-723.743103,-1507.76453
2074,-402,-1638,2074.63867,-398.757782,-1638.76941
2124,-390,-1586,2124.76782,-388.156067,-1586.64062
2119,-174,-1776,2119.77271,-172.159012,-1776.63452
2074,-402,-1638,2074.76318,-400.15387,-1638.64612
2193,-398,-1561,2192.79443,-392.482361,-1561.97864
2150,-727,-1494,2149.78589,-721.48584,-1494.97681
2261,-423,-1571,2260.79297,-417.488983,-1571.97827
2249,-17,-1752,2249.30762,-15.0714302,-1752.95142
2193,-398,-1561,2193.30859,-396.069702,-1561.95117
2317,-6,-1735,2317.31738,-4.07057858,-1735.94824
2366,-157,-1724,2365.35498,-151.095062,-1724.76416
2310,-459,-1611,2309.35938,-453.090942,-1611.76782
2397,-215,-1737,2396.35376,-209.094742,-1737.76306
2019,-727,-1807,2019.9823,-721.517517,-1806.81274
1988,-727,-1636,1988.98132,-721.511353,-1635.80774
2055,-430,-1703,2055.98218,-424.522308,-1702.8125
2055,-430,-1703,2055.98926,-427.17218,-1703.14514
2074,-402,-1638,2074.98804,-399.171234,-1638.15295
2090,-302,-1781,2090.98828,-299.17392,-1781.15161
2019,-727,-1807,2019.98816,-721.479309,-1806.84668
2055,-430,-1703,2055.9873,-424.458405,-1702.84119
2090,-302,-1781,2090.98535,-296.460175,-1780.82947
2055,-430,-1703,2055.98242,-425.615112,-1703.18652
2013,-727,-1559,2013.97937,-722.610107,-1559.20166
2074,-402,-1638,2074.98242,-397.610535,-1638.1864
2074,-402,-1638,2074.74341,-398.203278,-1638.6687
2073,-727,-1507,2073.74414,-723.204346,-1507.66797
2124,-390,-1586,2124.75122,-386.200348,-1586.66003
2124,-390,-1586,2124.30786,-385.743896,-1586.95142
2150,-727,-1494,2150.30859,-722.751526,-1494.95117
2193,-398,-1561,2193.30762,-393.741516,-1561.95129
2124,-390,-1586,2124.84424,-387.740295,-1586.53589
2168,-89,-1770,2168.84229,-86.7500153,-1770.53882
2119,-174,-1776,2119.84424,-171.749283,-1776.53589
2261,-423,-1571,2260.64844,-413.680664,-1571.93616
2150,-727,-1494,2149.64429,-717.691345,-1494.93457
2224,-727,-1522,2223.64844,-717.687927,-1522.93616
2366,-157,-1724,2365.30005,-149.850266,-1724.71411
2261,-423,-1571,2260.30078,-415.877869,-1571.71484
2310,-459,-1611,2309.30176,-451.879395,-1611.71582
2249,-17,-1752,2249.27563,-15.1184416,-1752.96118
2124,-390,-1586,2124.28345,-388.121033,-1586.95898
2193,-398,-1561,2193.27539,-396.123413,-1561.9613
2317,-6,-1735,2316.73145,-3.13104272,-1735.96326
2193,-398,-1561,2192.72974,-395.1315,-1561.96277
2261,-423,-1571,2260.73633,-420.133575,-1571.9646
2261,-423,-1571,2260.34106,-398.929688,-1571.7522
2224,-727,-1522,2223.33984,-702.957275,-1522.7511
2310,-459,-1611,2309.34009,-434.91156,-1611.75134
2706,1093,-484,2706.99609,1105.48279,-483.912354
2643,350,-462,2643.99707,362.366577,-461.923523
2695,1093,-343,2695.99609,1105.48279,-342.912354
2798,350,-164,2798.54858,374.437927,-164.836075
2748,1093,-234,2748.54004,1117.26111,-234.841599
2704,350,-226,2704.54858,374.402679,-226.836014
2706,1093,-484,2706.88721,1108.14001,-483.538727
2697,350,-573,2697.89844,365.206238,-572.560913
2643,350,-462,2643.88623,365.217834,-461.536774
2695,1093,-343,2695.99902,1108.23816,-343.042358
2643,350,-462,2643.99902,365.254486,-462.042267
2645,350,-334,2645.99902,365.243591,-334.042267
2796,1093,-580,2796.73267,1104.05676,-579.319458
2697,350,-573,2697.73389,361.092285,-572.32074
2706,1093,-484,2706.72974,1104.05408,-483.316284
2704,350,-226,2704.87256,365.993561,-226.488373
2695,1093,-343,2695.88086,1108.96008,-343.473358
2645,350,-334,2645.86865,365.963379,-334.49527
2788,1093,-198,2788.6604,1132.9519,-198.7509
2748,1093,-234,2748.66016,1132.96167,-234.751114
2798,350,-164,2798.66016,389.721924,-164.751099
2246,-430,-233,2245.01074,-425.820312,-232.853821
2300,-467,84,2299.00781,-462.805511,84.1242599
2354,-727,32,2353.0105,-722.810425,32.144371
2157,-727,-409,2156.6543,-723.576111,-408.061676
2205,-402,-287,2204.6543,-398.585938,-286.061676
2232,-727,-382,2231.65552,-723.572327,-381.061218
2081,-727,-393,2081.52832,-721.428833,-392.15097
2006,-423,-281,2006.53418,-417.434296,-280.154633
2066,-398,-314,2066.52734,-392.440979,-313.15036
2066,-398,-314,2066.06177,-393.866211,-313.001923
2138,-390,-317,2138.06079,-385.870789,-316.001862
2081,-727,-393,2081.06079,-722.849304,-392.001862
2081,-81,-159,2081.28516,-78.864624,-158.041519
2066,-398,-314,2066.28491,-395.860291,-313.041473
2008,-103,-148,2008.2832,-100.866272,-147.040955
2041,172,80,2041.38867,173.196548,80.9213409
2081,-81,-159,2081.37988,-79.7964935,-158.074966
2008,-103,-148,2008.39014,-101.795341,-147.079254
2232,-727,-382,2231.2356,-723.551758,-381.355286
2246,-430,-233,2245.23584,-426.540833,-232.35498
2284,-727,-321,2283.23584,-723.552185,-320.35498
2205,-402,-287,2204.1333,-398.448273,-286.50119
2223,-134,-107,2222.13159,-130.439407,-106.50415
2246,-430,-233,2245.13086,-426.445618,-232.505447
2225,-11,21,2224.15527,-8.51029682,21.5351963
2157,-93,-148,2156.14917,-90.5215454,-147.474564
2184,87,32,2183.15503,89.4924698,32.5348015
2225,-11,21,2224.20703,-9.46091652,21.6092529
2223,-134,-107,2222.21802,-132.466721,-106.376701
2157,-93,-148,2156.21948,-91.4652405,-147.374878
2081,-727,-393,2081.19849,-723.156555,-392.019897
2138,-390,-317,2138.20483,-386.150085,-316.02121
2157,-727,-409,2157.20801,-723.158508,-408.021881
2138,-390,-317,2137.5498,-386.367554,-316.107086
2205,-402,-287,2204.5498,-398.370026,-286.107086
2157,-727,-409,2156.5459,-723.380737,-408.10907
2157,-93,-148,2156.30957,-90.3128128,-147.276611
2223,-134,-107,2222.3125,-131.31192,-106.273819
2138,-390,-317,2137.31152,-387.309387,-316.27475
2205,-402,-287,2204.14893,-397.683563,-286.474976
2246,-430,-233,2245.14404,-425.687164,-232.482956
2232,-727,-382,2231.14941,-722.697876,-381.474182
2022,-727,-339,2022.66821,-717.888245,-338.256042
2006,-423,-281,2006.66797,-413.849701,-280.255829
2081,-727,-393,2081.66846,-717.902283,-392.256256
2006,-423,-281,2006.70215,-419.583191,-280.287994
1956,-152,-118,1956.70215,-148.594101,-117.287971
2008,-103,-148,2008.70325,-99.5946426,-147.289062
2008,-103,-148,2008.79529,-100.859657,-147.393784
1956,-152,-118,1956.7926,-149.861374,-117.390266
1967,49,25,1967.79626,51.1362686,25.6049118
2120,162,57,2120.17188,163.089981,57.9850998
2081,-81,-159,2081.18262,-79.9058685,-158.01683
2041,172,80,2041.17188,173.090393,80.9851074
2184,87,32,2183.51855,88.4746323,32.876442
2081,-81,-159,2080.51221,-79.5305481,-158.127045
2120,162,57,2119.50879,163.472763,57.8710403
2081,-81,-159,2081.09863,-78.9702301,-158.004883
2138,-390,-317,2138.08862,-387.980225,-316.003937
2066,-398,-314,2066.09863,-395.980316,-313.004883
2138,-390,-317,2137.51172,-388.136536,-316.127319
2223,-134,-107,2222.49902,-132.133987,-106.134544
2205,-402,-287,2204.50098,-400.134399,-286.133423
2022,-727,-339,2022.88672,-702.564392,-338.53772
1975,-459,-225,1975.88647,-434.546295,-224.537231
2006,-423,-281,2006.8811,-398.550293,-280.5271
2246,-430,-233,2245.01831,-424.365173,-232.809525
2354,-727,32,2353.0166,-721.356262,32.1808662
2284,-727,-321,2283.01733,-721.340027,-320.814636
1892,-459,55,1892.99219,-452.002991,55.1246986
1967,49,25,1967.99133,56.0318642,25.131279
1956,-152,-118,1956.99133,-144.976364,-117.868629
1975,-459,-225,1975.88635,-448.337677,-224.537003
1956,-152,-118,1956.89648,-141.318405,-117.556931
2006,-423,-281,2006.9071,-412.32605,-280.579102
1892,-459,55,1892.95874,-434.051361,55.2840767
1956,-152,-118,1956.95898,-126.928436,-117.716545
1975,-459,-225,1975.95581,-434.011383,-224.706024
2251,-194,63,2250.00488,-188.252014,63.0981636
2300,-467,84,2299.00488,-461.248596,84.0978241
2223,-134,-107,2222.00488,-128.247314,-106.901306
1487,-391,-832,1486.02319,-387.328857,-831.785889
1504,-392,-759,1503.02319,-388.332001,-758.785889
1597,-741,-786,1596.02515,-737.317261,-785.777161
1446,-408,-895,1445.28235,-402.471832,-894.30365
1566,-741,-862,1565.28271,-735.448059,-861.303223
1506,-741,-922,1505.28503,-735.447388,-921.300842
1282,-100,-706,1281.12756,-98.7097092,-706.488708
1410,-228,-731,1409.12817,-226.708893,-731.489807
1305,-79,-779,1304.12793,-77.7110977,-779.48938
1410,-228,-731,1409.15466,-225.418823,-731.53418
1473,-412,-695,1472.15503,-409.417877,-695.53479
1504,-392,-759,1503.15466,-389.417328,-759.53418
1597,-741,-786,1596.07007,-736.501709,-786.367676
1504,-392,-759,1503.07031,-387.519897,-759.368103
1568,-741,-713,1567.06836,-736.49884,-713.363281
1397,-440,-932,1396.75488,-422.452087,-931.030518
1506,-741,-922,1505.75903,-723.447693,-921.02948
1400,-741,-949,1399.75488,-723.437012,-948.030518
1506,-741,-664,1505.38171,-733.798645,-664.78595
1568,-741,-713,1567.38538,-733.800415,-713.788818
1473,-412,-695,1472.38501,-404.760895,-695.788513
1370,-271,-674,1369.75684,-256.870087,-674.969971
1259,-148,-655,1258.75879,-133.84288,-655.970459
1217,-211,-640,1216.7605,-196.840073,-640.970886
1370,-271,-674,1369.33118,-268.295715,-674.743408
1473,-412,-695,1472.33191,-409.298828,-695.74408
1410,-228,-731,1409.33301,-225.292404,-731.745056
1506,-741,-664,1505.48633,-733.503296,-664.857971
1473,-412,-695,1472.47656,-404.497284,-695.852051
1418,-446,-657,1417.49634,-438.495331,-657.863892
1240,-741,-702,1240.26184,-666.589722,-702.965088
1425,-741,-651,1425.26184,-666.800781,-651.965088
1418,-446,-657,1418.26184,-371.91983,-657.965088
1370,-271,-674,1369.51978,-266.347107,-674.877136
1418,-446,-657,1417.53125,-441.35611,-657.883301
1473,-412,-695,1472.51855,-407.352814,-695.876465
1259,-148,-655,1258.35376,-145.964203,-655.763123
1410,-228,-731,1409.35413,-225.959244,-731.763428
1282,-100,-706,1281.35364,-97.963623,-706.763
1370,-271,-674,1369.36584,-268.762451,-674.773193
1410,-228,-731,1409.36719,-225.762573,-731.774292
1259,-148,-655,1258.36584,-145.761734,-655.773193
1408,-217,-805,1407.00293,-215.645157,-805.075317
1305,-79,-779,1304.00391,-77.6427231,-779.087708
1410,-228,-731,1409.00391,-226.646011,-731.087708
1410,-228,-731,1409.00098,-226.198746,-731.042969
1504,-392,-759,1503.00098,-390.198486,-759.043701
1408,-217,-805,1407.00098,-215.196716,-805.042969
1568,-741,-713,1567.12732,-736.560181,-713.488281
1504,-392,-759,1503.12732,-387.542572,-759.488281
1473,-412,-695,1472.12756,-407.54364,-695.488586
1487,-391,-832,1486.07031,-386.82901,-831.631653
1597,-741,-786,1596.06824,-736.835999,-785.636963
1566,-741,-862,1565.07214,-736.834961,-861.627075
1384,-232,-874,1383.50977,-228.295654,-873.128418
1446,-408,-895,1445.50977,-404.298584,-894.128418
1397,-440,-932,1396.50977,-436.300385,-931.128418
1384,-232,-874,1383.21033,-229.219193,-873.386475
1487,-391,-832,1486.21057,-388.219849,-831.386169
1446,-408,-895,1445.20215,-405.218964,-894.397156
1446,-408,-895,1445.1925,-403.633026,-894.410156
1487,-391,-832,1486.18481,-386.630463,-831.420837
1566,-741,-862,1565.19031,-736.610352,-861.413147
1397,-440,-932,1396.45935,-433.992401,-931.158752
1446,-408,-895,1445.46423,-401.996399,-894.15564
1506,-741,-922,1505.46387,-734.992432,-921.155884
1217,-211,-640,1216.71655,-205.165939,-640.958984
1418,-446,-657,1417.71716,-440.160034,-657.959167
1370,-271,-674,1369.71655,-265.170288,-674.958984
1425,-741,-651,1424.84668,-698.930054,-651.988159
1506,-741,-664,1505.84082,-698.92749,-664.987244
1418,-446,-657,1417.84668,-403.922394,-657.988159
2794,350,-639,2794.55444,367.888489,-638.167786
2793,-22,-663,2793.55737,-4.03664541,-662.169739
2697,350,-573,2697.5542,367.895172,-572.167664
1020,216,-450,1020.16016,227.433273,-450.987061
1251,47,-397,1251.16016,58.4353027,-397.987091
1291,233,-407,1291.16016,244.468658,-407.987091
1484,233,-663,1483.04956,2623.63428,-662.689148
1491,568,-641,1490.04858,2957.90967,-640.692139
1530,570,-521,1529.04883,2961.05249,-520.691345
1484,233,-663,1483.33105,261.641327,-662.256714
1333,559,-782,1332.33105,587.582764,-781.256714
1491,568,-641,1490.33105,596.589417,-640.256714
1437,564,-401,1436.09741,579.316589,-401.43042
1464,1031,-529,1463.09436,1046.40173,-529.424011
1397,1031,-389,1396.09717,1046.40356,-389.429993
1291,233,-407,1290.82104,305.943268,-407.983856
1251,47,-397,1250.82043,120.050514,-397.983734
1359,40,-417,1358.82056,112.98188,-417.983765
1530,570,-521,1529.21057,578.0755,-521.613831
1464,1031,-529,1463.21033,1039.06946,-529.613464
1437,564,-401,1436.21069,572.079224,-401.613953
1530,570,-521,1529.00195,577.125244,-520.937561
1458,1031,-622,1457.00195,1038.09668,-621.937561
1464,1031,-529,1463.00281,1038.10278,-528.925171
975,521,-482,975.290039,538.346741,-482.957001
1020,216,-450,1020.29004,233.398911,-450.957001
1231,544,-406,1231.2832,561.378296,-406.959015
1020,216,-450,1020.17773,233.615326,-450.984039
1031,45,-438,1031.17773,62.61306,-438.984039
1251,47,-397,1251.17773,64.6258316,-397.984039
2593,209,-185,2592.8667,214.276459,-184.008926
2410,1027,-53,2409.87207,1032.24988,-52.0082169
2547,884,-62,2546.85742,889.255859,-61.0102196
2790,-390,-18,2789.65332,-362.540955,-17.0620174
2744,-701,-47,2743.65332,-673.605286,-46.0620193
2716,209,-22,2715.6416,236.593445,-21.066433
2457,181,-225,2456.76416,185.761353,-224.028214
2410,1027,-53,2409.75977,1031.76392,-52.0292854
2593,209,-185,2592.76465,213.762573,-184.028091
2323,139,-137,2323.54834,185.225128,-136.163757
2218,1058,-44,2218.55371,1104.45984,-43.1672935
2457,181,-225,2457.54785,227.19191,-224.163437
1877,518,-1294,1877.96265,531.649658,-1294.27039
1891,1052,-1394,1891.96265,1065.59204,-1394.27051
1784,1022,-1783,1784.9646,1035.56482,-1783.26367
1775,-310,-644,1775.84412,-297.856598,-643.463867
1713,-303,-542,1713.849,-290.86377,-541.47168
1755,-144,-585,1755.84412,-131.866791,-584.463867
1713,-303,-542,1713.9646,-297.783569,-541.736328
1725,-164,-485,1725.96753,-158.774384,-484.747253
1755,-144,-585,1755.9646,-138.782959,-584.736328
1847,-144,-559,1846.375,-135.93309,-558.219421
1775,-310,-644,1774.3656,-301.93045,-643.227051
1803,-99,-587,1802.36548,-90.9409866,-586.227112
1599,-265,-495,1599.26282,-262.56955,-494.035156
1725,-164,-485,1725.26184,-161.561401,-484.034912
1713,-303,-542,1713.26282,-300.567535,-541.035156
1649,-60,-242,1648.93762,-29.5557022,-241.001953
1650,0,-240,1649.9386,30.4264297,-239.001892
1703,-60,-239,1702.93835,-29.5755119,-238.001907
1743,-60,-102,1742.07275,-40.3811035,-102.374374
1761,-61,-145,1760.07349,-41.3756294,-145.376251
1761,0,-153,1760.07874,19.6219063,-153.388702
