72,0,1560,72.9887543,9.80739307,1560.14941
58,0,1650,58.9887466,9.81626892,1650.14941
74,65,1591,74.9867477,74.8131027,1591.16211
74,65,1591,74.9998932,82.3398895,1590.98547
78,136,1590,78.9998932,153.342651,1589.98547
77,137,1538,77.9998932,154.353409,1537.98547
376,154,995,376.995117,156.718414,995.098694
364,125,1010,364.994995,127.718765,1010.09991
382,184,1045,382.994965,186.716064,1045.10022
116,254,1512,116.21833,264.96347,1512.97583
161,131,1490,161.218918,141.988297,1490.97571
116,137,1501,116.21833,147.982101,1501.97583
-68,318,1525,-68.2227631,326.536438,1525.97485
-128,191,1496,-128.218506,199.539536,1496.97583
-126,311,1511,-126.222672,319.537933,1511.97485
-191,300,813,-191.369568,302.917847,812.070801
-129,240,811,-129.374695,242.915375,810.072876
-139,299,793,-139.364532,301.915894,792.068848
376,154,995,376.994934,156.166428,994.899475
356,120,948,356.996063,122.167465,947.911377
364,125,1010,364.995026,127.166832,1009.90039
351,237,163,351.587463,697.612488,163.80925
351,-134,162,351.588867,328.412506,162.808228
331,-134,177,331.588654,328.553345,177.80838
351,237,163,351.587463,697.612488,163.80925
331,-134,177,331.588654,328.553345,177.80838
331,237,178,331.599335,697.809692,178.800491
-223,233,488,-223.493866,265.336792,487.130463
-347,98,563,-347.493561,130.36174,562.13031
-222,217,488,-222.493469,249.341263,487.130249
-233,217,470,-232.464203,268.04364,470.84433
-359,232,550,-358.47348,282.994507,550.850159
-234,233,471,-233.464279,284.033722,471.844391
-310,232,667,-310.677734,243.454056,667.735229
-220,120,736,-220.677734,131.437347,736.735291
-303,120,660,-303.678345,131.444992,660.734741
-344,240,207,-344.861267,266.92688,206.491852
-287,135,116,-287.863739,161.945709,115.496063
-284,240,103,-284.863953,266.904694,102.496429
231,240,40,231.731491,259.632812,39.3181496
219,120,36,219.740372,139.595032,35.3278198
285,240,99,285.73175,259.641144,98.318428
342,240,574,342.880707,251.212891,574.473633
284,135,666,284.880676,146.215424,666.473633
290,240,675,290.882782,251.233322,675.469727
-235,120,46,-235.182281,150.548035,45.0167542
-148,127,30,-148.182251,157.535019,29.0167484
-235,240,42,-235.182281,270.562988,41.0167542
-1143,213,1421,-1143.69922,223.738251,1421.71484
-1497,153,1064,-1497.70813,163.631012,1064.70605
-1502,183,1063,-1502.70129,193.630096,1063.71277
-1248,240,808,-1248.6969,247.120468,807.282837
-1502,183,1063,-1502.69739,190.106964,1062.28333
-1497,153,1064,-1497.6969,160.106995,1063.28284
-1143,0,1421,-1143.71582,306.317932,1421.69812
-1120,210,1445,-1120.71423,517.00238,1445.69983
-1120,0,1444,-1120.71582,306.317932,1444.69812
-888,25,1168,-887.301758,155.997238,1168.71582
-887,210,1169,-886.30188,341.351593,1169.71594
-866,210,1148,-865.301758,341.351593,1148.71582
-888,25,1168,-887.301758,155.997238,1168.71582
-866,210,1148,-865.301758,341.351593,1148.71582
-868,25,1148,-867.301758,155.997238,1148.71582
-734,215,1281,-734.71582,4314.86816,1281.69812
-845,240,1169,-845.71582,4331.86768,1169.69812
-735,242,1280,-735.714905,4341.36768,1280.69922
-754,242,1299,-753.30188,279.751007,1298.28406
-866,210,1190,-865.301758,247.710373,1189.28418
-754,215,1300,-753.30188,252.759918,1299.28406
-1056,217,1618,-1055.13159,234.438858,1617.50415
-1142,210,1466,-1141.13135,227.45697,1465.50464
-1059,188,1616,-1058.13513,205.44136,1615.49805
-1172,53,1312,-1172.43555,62.3106003,1311.09985
-1197,128,1315,-1197.42688,137.306076,1314.0957
-1211,53,1331,-1211.43298,62.3150635,1330.09863
-1158,49,1285,-1158.88538,70.7755432,1284.53516
-1165,135,1290,-1165.88391,156.766281,1289.53235
-1172,53,1312,-1172.88428,74.7767487,1311.53308
-1197,49,1227,-1197.32251,52.9066925,1227.94653
-1194,144,1253,-1194.31995,147.901764,1253.94739
-1159,56,1242,-1159.33887,59.9079971,1242.9408
-1229,109,1253,-1228.58765,111.392365,1253.91101
-1220,144,1265,-1219.58691,146.392563,1265.91064
-1194,144,1253,-1193.58716,146.392242,1253.91077
-1229,102,1309,-1228.1897,104.053818,1308.41406
-1217,125,1306,-1216.1925,127.052979,1305.41016
-1226,139,1282,-1225.19556,141.052551,1281.40601
-1194,163,1282,-1194.76794,164.020248,1281.3595
-1175,131,1308,-1175.77283,132.019745,1307.36548
-1165,135,1290,-1165.77295,136.019882,1289.3656
-1271,59,1036,-1271.95117,60.5919838,1036.30859
-1293,104,1062,-1293.95618,105.593781,1062.29272
-1275,79,1066,-1275.95007,80.5927353,1066.31201
-1316,36,1120,-1315.47168,39.8900642,1119.151
-1316,81,1106,-1315.47168,84.8868866,1105.151
-1361,82,1077,-1360.46387,85.8874588,1076.15588
-1367,0,999,-1366.07385,185.257507,999.377075
-1383,44,1038,-1382.07874,229.033951,1038.38892
-1370,59,1007,-1369.08167,244.109512,1007.39557
-1369,59,1085,-1368.08459,61.1243896,1084.59753
-1361,82,1077,-1360.08484,84.1244965,1076.59692
-1366,105,1039,-1365.08875,107.124603,1038.58826
-1383,44,1038,-1382.03491,47.7236023,1038.26172
-1366,105,1039,-1365.03674,108.721046,1039.26855
-1370,59,1007,-1369.04102,62.7219849,1007.28345
-1367,0,999,-1366.33997,14.6279745,999.751221
-1370,59,1007,-1369.34058,73.6350021,1007.75177
-1333,37,973,-1332.33997,51.6259651,973.751221
-1370,59,1007,-1369.00098,68.8459702,1007.04382
-1366,105,1039,-1365.00098,114.850113,1039.04285
-1366,99,1006,-1365.00085,108.850914,1006.04059
-1370,59,1007,-1369.44141,87.7646255,1007.82941
-1366,99,1006,-1365.44482,127.777245,1006.83173
-1333,83,983,-1332.44141,111.762161,983.829407
-1749,70,1201,-1749.93616,74.4395752,1201.35132
-1748,0,1159,-1748.93652,4.44363594,1159.35059
-1770,70,1146,-1770.93616,74.4417725,1146.35144
-1162,70,490,-1162.44189,74.3048019,489.102936
-1087,0,472,-1087.44043,4.30747938,471.102234
-1083,70,452,-1083.42676,74.3040009,451.095642
-1294,35,605,-1294.6676,42.7326241,604.255493
-1346,70,646,-1346.66821,77.7392731,645.256042
-1340,0,653,-1340.66711,7.7393012,652.255066
-1416,53,773,-1416.71582,65.5096664,772.301758
-1459,0,822,-1459.71204,12.5177822,821.297913
-1410,0,773,-1410.71582,12.5170174,772.301758
-754,30,1230,-753.321533,50.0743103,1230.73462
-858,30,1325,-857.331055,50.0718651,1325.74329
-752,57,1230,-751.321533,77.0734863,1230.73462
-489,29,1113,-488.48938,33.1525688,1113.85974
-606,30,1184,-605.481445,34.1456413,1184.85498
-605,72,1195,-604.486328,76.1448898,1195.85791
-508,70,892,-507.072998,75.5790329,891.625
-512,0,915,-511.073425,5.57977009,914.623901
-465,85,990,-464.079041,90.5783997,989.610352
-933,55,973,-933.75116,64.4057999,972.339905
-907,114,934,-907.751282,123.406616,933.340027
-935,113,966,-935.75116,122.40461,965.339905
-899,30,901,-899.99115,36.9677086,901.132629
-911,113,901,-911.99115,119.964531,901.132629
-907,114,934,-907.99115,120.965576,934.132568
-981,32,872,-980.957275,44.8543129,872.999084
-978,110,878,-977.955872,122.848,878.999023
-931,99,876,-930.955872,111.855804,876.999023
-1015,42,939,-1014.00482,49.2979088,939.097778
-1005,113,936,-1004.00482,120.30117,936.097778
-1001,113,894,-1000.00482,120.302979,894.097778
-1015,42,939,-1014.38477,50.3447647,938.21167
-976,114,959,-975.384766,122.34053,958.21167
-1005,113,936,-1004.38477,121.341835,935.21167
-1541,70,-784,-1541.50195,89.7886276,-784.864868
-1534,0,-784,-1534.50684,19.7763748,-784.862
-1487,70,-816,-1487.5022,89.7982178,-816.864746
-686,70,-752,-685.247375,73.3784332,-752.658447
-677,0,-710,-676.247375,3.37625813,-710.658447
-635,70,-693,-634.247375,73.3792953,-693.658447
-625,59,275,-624.133362,76.100853,275.498932
-589,0,206,-588.13031,17.1208954,206.493591
-629,0,275,-628.13324,17.1135998,275.498688
-1660,70,50,-1660.99707,78.0328598,49.9235115
-1663,0,205,-1663.99805,8.03847408,204.937546
-1651,0,46,-1651.99707,8.02854633,45.9235115
-1022,44,-627,-1021.57428,142.30722,-627.904846
-1090,44,-661,-1089.573,142.310226,-661.904236
-1091,0,-661,-1090.57324,98.3085632,-661.904358
-1329,240,118,-1329.43323,249.200012,117.098717
-1062,283,-18,-1062.43262,292.189331,-18.9015732
-1063,312,-21,-1063.43445,321.185883,-21.9006958
-1023,317,11,-1023.2168,326.65332,10.0237837
-1057,317,18,-1057.21191,326.656403,17.0227127
-1056,287,21,-1056.21216,296.655853,20.0227661
-1023,317,11,-1023.2168,326.65332,10.0237837
-1056,287,21,-1056.21216,296.655853,20.0227661
-1022,287,14,-1022.2168,296.652771,13.0237837
-1153,254,-510,-1153.97058,376.431305,-509.759277
-1131,265,-421,-1131.97156,387.294464,-420.763306
-1130,235,-418,-1130.96973,357.339661,-417.755829
-1123,269,-390,-1123.96765,393.344055,-389.747711
-1023,317,11,-1023.96796,441.289551,11.2511024
-1022,287,14,-1022.96997,411.328369,14.2432213
-1123,239,-387,-1122.2832,253.405472,-387.697266
-1076,296,-344,-1075.26831,310.401978,-344.68161
-1123,269,-390,-1122.26929,283.403687,-390.682678
-1636,266,-445,-1635.37402,461.844727,-444.220184
-1475,261,-574,-1474.38477,456.927246,-573.21167
-1474,231,-575,-1473.38477,426.998749,-574.21167
-73,64,1650,-73.9991531,68.9386444,1650.04102
-59,0,2130,-59.999115,4.95040846,2130.04199
-60,0,1650,-60.999073,4.94270515,1650.04297
58,0,1650,58.9999275,30.1675072,1650.01172
60,109,2130,60.9999275,138.993774,2130.01172
62,123,1650,62.9999275,153.172211,1650.01172
74,65,1591,74.9660645,84.5428772,1591.2583
62,123,1650,62.9677277,142.552475,1650.25195
78,136,1590,78.9667053,155.55925,1590.25586
74,65,1591,74.9709396,96.3933945,1591.23926
58,0,1650,58.9739113,31.3973064,1650.22693
62,123,1650,62.9737549,154.366562,1650.22754
-80,73,1577,-80.9949112,79.1649857,1577.10059
-60,0,1650,-60.9949265,6.16969347,1650.10059
-70,0,1560,-70.9949493,6.16969347,1560.10034
-84,0,1537,-84.8585587,4.23781538,1537.5127
-80,73,1577,-80.8585358,77.2348022,1577.5127
-70,0,1560,-70.8585434,4.23886919,1560.5127
-114,68,1515,-114.812637,73.8656311,1515.58276
-84,0,1537,-84.8213806,5.86949492,1537.57031
-101,0,1513,-101.823395,5.86698914,1513.56738
-129,0,1494,-129.567993,7.64726591,1494.823
-114,68,1515,-114.565338,75.647995,1515.82483
-101,0,1513,-101.565346,7.64913559,1513.82483
-363,30,1227,-363.990814,45.221611,1227.13477
-345,30,1351,-345.990875,45.2234688,1351.13477
-361,0,1227,-361.990814,15.2197485,1227.13477
319,60,927,319.693359,73.4004059,926.279419
326,0,940,326.705322,13.4005833,939.291138
355,60,962,355.710083,73.3954468,961.295898
116,0,1501,116.379906,20.5207844,1501.92493
160,65,1486,160.383621,85.5238419,1486.92346
159,0,1483,159.381912,20.530859,1483.92419
76,173,1521,76.3795319,184.659149,1521.92517
116,254,1512,116.379242,265.672913,1512.92529
116,137,1501,116.379242,148.658844,1501.92529
-363,30,1227,-363.990845,864.230042,1227.13464
-345,150,1352,-345.990875,984.482788,1352.13477
-345,30,1351,-345.990845,863.768494,1351.13477
319,120,913,319.689789,125.921806,912.276001
319,60,927,319.686066,65.9236374,926.272461
355,60,962,355.691772,65.9219742,961.277893
366,90,1300,366.987793,93.9921722,1300.15527
387,167,1292,387.987854,170.988083,1292.15527
386,128,1232,386.987946,131.986053,1232.15479
116,137,1501,116.218353,153.203354,1501.97583
161,131,1490,161.218582,147.196686,1490.97571
160,65,1486,160.218613,81.2016296,1486.97571
0,318,1529,-0.043009311,321.37973,1529.99902
69,318,1530,68.9558182,321.378418,1530.99902
116,254,1512,115.955818,257.375153,1512.99902
-183,60,1480,-183.397766,67.4427719,1480.91748
-129,0,1494,-129.389969,7.44740486,1494.92078
-184,0,1471,-184.389023,7.44833803,1471.92114
-238,60,1463,-238.298187,67.1796036,1463.95447
-183,60,1480,-183.295044,67.1778259,1480.95544
-184,0,1471,-184.29213,7.18143702,1471.9563
-237,180,1465,-237.144989,212.067459,1465.98938
-182,180,1473,-182.14505,212.079132,1473.98938
-183,90,1470,-183.144989,122.081879,1470.98938
-201,299,1485,-201.472443,479.10141,1485.88135
-237,180,1465,-237.473145,360.232086,1465.88098
-244,299,1462,-244.461929,478.990906,1462.88684
-292,83,1429,-292.538757,188.946609,1429.84241
-237,180,1465,-237.544876,285.908722,1465.8385
-238,60,1463,-238.538834,165.975891,1463.84241
-244,299,1462,-244.591476,369.888489,1462.80627
-237,180,1465,-237.579041,250.772308,1465.81519
-291,297,1428,-291.599182,367.927765,1428.80054
-345,30,1351,-345.845367,37.7503624,1351.53418
-295,45,1435,-295.848419,52.7365837,1435.5293
-292,0,1429,-292.854431,7.73480892,1429.51953
-126,311,1511,-126.319603,319.686371,1511.94751
-128,191,1496,-128.322708,199.6987,1496.94641
-201,299,1485,-201.322235,307.684601,1485.94666
-136,98,1502,-136.759491,101.726425,1502.65039
-114,68,1515,-114.755295,71.7254715,1515.65527
-132,65,1493,-132.749405,68.725563,1493.66211
-237,180,1465,-237.114777,245.765045,1465.99329
-183,90,1470,-183.131348,155.712891,1470.99133
-238,60,1463,-238.13089,125.745186,1463.99133
-182,180,1473,-182.436462,219.633163,1473.89966
-128,131,1497,-128.432648,170.626251,1497.90149
-183,90,1470,-183.436996,129.590286,1470.89941
-345,150,1352,-345.82608,361.651306,1352.56348
-292,83,1429,-292.824097,294.718292,1429.56641
-345,30,1351,-345.82663,241.628983,1351.56274
-295,45,1435,-295.5448,51.8243256,1435.8385
-238,0,1464,-238.5448,6.83194494,1464.8385
-292,0,1429,-292.544861,6.82528114,1429.8385
-361,30,1107,-361.999023,44.9334641,1106.95593
-363,30,1227,-363.999023,44.9242859,1226.95593
-361,0,1227,-361.999023,14.919692,1226.95593
-361,30,1107,-361.999023,63.5052795,1106.95593
-367,165,1227,-367.999023,198.523834,1226.95593
-363,30,1227,-363.999023,63.4805374,1226.95593
-383,240,1107,-383.997986,244.665497,1107.06299
-376,240,1227,-376.997986,244.659927,1227.06311
-367,165,1107,-367.997986,169.661194,1107.06299
-359,240,992,-359.977722,244.787125,991.7901
-383,240,1107,-383.977783,244.784286,1106.79041
-367,165,1107,-367.976776,169.779037,1106.78577
-301,240,882,-301.880646,245.538559,881.526245
-359,240,992,-359.880951,245.531296,991.526794
-287,150,890,-287.880524,155.532303,889.526001
-192,240,809,-192.560989,246.164368,808.17218
-301,240,882,-301.561157,246.153183,881.172302
-287,150,890,-287.561249,156.153625,889.172363
-128,126,819,-128.042435,214.134766,818.000916
-191,92,822,-191.042267,180.081467,821.000916
-128,37,820,-128.042419,125.175529,819.000916
-358,120,992,-358.992889,128.213089,991.880981
-361,30,1107,-361.992889,38.2219162,1106.88098
-347,30,992,-347.992889,38.2234344,991.880981
-358,120,992,-358.997986,142.391663,991.936584
-367,165,1107,-367.997986,187.385468,1106.93665
-361,30,1107,-361.997986,52.368927,1106.93665
-245,83,829,-245.683594,87.0548096,828.270142
-299,60,889,-299.683594,64.0546188,888.270142
-245,45,842,-245.681244,49.0539246,841.267944
-191,45,813,-191.47229,48.3481407,812.118591
-245,83,829,-245.472351,86.3450775,828.118591
-245,45,842,-245.472321,48.3472939,841.118591
-245,120,842,-245.408844,127.636368,841.087402
-191,92,822,-191.408844,99.6391144,821.087402
-191,120,818,-191.408844,127.636368,817.087402
-192,240,809,-192.409164,253.787231,808.087585
-245,120,842,-245.40921,133.814713,841.087585
-191,120,818,-191.409348,133.809616,817.087646
-361,30,1107,-361.999054,52.5523453,1106.95654
-367,165,1107,-367.999054,187.542038,1106.95654
-367,165,1227,-367.999054,187.542038,1226.95654
-367,165,1227,-367.986725,199.544113,1227.16211
-345,150,1352,-345.985748,184.54039,1352.16785
-363,30,1227,-363.986725,64.4938507,1227.16211
-191,45,813,-191.250732,48.1046486,812.031982
-245,0,841,-245.227844,3.10859632,840.026306
-191,0,828,-191.239365,3.10661674,827.029114
-337,45,939,-337.976685,53.3030624,938.785339
-358,120,992,-358.976654,128.300125,991.785217
-347,30,992,-347.976654,38.2992706,991.785217
-296,0,885,-296.9039,3.23890233,884.572266
-337,45,939,-337.903931,48.2378426,938.572327
-347,0,992,-347.9039,3.23535776,991.572266
-183,90,1470,-183.522156,93.3729706,1470.85278
-136,98,1502,-136.538757,101.371437,1502.84241
-132,65,1493,-132.525604,68.3716888,1493.85071
-132,65,1493,-132.776581,102.806778,1493.62988
-114,68,1515,-114.781403,105.796059,1515.62402
-129,0,1494,-129.776566,37.7839699,1494.62988
-114,68,1515,-114.812454,73.9676514,1515.58301
-93,71,1545,-93.812439,76.968483,1545.58301
-84,0,1537,-84.8124542,5.96459484,1537.58301
-93,71,1545,-93.9205475,77.2478409,1545.39062
-80,73,1577,-80.9200745,79.2485504,1577.39172
-84,0,1537,-84.9217606,6.24152136,1537.3877
-80,73,1577,-80.9970474,78.0441818,1577.07678
-73,64,1650,-73.9969711,69.04953,1650.07776
-60,0,1650,-60.9970284,5.0504837,1650.07703
-201,299,1485,-201.374603,305.537628,1485.92712
-128,191,1496,-128.364532,197.535248,1496.93115
-182,180,1473,-182.376236,186.540649,1473.92651
-201,299,1485,-201.145309,307.073029,1485.98938
-182,180,1473,-182.144989,188.077408,1473.98938
-237,180,1465,-237.145096,188.073395,1465.98938
-376,240,1227,-376.986755,248.438065,1227.16199
-345,150,1352,-345.986755,158.44133,1352.16199
-367,165,1227,-367.986755,173.442688,1227.16199
-367,165,1107,-367.999054,173.364838,1106.95654
-376,240,1227,-376.999054,248.366394,1226.95654
-367,165,1227,-367.999054,173.364838,1226.95654
-359,240,992,-359.978821,244.759506,991.795288
-367,165,1107,-367.980804,169.75975,1106.80505
-344,165,996,-344.977722,169.765564,995.7901
-287,150,890,-287.896942,154.926163,889.557861
-359,240,992,-359.89682,244.924255,991.557617
-344,165,996,-344.89682,169.925934,995.557617
130,30,827,130.106873,58.9422989,826.005737
96,83,821,96.1154404,111.955765,820.006714
97,0,824,97.1156693,28.9609604,823.006714
31,100,812,31.999918,199.745239,811.987244
30,0,810,30.999918,99.851944,809.987244
30,0,813,30.999918,99.851944,812.987244
-97,88,820,-96.9586716,177.663055,819.000854
-128,126,819,-127.957222,215.629288,818.000916
-128,37,820,-127.957222,126.610268,819.000916
-128,37,820,-127.937012,39.9647369,819.002014
-191,45,813,-190.937546,47.9625587,812.001953
-191,0,828,-190.937546,2.96257877,827.001953
-45,0,812,-45.097496,21.307848,811.004822
-66,66,811,-66.0977707,87.2993011,810.004822
-65,0,814,-65.097496,21.3091545,813.004822
-65,0,814,-65.3145523,20.814415,813.050781
-66,66,811,-66.3193741,86.818779,810.052429
-97,88,820,-97.3139801,108.82576,819.050598
-66,131,812,-66.0980759,140.101868,811.004822
-128,126,819,-128.097961,135.099518,818.004822
-97,88,820,-97.1154861,97.0962296,819.006714
188,60,818,187.955826,64.4795227,817.000977
132,83,815,131.955826,87.4791031,814.000977
130,30,827,129.955826,34.4787712,826.000977
127,126,814,126.817558,149.296158,813.016785
132,83,815,131.817749,106.308815,814.016785
191,120,803,190.817749,143.277908,802.016785
96,83,821,96.2723083,248.689377,820.037842
63,131,811,63.2723389,296.586914,810.037842
67,0,813,67.2823944,165.702011,812.04071
63,131,811,62.8285446,180.304535,810.014832
45,131,814,44.829113,180.310608,813.014709
67,0,813,66.8287659,49.3419609,812.014771
184,0,841,184.185333,8.12665653,840.017334
130,30,827,130.185333,38.1262436,826.017334
126,0,830,126.180351,8.12415886,829.016418
130,30,827,129.834869,34.6303253,826.013733
132,83,815,131.828827,87.6277008,814.014771
96,83,821,95.8285446,87.6268387,820.014832
127,126,814,127.042244,131.324768,813.000916
63,131,811,63.042263,136.326279,810.000916
96,83,821,96.0422211,88.3244095,820.000916
97,0,824,97.3365555,33.1362839,823.05835
96,83,821,96.3366699,116.105064,820.058411
67,0,813,67.3363953,33.1465302,812.058289
130,30,827,130.2005,37.9958839,826.020325
97,0,824,97.1954346,7.9899087,823.019287
126,0,830,126.20034,7.99237061,829.020325
188,60,818,188.041321,62.5888672,817.000854
130,30,827,130.041321,32.5918159,826.000854
184,0,841,184.041321,2.59154654,840.000854
191,120,803,190.936584,124.026466,802.002014
132,83,815,131.937546,87.0297546,814.001953
188,60,818,187.955826,64.0300751,817.000977
96,83,821,95.8285446,106.547226,820.014832
132,83,815,131.828827,106.551582,814.014771
127,126,814,126.829468,149.546631,813.014648
44,0,813,43.957222,100.698143,812.000916
31,100,812,30.9572201,200.591446,811.000916
30,0,813,29.9572201,100.698143,812.000916
-128,37,820,-128.061401,46.3661537,819.001892
-191,0,828,-191.061401,9.36358356,827.001892
-128,0,824,-128.061401,9.36813545,823.001892
-97,0,820,-97.1236877,9.40824413,819.00769
-128,37,820,-128.13089,46.407402,819.008606
-128,0,824,-128.13089,9.4053812,823.008606
-128,126,819,-127.957222,132.973907,818.000916
-191,120,818,-190.95723,126.971504,817.000916
-191,92,822,-190.95723,98.9714966,821.000916
61,291,813,61.0275536,340.506927,812.000427
111,195,815,111.026031,244.539917,814.000366
120,294,813,120.025757,343.526367,812.000366
-66,298,803,-65.9225922,318.930328,802.003052
-33,185,811,-32.9227219,205.892776,810.002991
61,291,813,61.0754089,311.91098,812.002869
-139,299,793,-138.875092,302.605743,792.007874
-129,240,811,-128.867264,243.602341,810.00885
-66,298,803,-65.8746185,301.601715,802.007935
120,294,813,120.296707,315.100464,812.045044
111,195,815,111.296486,216.127609,814.044983
180,297,832,180.292679,318.097137,831.043823
-128,173,816,-127.957222,188.472443,815.000916
-191,120,818,-190.958679,135.468796,817.000854
-128,126,819,-127.957222,141.477234,818.000916
64,171,814,64.0415802,199.75943,813.000916
-33,185,811,-32.957222,213.757233,810.000916
-66,131,812,-65.9558182,159.771317,811.000977
-33,185,811,-33.0425262,198.446533,810.000916
-129,240,811,-129.042267,253.459915,810.000916
-128,173,816,-128.042267,186.455856,815.000916
-129,240,811,-128.95723,253.44725,810.000916
-192,240,809,-191.95723,253.44313,808.000916
-128,173,816,-127.955818,186.449295,815.000977
-128,173,816,-127.957222,186.417084,815.000916
-192,240,809,-191.95723,253.411362,808.000916
-191,120,818,-190.955826,133.409286,817.000977
-66,131,812,-66.1154861,146.762756,811.006714
-128,173,816,-128.10672,188.755692,815.005737
-128,126,819,-128.10672,141.748932,818.005737
64,171,814,64.0424271,181.316071,813.000916
-66,131,812,-65.9558182,141.311646,811.000977
-44,131,813,-43.9558182,141.312897,812.000977
-66,298,803,-66.0427017,309.670319,802.000916
-129,240,811,-129.061401,251.665588,810.001892
-33,185,811,-33.0425262,196.690704,810.000916
61,291,813,61.0424271,423.561371,812.000916
-33,185,811,-32.957222,317.797516,810.000916
64,171,814,64.0420685,303.806,813.000916
61,291,813,61.0424271,420.201477,812.000916
64,171,814,64.0424271,300.054321,813.000916
111,195,815,111.040428,324.125031,814.000854
191,120,803,190.829117,158.814758,802.014709
111,195,815,110.828766,233.796936,814.014771
127,126,814,126.817558,164.821732,813.016785
158,307,1496,158.349487,1641.94995,1496.93689
116,254,1512,116.368187,1589.45154,1512.92969
69,318,1530,69.3573914,1652.11621,1530.93384
310,56,1435,310.663696,67.9127274,1435.74792
276,117,1473,276.663757,128.911591,1473.74792
322,160,1436,322.66568,171.918228,1436.74622
257,0,1463,257.682953,16.7664127,1463.73035
262,59,1463,262.693176,75.7744293,1463.72058
297,0,1424,297.690063,16.7788162,1424.72363
159,0,1483,159.037979,15.4830914,1483.99927
214,95,1488,214.039352,110.496872,1488.99915
209,0,1482,209.042542,15.4849977,1482.99902
214,95,1488,214.039642,163.878082,1488.99915
161,131,1490,161.039062,199.93544,1490.99915
217,169,1489,217.041321,237.946808,1489.99915
214,304,1501,213.90033,315.209595,1501.995
217,169,1489,216.901306,180.210999,1489.99512
158,307,1496,157.90033,318.204071,1496.995
209,0,1482,209.355164,12.5013828,1482.93469
214,95,1488,214.349487,107.505928,1488.93689
257,0,1463,257.350403,12.499814,1463.93652
276,117,1473,276.319305,121.113266,1473.94751
262,59,1463,262.311554,63.1126785,1463.9502
214,95,1488,214.319809,99.1115799,1488.94739
214,304,1501,214.38884,317.42984,1501.92126
272,194,1467,272.388763,207.442459,1467.92126
217,169,1489,217.389755,182.453766,1489.9209
310,56,1435,310.881287,60.4240265,1435.47253
349,112,1389,349.880707,116.42482,1389.47363
339,56,1381,339.880798,60.4248619,1381.47339
297,0,1424,297.866547,3.31052995,1424.49902
310,56,1435,310.866516,59.3113747,1435.49902
326,0,1374,326.866547,3.31223249,1374.49902
356,235,1348,356.986969,269.825287,1348.16089
347,157,1388,347.987885,191.827652,1388.15515
352,297,1383,352.987823,331.842133,1383.15527
359,61,1347,359.952423,77.0947037,1347.30469
349,112,1389,349.952423,128.083344,1389.30469
364,118,1343,364.952484,134.084137,1343.30457
326,0,1374,326.982788,2.21550298,1374.18457
359,61,1347,359.98291,63.2165909,1347.18408
352,30,1306,352.982819,32.2150307,1306.18445
158,307,1496,158.041321,337.062012,1496.99915
217,169,1489,217.041321,199.075363,1489.99915
161,131,1490,161.040329,161.078339,1490.99915
88,71,1533,88.7081985,95.6228485,1533.70593
116,0,1501,116.707169,24.6066113,1501.70691
82,0,1535,82.7081223,24.6066113,1535.70605
88,71,1533,88.9739609,78.4712524,1533.22668
72,0,1560,72.9737549,7.46978569,1560.22754
74,65,1591,74.973793,72.4757538,1591.22742
82,0,1535,82.9286194,14.4745922,1535.37097
72,0,1560,72.9285889,14.4718933,1560.37097
88,71,1533,88.9265976,85.4755707,1533.37598
364,118,1343,364.958405,121.924309,1343.28516
349,112,1389,349.958984,115.923485,1389.28345
374,162,1348,374.958588,165.92247,1348.28479
159,0,1483,158.955826,21.4983482,1483.99902
160,65,1486,159.955826,86.493042,1486.99902
214,95,1488,213.955826,116.496117,1488.99902
257,0,1463,257.435272,26.3172302,1463.90027
214,95,1488,214.43927,121.343842,1488.89832
262,59,1463,262.446442,85.3383789,1463.89478
297,0,1424,297.480347,3.44589782,1424.87708
262,59,1463,262.473083,62.4460983,1463.88098
310,56,1435,310.486603,59.4468575,1435.87354
326,0,1374,326.880981,3.86389923,1374.47314
310,56,1435,310.880707,59.8643456,1435.47363
339,56,1381,339.88089,59.8633881,1381.47327
326,0,1374,326.880646,3.79543114,1374.47363
339,56,1381,339.873566,59.7930031,1381.48669
359,61,1347,359.880707,64.7916565,1347.47363
339,56,1381,339.872681,60.5059967,1381.48828
349,112,1389,349.87265,116.503738,1389.48828
359,61,1347,359.872955,65.5045929,1347.48779
310,56,1435,310.811584,65.8269806,1435.58423
322,160,1436,322.811127,169.82135,1436.58484
349,112,1389,349.81131,121.832626,1389.58459
262,59,1463,262.48645,62.7174263,1463.87366
276,117,1473,276.494751,120.714478,1473.86902
310,56,1435,310.49472,59.7159882,1435.86902
276,117,1473,276.250793,160.936584,1473.96802
214,95,1488,214.246902,138.942566,1488.96899
217,169,1489,217.25119,212.934998,1489.9679
160,65,1486,159.955826,81.5603561,1486.99902
161,131,1490,160.955826,147.545227,1490.99902
214,95,1488,213.955826,111.556419,1488.99902
158,307,1496,158.381897,346.427643,1496.92419
161,131,1490,161.382202,170.35466,1490.92407
116,254,1512,116.379242,293.391296,1512.92529
276,300,1467,276.473053,355.409058,1467.88098
272,194,1467,272.473145,249.354965,1467.88098
214,304,1501,214.47403,359.462921,1501.88049
309,298,1421,309.811035,330.733673,1421.58496
272,194,1467,272.811127,226.700958,1467.58484
276,300,1467,276.810974,332.743561,1467.58496
358,30,1236,358.980713,35.0263252,1236.19531
375,79,1199,375.980804,84.0249863,1199.19495
371,30,1167,371.980743,35.0219917,1167.19519
366,30,1102,366.997131,71.6273499,1101.92432
371,30,1167,371.99704,71.658638,1166.92322
367,74,1101,367.997101,115.648529,1100.92395
360,30,1037,360.995972,70.1892166,1036.9104
366,30,1102,366.994965,70.1793365,1101.89978
367,74,1101,367.994934,114.165649,1100.89954
360,30,1037,360.982819,48.6716347,1036.81543
355,75,996,355.982819,93.6677017,995.81543
350,0,991,350.98291,18.670557,990.815918
366,90,1300,366.977692,94.0546646,1300.20996
364,118,1343,364.977966,122.05407,1343.20874
374,162,1348,374.977966,166.051697,1348.20874
352,30,1306,352.996063,34.5058594,1306.08862
366,90,1300,366.995941,94.501091,1300.08984
358,30,1236,358.996063,34.5027847,1236.08862
359,61,1347,359.999237,65.3078308,1347.03882
366,90,1300,366.999176,94.3045273,1300.04028
352,30,1306,352.999176,34.3089142,1306.04016
359,61,1347,359.994904,73.339859,1347.10059
364,118,1343,364.994934,130.340027,1343.10034
366,90,1300,366.994965,102.3405,1300.10022
366,90,1300,366.991913,93.8698196,1300.12683
375,79,1199,375.992004,82.8695374,1199.1261
358,30,1236,358.991943,33.8674736,1236.12659
360,30,1037,360.958588,38.2629814,1036.71521
382,184,1045,382.958771,192.259537,1044.71582
364,125,1010,364.958679,133.259079,1009.71552
360,30,1037,360.971924,39.2656517,1036.76477
364,125,1010,364.971741,134.252426,1009.76398
355,75,996,355.971863,84.2583313,995.764465
367,74,1101,367.980957,79.0909653,1100.80579
371,30,1167,371.980835,35.0858345,1166.80518
391,131,1167,391.981079,136.090027,1166.8064
360,30,1037,360.999115,37.1015778,1036.95801
367,74,1101,367.999115,81.1028366,1100.95801
382,184,1045,382.999115,191.085617,1044.95801
367,74,1101,367.972137,81.7437973,1100.76562
391,131,1167,391.971954,138.742996,1166.76489
378,130,1115,378.97171,137.738556,1114.76392
382,184,1045,382.996124,189.587036,1044.91211
367,74,1101,367.995972,79.5875778,1100.9104
378,130,1115,378.996002,135.583755,1114.91077
375,79,1199,375.998047,82.7028503,1199.06226
386,128,1232,386.998047,131.700638,1232.06226
391,131,1167,391.998047,134.702438,1167.06226
371,30,1167,371.980927,35.1762772,1167.19434
375,79,1199,375.982758,84.1763763,1199.18457
391,131,1167,391.98291,136.17543,1167.18408
366,90,1300,366.992035,93.3314285,1300.12585
386,128,1232,386.991882,131.327133,1232.12695
375,79,1199,375.991913,82.3269501,1199.12683
388,300,1091,388.994934,322.575592,1091.10046
378,130,1115,378.994904,152.549469,1115.10059
381,300,1163,381.994934,322.600098,1163.10046
370,297,1346,370.895844,302.263336,1346.44434
356,235,1348,356.896057,240.258987,1348.44385
352,297,1383,352.893921,302.261383,1383.44812
380,298,1280,380.987946,302.614136,1280.15479
356,235,1348,356.987854,239.61879,1348.15515
370,297,1346,370.987946,301.617188,1346.15479
366,90,1300,366.977966,94.0810699,1300.20874
374,162,1348,374.977783,166.082199,1348.20959
387,167,1292,387.977692,171.082687,1292.20996
388,300,1091,388.999115,317.634949,1091.04199
382,184,1045,382.999146,201.619186,1045.04114
378,130,1115,378.999146,147.618149,1115.04126
386,128,1232,386.987885,159.492203,1231.84485
392,299,1236,392.987946,330.453217,1235.84521
381,300,1163,381.987946,331.479614,1162.84521
380,298,1280,380.963531,323.221619,1280.26758
392,299,1236,392.963531,324.223877,1236.26758
386,128,1232,386.963806,153.164154,1232.2666
319,120,913,319.789886,126.97847,912.38678
287,60,885,287.793243,66.9831314,884.391113
319,60,927,319.789886,66.9781189,926.38678
287,60,885,287.792999,85.7071381,884.390808
326,0,940,326.789856,25.7026272,939.386719
319,60,927,319.792877,85.700798,926.390625
191,120,803,191.524734,123.545349,802.148743
235,60,850,235.524734,63.5428925,849.148743
293,120,866,293.525024,123.540611,865.148926
188,60,818,188.561172,64.8961105,817.172302
234,0,864,234.56189,4.89640236,863.172791
235,60,850,235.561005,64.8942642,849.172241
235,60,850,235.560974,64.9776001,849.17218
234,0,864,234.557983,4.97912693,863.170166
287,60,885,287.560974,64.9794464,884.17218
293,120,866,293.561005,123.117607,865.172241
235,60,850,235.560974,63.1178322,849.17218
287,60,885,287.560974,63.1158218,884.17218
191,120,803,191.562073,124.274712,802.172913
188,60,818,188.561127,64.2773438,817.172302
235,60,850,235.561081,64.27948,849.172241
188,60,818,188.408951,62.6536598,817.087463
184,0,841,184.408905,2.65219474,840.087463
234,0,864,234.409103,2.65236831,863.087524
287,60,885,287.408936,82.2107697,884.087463
234,0,864,234.409286,22.1965046,863.087646
287,0,888,287.409393,22.2152843,887.087646
287,60,885,287.801056,93.6705856,884.401428
287,0,888,287.794189,33.6978531,887.392334
326,0,940,326.801025,33.7243004,939.401428
355,60,962,355.999115,74.5026321,962.041992
350,0,991,350.999115,14.4915371,991.041992
355,75,996,355.999115,89.5026245,996.041992
356,120,948,356.991974,126.802887,947.873596
355,75,996,355.992065,81.8016205,995.874329
364,125,1010,364.992004,131.800827,1009.87384
356,120,948,356.999084,185.70343,948.042175
355,60,962,355.999115,125.683037,962.041809
355,75,996,355.999146,140.65834,996.04071
334,180,912,334.680511,185.357605,911.267273
319,120,913,319.680115,125.360611,912.266907
356,120,948,356.680054,125.357574,947.266846
355,60,962,355.903107,63.5659294,961.570618
326,0,940,326.903259,3.56516743,939.570923
350,0,991,350.903259,3.56550574,990.570923
319,120,913,319.680511,125.504646,912.267273
355,60,962,355.681763,65.5068283,961.268433
356,120,948,356.681305,125.505852,947.268005
293,120,866,293.872742,124.110413,865.511841
287,60,885,287.872711,64.1110687,884.51178
319,120,913,319.872925,124.108978,912.512146
334,180,912,334.872681,184.457458,911.511719
293,120,866,293.872711,124.452744,865.51178
319,120,913,319.872925,124.455017,912.512146
64,171,814,64.0388107,360.149017,813.000793
-44,131,813,-43.957222,320.241669,812.000916
45,131,814,45.0393906,320.195953,813.000793
-44,100,747,-43.9558182,375.505219,747.999023
-152,-135,751,-151.955826,140.029053,751.999023
-109,120,750,-108.955818,395.437927,750.999023
-38,-135,127,-37.3911057,270.112122,127.793251
-63,-135,146,-62.3958817,270.078186,146.79689
-65,20,148,-64.3959198,424.672211,148.796921
285,240,99,285.805115,250.78157,98.4068832
310,111,153,310.808105,121.768562,152.410965
322,240,149,322.808136,250.785339,148.411011
322,240,149,322.872711,250.442184,148.511765
310,111,153,310.872864,121.440544,152.512039
348,240,195,348.87262,250.447281,194.511612
290,240,675,290.575073,249.671249,675.818054
284,135,666,284.575134,144.681305,666.818054
209,240,732,209.575073,249.669464,732.818054
-310,232,667,-310.896942,243.965607,667.442139
-303,120,660,-303.897003,131.960999,660.442017
-354,120,560,-354.896851,131.937683,560.442322
-284,240,103,-284.779663,258.117401,102.373802
-287,135,116,-287.78006,153.119781,115.374298
-235,240,42,-235.779663,258.10965,41.3738022
-235,120,46,-235.807999,214.613739,45.4108162
-287,135,116,-287.807983,229.552414,115.410797
-231,-16,43,-231.807968,78.7439728,42.4107742
219,120,36,219.077377,150.54213,35.0029984
148,127,30,148.077454,157.521637,29.0030041
232,0,41,232.077576,30.5784588,40.0030136
350,120,191,350.693085,161.643356,190.279144
310,111,153,310.693115,152.619232,152.279175
350,0,195,350.692932,41.6939125,194.279007
350,0,195,350.996979,426.402557,194.922485
360,125,332,360.99704,552.320801,331.923126
350,120,191,350.99707,546.671631,190.923523
-229,-135,44,-229.14003,-40.8103561,43.0098534
-148,127,30,-148.14006,221.241272,29.0098572
-231,-16,43,-231.139969,78.2269592,42.0098457
232,0,41,232.126617,184.723999,40.008049
148,0,30,148.126755,184.494019,29.0080662
234,-135,42,234.12677,50.011116,41.0080681
322,0,139,322.83548,82.9646378,138.450485
287,0,85,287.836395,82.9873657,84.4518738
322,-135,142,322.835693,-52.0426025,141.450806
350,0,195,350.88858,100.306755,194.54129
322,0,139,322.888306,100.306755,138.540756
322,-135,142,322.888,-34.5372887,141.540161
350,-135,197,350.997009,797.004272,196.922729
360,125,332,360.996979,1054.99634,331.922485
350,0,195,350.997009,931.514404,194.922729
345,0,574,345.991974,45.5172806,574.126404
360,0,448,360.99292,45.43153,448.118652
342,-135,574,342.991974,-89.4578476,574.126404
342,-135,574,342.880951,-84.3410797,574.473206
293,0,674,293.880768,50.5897865,674.473511
345,0,574,345.880798,50.6393204,574.47345
-351,1,558,-351.998993,38.9976387,558.044617
-360,125,450,-360.998962,163.026642,450.045013
-354,120,560,-354.998993,157.986984,560.044556
-220,120,736,-220.13089,311.19519,736.991394
-109,120,750,-109.123749,311.358917,750.99231
-215,0,736,-215.13089,191.315796,736.991394
-115,240,750,-115.144989,384.368805,750.98938
-109,120,750,-109.151802,264.230865,750.988403
-215,232,736,-215.145035,376.280548,736.98938
-115,240,750,-115.042526,286.105225,750.999084
-30,100,747,-30.0425262,146.109497,747.999084
-44,100,747,-44.0425262,146.109497,747.999084
-115,240,750,-115.042526,286.105225,750.999084
30,100,747,29.9572201,146.109497,747.999084
-30,100,747,-30.0425262,146.109497,747.999084
287,0,85,287.710175,17.3817444,84.2959747
234,-135,42,234.710571,-117.646675,41.2963753
280,-135,89,280.710815,-117.632393,88.2966232
322,-135,142,322.78302,-118.165474,141.378006
287,0,85,287.786804,16.8689823,84.3828049
280,-135,89,280.786804,-118.147095,88.3828049
350,0,195,350.887329,149.240906,194.538864
322,-135,142,322.887329,13.9904823,141.538864
350,-135,197,350.887329,14.1041155,196.538864
285,240,99,285.749573,254.683456,98.3380814
219,120,36,219.749069,134.653839,35.3375092
273,60,104,273.749695,74.6520996,103.338219
285,240,99,285.834381,254.047485,98.4488144
273,60,104,273.836334,74.0704575,103.451782
310,111,153,310.827728,125.064156,152.438873
342,-135,574,342.880951,-73.6805878,574.473206
290,-135,675,290.880951,-73.6992416,675.473206
293,0,674,293.881714,61.3563347,674.47168
209,-135,732,209.575134,12.2530193,732.818054
293,0,674,293.575104,147.18103,674.817993
290,-135,675,290.575073,12.4521084,675.818054
346,120,572,346.993988,276.291565,572.109192
360,125,448,360.99292,281.091431,448.118713
345,0,574,345.994934,156.171417,574.100403
-310,1,665,-310.599396,40.6034126,665.800415
-220,120,736,-220.599213,159.65242,736.800537
-215,0,736,-215.599182,39.6095619,736.800537
-354,120,560,-354.933167,153.600677,560.359375
-310,1,665,-310.933228,34.5919189,665.359253
-351,1,558,-351.933167,34.6022491,558.359314
-231,-16,43,-231.598099,43.4232216,42.1985779
-294,-15,90,-294.596283,44.36092,89.1972275
-229,-135,44,-229.598083,-75.5731506,43.1985664
-235,240,42,-235.807968,290.762726,41.4107742
-287,135,116,-287.807953,185.786774,115.410774
-235,120,46,-235.807968,170.725494,45.4107742
223,233,19,223.853455,931.982178,19.5211639
210,-134,39,210.85347,564.887024,39.5211372
210,233,40,210.853439,931.843933,40.5211601
-346,234,234,-346.118652,606.776917,234.992935
-370,-134,230,-370.118011,237.2314,230.993011
-370,234,231,-370.118652,606.70874,231.992935
-350,234,258,-350.993835,608.526855,257.889252
-349,-134,258,-349.993835,239.04953,257.889252
-346,-134,234,-346.993835,238.981339,233.889252
-353,231,544,-352.676147,822.811279,544.946106
-352,-134,543,-351.677216,455.840637,543.946472
-375,-134,551,-374.677216,455.640656,551.946472
-345,231,567,-345.943481,520.729736,567.331421
-352,-134,543,-352.945374,154.723343,543.325989
-353,231,544,-353.94635,520.624451,544.32312
741,417,1434,740.339844,421.706238,1434.7511
764,275,1414,763.339966,279.705597,1414.75122
630,421,1339,629.340088,425.706726,1339.75134
946,420,1604,945.353821,424.617371,1604.76318
764,275,1414,763.354553,279.629608,1414.76379
741,417,1434,740.365845,421.632629,1434.77319
808,140,612,807.28241,237.195175,611.303589
710,140,710,709.282654,237.195175,709.303284
809,0,613,808.28241,97.1994476,612.303589
625,140,1353,624.339844,143.508179,1353.7511
761,0,1420,760.340393,3.503968,1420.75159
650,0,1322,649.331055,3.50664735,1322.74329
546,0,1237,545.359924,3.49704885,1237.76831
625,140,1353,624.366577,143.496353,1353.7738
650,0,1322,649.366577,3.49437189,1322.7738
547,140,843,546.210144,728.263489,842.386719
470,262,940,469.209198,850.295471,939.387939
469,-3,942,468.214783,583.196472,941.380798
710,140,710,709.265259,332.329041,709.321655
671,-3,753,670.264771,188.953293,752.322205
711,0,710,710.264771,192.064316,709.322205
856,0,569,855.319153,98.6918488,568.267578
808,140,612,807.319641,238.711746,611.267151
809,0,613,808.32074,98.7945709,612.266113
809,0,613,808.298828,200.272675,612.287048
710,140,710,709.300842,339.759338,709.285034
711,0,710,710.297852,200.054504,709.288025
946,420,1604,945.283447,500.009735,1604.69751
953,294,1609,952.282532,373.903595,1609.69653
764,275,1414,763.282532,355.219147,1414.69653
630,421,1339,629.384766,427.243835,1339.78833
764,275,1414,763.384766,281.262726,1414.78833
653,261,1324,652.385071,267.255188,1324.78857
630,421,1339,629.36554,427.025116,1339.77295
653,261,1324,652.36615,267.024689,1324.77344
546,254,1237,545.375488,260.031921,1237.78101
-570,70,-492,-569.004822,80.0732956,-492.097778
-582,70,-629,-581.003845,80.0714493,-629.086975
-589,0,-629,-588.003845,10.0692739,-629.086914
-1664,70,-663,-1664.99902,77.711647,-663.042969
-1658,0,-508,-1658.9989,7.72045088,-508.044159
-1655,0,-661,-1655.9989,7.71759129,-661.04425
-1650,0,-79,-1650.99902,7.66739368,-79.0425262
-1660,70,50,-1660.99902,77.6623764,49.9558182
-1651,0,46,-1651.99902,7.66739368,45.9558182
-1405,210,-803,-1405.0437,234.893204,-803.999023
-1548,140,-796,-1548.04297,164.949265,-796.999023
-1479,140,-798,-1479.04346,164.928299,-798.999023
-1249,70,-779,-1249.13086,115.62661,-779.991333
-1228,0,-780,-1228.13086,45.6205254,-780.991394
-1200,70,-785,-1200.12305,115.599213,-785.992371
-1090,44,-661,-1089.08459,91.8709183,-661.402527
-1113,0,-711,-1112.08459,47.8487625,-711.402527
-1091,0,-661,-1090.08459,47.8370132,-661.402527
-907,140,-778,-907.106873,144.805023,-778.994263
-918,93,-767,-918.0979,97.8087158,-767.995178
-801,70,-775,-801.098633,74.807457,-775.995117
-570,99,-408,-569.000854,163.217896,-407.958679
-570,70,-492,-569.000549,134.240479,-491.966888
-571,52,-357,-570.00061,116.213417,-356.965088
-729,70,-773,-728.84668,75.8591919,-773.988159
-804,0,-773,-803.84668,5.85836554,-773.988159
-747,0,-764,-746.846985,5.86392021,-764.98822
-881,54,-769,-881.061462,165.060257,-769.998108
-837,-9,-771,-837.060608,102.127464,-771.998108
-804,0,-773,-804.061157,111.137505,-773.998108
-1137,140,-781,-1136.8125,145.465363,-781.982239
-1079,140,-770,-1078.81274,145.46138,-770.9823
-1081,201,-782,-1080.81433,206.464493,-782.982605
-918,93,-767,-917.649414,96.282753,-767.936523
-907,140,-778,-906.636169,143.283844,-778.931458
-957,93,-782,-956.649902,96.2821198,-782.936707
-1021,140,-779,-1021.15137,144.932541,-779.988464
-1081,201,-782,-1081.15723,205.93161,-782.987549
-1079,140,-770,-1079.15137,144.929413,-770.988464
-957,93,-782,-957.130859,102.45443,-782.991333
-1021,140,-779,-1021.13086,149.456482,-779.991394
-1021,93,-774,-1021.12305,102.459663,-774.992371
-978,206,-769,-978.137695,276.472565,-769.990417
-964,140,-770,-964.151367,210.415512,-770.988464
-907,140,-778,-907.151367,210.394424,-778.988464
-1073,93,-766,-1073.15137,102.384499,-766.988464
-1021,93,-774,-1021.15137,102.385666,-774.988464
-1021,140,-779,-1021.15729,149.391235,-779.987549
-918,93,-767,-918.075684,135.167297,-767.997131
-929,45,-765,-929.075623,87.1609802,-765.997131
-881,54,-769,-881.075562,96.1581039,-769.997131
-957,93,-782,-956.648926,101.338951,-782.93634
-929,45,-765,-928.649414,53.3353424,-765.936523
-918,93,-767,-917.649414,101.335655,-767.936523
-1253,140,-792,-1253.13086,145.319473,-792.991394
-1249,70,-779,-1249.11548,75.3177109,-779.993286
-1200,70,-785,-1200.13086,75.3144608,-785.991333
-797,105,-775,-796.957275,439.138123,-775.999084
-907,140,-778,-906.956055,473.965332,-778.999023
-801,70,-775,-800.957275,404.310883,-775.999084
-729,70,-773,-728.955872,382.392181,-773.999023
-797,105,-775,-796.956055,417.275726,-775.999023
-801,70,-775,-800.955872,382.276794,-775.999023
-729,70,-773,-728.574219,72.0664597,-773.904785
-677,0,-710,-676.574402,2.0645256,-710.904907
-686,70,-752,-685.57428,72.0674438,-752.904846
-635,70,-693,-634.23053,83.1971893,-693.638672
-589,0,-629,-588.225769,13.1730881,-629.632874
-582,70,-629,-581.226501,83.1789017,-629.633789
-620,140,-675,-619.226807,1094.85632,-675.634155
-635,70,-693,-634.225952,1025.06433,-693.633118
-582,70,-629,-581.226501,1025.79956,-629.633789
-635,70,-693,-634.320862,74.3938675,-693.734009
-677,0,-710,-676.320557,4.39998913,-710.733704
-589,0,-629,-588.320557,4.39847708,-629.733704
-729,70,-773,-728.384827,73.7764816,-773.788391
-747,0,-764,-746.384766,3.77984071,-764.78833
-677,0,-710,-676.384827,3.78665972,-710.788391
-801,70,-775,-800.957275,104.111809,-775.999084
-804,0,-773,-803.955872,34.083149,-773.999023
-729,70,-773,-728.957275,104.078957,-773.999084
-881,54,-769,-881.075195,93.91819,-769.997131
-804,0,-773,-804.075195,39.898304,-773.997131
-801,70,-775,-801.075195,109.877029,-775.997131
-980,45,-764,-979.937561,51.2215652,-764.998047
-1021,93,-774,-1020.93756,99.2181625,-774.998047
-1015,45,-766,-1014.93756,51.2219543,-766.998047
-1021,93,-774,-1021.13086,96.163765,-774.991394
-980,45,-764,-980.130859,48.162159,-764.991394
-957,93,-782,-957.123413,96.163765,-782.99231
-1079,140,-770,-1079.15259,149.797745,-770.988281
-1073,93,-766,-1073.15173,102.796509,-766.988403
-1021,140,-779,-1021.15137,149.790634,-779.988464
-1137,140,-781,-1137.04297,143.154037,-781.999023
-1125,93,-766,-1125.04297,96.1514587,-766.999023
-1073,93,-766,-1073.04297,96.1514587,-766.999023
-1113,45,-765,-1113.04297,93.1437836,-765.999023
-1073,93,-766,-1073.04297,141.180435,-766.999023
-1125,93,-766,-1125.04297,141.180435,-766.999023
-980,45,-764,-980.042969,47.6751366,-764.999023
-929,45,-765,-929.042969,47.6765594,-765.999023
-957,93,-782,-957.043701,95.6770477,-782.999023
-1597,140,-727,-1597.65161,156.802963,-727.758484
-1664,70,-663,-1664.65894,86.7898026,-663.752197
-1578,70,-738,-1578.6582,86.7877655,-738.752747
-1666,140,-508,-1666.99109,164.161652,-508.132751
-1663,70,-508,-1663.99109,94.1494293,-508.132721
-1654,140,-604,-1654.99304,164.187515,-604.117004
-1200,70,-785,-1199.79797,83.6505966,-785.97937
-1147,-9,-768,-1146.79297,4.64224243,-768.978333
-1113,45,-765,-1112.79797,58.6422501,-765.97937
-1137,140,-781,-1137.17493,142.796616,-781.984558
-1182,140,-773,-1182.17505,142.795715,-773.984558
-1125,93,-766,-1125.18567,95.7956085,-766.982544
-1073,93,-766,-1072.81335,109.671669,-766.982422
-1079,140,-770,-1078.8125,156.668701,-770.982239
-1137,140,-781,-1136.8125,156.660522,-781.982239
-1200,70,-785,-1199.88281,77.6007919,-785.993103
-1181,-10,-772,-1180.88281,-2.39584255,-772.993103
-1147,-9,-768,-1146.88281,-1.39796162,-768.993103
-1200,70,-785,-1199.86731,77.8066635,-785.99115
-1228,0,-780,-1227.86035,7.80300045,-780.990173
-1181,-10,-772,-1180.86035,-2.19572687,-772.990173
-801,70,-775,-801.075195,130.853149,-775.997131
-918,93,-767,-918.075684,153.90007,-767.997131
-881,54,-769,-881.075195,114.893929,-769.997131
-586,139,-357,-585.008789,141.593597,-357.132019
-566,192,-361,-565.008606,194.594543,-361.13089
-570,199,-410,-569.008606,201.593307,-410.13089
-570,186,-492,-569.000916,190.30983,-491.957245
-586,139,-357,-585.000854,143.301346,-356.958679
-570,199,-410,-569.000854,203.305939,-409.958679
-586,139,-357,-585.024536,143.171661,-357.220123
-571,139,-290,-570.02417,143.170502,-290.218506
-557,192,-286,-556.024231,196.166412,-286.218689
-586,139,-357,-585.008667,141.599152,-357.131348
-557,192,-286,-556.008728,194.600693,-286.131592
-566,192,-361,-565.007629,194.600861,-361.122986
-571,139,-224,-570.020325,210.421524,-223.799423
-570,209,-224,-569.020386,280.380096,-223.799118
-557,192,-286,-556.024231,263.358765,-285.781219
-575,139,-156,-574.000916,163.515778,-155.95723
-570,280,-130,-569.000854,304.527802,-129.958679
-570,209,-224,-569.000916,233.538864,-223.95723
-571,139,-224,-570.000916,142.814713,-224.042267
-557,192,-286,-556.000916,195.816666,-286.042267
-571,139,-290,-570.000916,142.814713,-290.042267
-575,139,-156,-574.001831,209.376907,-155.939514
-570,209,-224,-569.001831,279.404755,-223.939514
-571,139,-224,-570.001831,209.368347,-223.939514
-570,0,-155,-569.000916,402.086487,-155.042267
-570,95,-182,-569.000916,496.750275,-182.042267
-571,69,-290,-570.000916,470.874512,-290.042267
-1487,70,-816,-1486.8606,92.0464554,-816.990234
-1461,0,-809,-1460.86731,22.0592461,-809.99115
-1397,70,-803,-1396.86719,92.0184937,-803.991089
-1487,70,-816,-1487.52148,75.0094681,-816.853088
-1548,140,-796,-1548.50195,145.002625,-796.864868
-1541,70,-784,-1541.50684,75.0082092,-784.861877
-1405,140,-813,-1404.8606,148.101242,-813.990234
-1487,70,-816,-1486.84668,78.1063232,-816.988159
-1397,70,-803,-1396.86719,78.1014023,-803.991089
-1405,140,-813,-1404.95605,147.263351,-813.999023
-1397,70,-803,-1396.95728,77.2588348,-803.999084
-1337,70,-801,-1336.95728,77.2557373,-801.999084
-1337,70,-801,-1336.95593,78.3143234,-801.999023
-1397,70,-803,-1396.95593,78.3138046,-803.999023
-1317,0,-792,-1316.95508,8.3087101,-792.998962
-1249,70,-779,-1248.75879,88.0441666,-779.970459
-1337,70,-801,-1336.75977,88.0447159,-801.970703
-1317,0,-792,-1316.75659,18.0556774,-792.96991
-1405,210,-803,-1404.8291,229.092377,-803.985229
-1329,140,-786,-1328.82495,159.078232,-786.984558
-1256,210,-777,-1255.83496,229.10051,-777.986267
-1253,140,-792,-1252.75488,146.124069,-792.969482
-1337,70,-801,-1336.75488,76.1362534,-801.969482
-1249,70,-779,-1248.75488,76.1282578,-779.969482
-1487,70,-816,-1487.32275,74.5675812,-816.946472
-1534,0,-784,-1534.32227,4.56855059,-784.946533
-1461,0,-809,-1461.32227,4.56971264,-809.946533
-1015,45,-766,-1015.04388,125.634781,-766.999023
-1073,93,-766,-1073.04297,173.583817,-766.999023
-1113,45,-765,-1113.04297,125.555573,-765.999023
-1015,45,-766,-1015.15137,50.4007607,-766.988464
-1021,93,-774,-1021.15137,98.4033508,-774.988464
-1073,93,-766,-1073.15137,98.399292,-766.988464
-1578,70,-738,-1578.78857,82.6353455,-738.614929
-1534,0,-784,-1534.77661,12.6547594,-784.629822
-1541,70,-784,-1541.78833,82.6400528,-784.615234
-1548,140,-796,-1548.77283,145.442322,-796.634583
-1578,70,-738,-1578.78455,75.4417725,-738.620056
-1541,70,-784,-1541.77283,75.4404297,-784.634583
-1597,140,-727,-1597.81421,147.746078,-727.580566
-1578,70,-738,-1578.81873,77.7397156,-738.574097
-1548,140,-796,-1548.81873,147.74324,-796.574097
-1664,70,-663,-1664.65845,79.2994614,-663.752625
-1655,0,-661,-1655.65894,9.29638767,-661.752197
-1578,70,-738,-1578.66724,79.3202972,-738.744812
-1654,140,-604,-1654.98425,345.396881,-603.823242
-1664,70,-663,-1664.98425,275.522461,-662.823242
-1664,140,-661,-1664.98425,345.42157,-660.823242
-1663,70,-508,-1663.99963,83.9117813,-507.973785
-1658,0,-508,-1658.99963,13.9267693,-507.973785
-1664,70,-663,-1664.99939,83.8997955,-662.965088
-1663,70,-508,-1663.99902,84.0935364,-507.956665
-1650,0,-368,-1650.99902,14.1222639,-367.955841
-1658,0,-508,-1658.99902,14.0999565,-507.956665
-1666,140,-508,-1666.99805,163.709076,-507.937561
-1650,0,-368,-1650.99707,23.6218662,-367.923523
-1663,70,-508,-1663.99805,93.6840591,-507.937561
-1650,0,-79,-1650.99902,18.1475525,-79.042923
-1664,140,52,-1664.9989,158.165222,51.9554749
-1660,70,50,-1660.9989,88.1530991,49.9554749
-769,140,332,-768.655334,152.871918,332.938721
-842,210,363,-841.655823,222.864624,363.938904
-696,217,313,-695.655823,229.879684,313.938904
-696,65,316,-695.733398,70.8257217,316.963806
-835,0,341,-834.737183,5.82607794,341.964844
-838,52,351,-837.73407,57.8230438,351.963989
-1198,52,324,-1198.04199,447.36441,324.999115
-1195,0,324,-1195.04199,395.305023,324.999115
-1264,0,321,-1264.04199,395.04892,321.999115
-985,70,341,-985.060547,81.9964142,341.998138
-1125,0,327,-1125.06067,12.0165644,327.998138
-1124,105,336,-1124.06055,117.020927,336.998138
-838,52,351,-838.265747,56.9962425,351.96402
-835,0,341,-835.266907,4.99534941,341.963715
-912,70,335,-912.265625,74.9987946,335.96402
-912,70,335,-912.15332,78.4953842,335.988159
-984,210,340,-984.153625,218.501053,340.988129
-842,210,363,-842.153625,218.51387,363.988129
-838,52,351,-837.654419,67.8948135,351.938385
-842,210,363,-841.654297,225.869568,363.938324
-769,140,332,-768.654907,155.881912,332.938568
-912,70,335,-911.911377,77.7090683,335.996063
-986,0,332,-985.911377,7.70692778,332.996063
-985,70,341,-984.910706,77.7081223,341.996002
-912,70,335,-912.235168,82.6219025,335.971954
-842,210,363,-842.221741,222.637589,363.975098
-838,52,351,-838.234375,64.6132355,351.972137
-1198,52,324,-1198.04199,456.986053,324.999115
-1125,0,327,-1125.04199,405.037018,327.999115
-1195,0,324,-1195.04199,405.024689,324.999115
-1587,70,282,-1587.59668,73.3562622,282.802368
-1533,0,297,-1533.60742,3.35993242,297.794312
-1596,0,250,-1596.59705,3.35949349,250.8022
-1587,70,282,-1587.70325,74.3171082,282.710907
-1596,0,250,-1596.70532,4.31515551,250.708832
-1663,70,205,-1663.70825,74.3154755,205.705841
-1664,140,52,-1664.99695,156.937592,52.0773735
-1651,140,200,-1651.99609,156.931427,200.088242
-1660,70,50,-1660.99707,86.9479675,50.0760384
-1198,52,324,-1198.04199,1593.52283,324.999115
-1264,0,321,-1264.04272,1540.38159,321.999084
-1265,70,321,-1265.04199,1610.427,321.999115
-1124,105,336,-1124.09863,116.814087,336.995117
-1125,0,327,-1125.099,11.8162031,327.995087
-1198,52,324,-1198.09863,63.8160706,324.995117
-1396,210,292,-1396.3905,219.751389,292.920593
-1328,210,321,-1328.38965,219.762878,321.920898
-1331,140,312,-1331.39001,149.75473,312.920807
-1328,210,321,-1327.81592,217.486588,321.98291
-1253,210,307,-1252.81543,217.484177,307.982819
-1331,140,312,-1330.81543,147.488251,312.982819
-1316,70,335,-1316.28381,76.24263,335.958862
-1336,0,317,-1336.28394,6.24209547,317.958832
-1401,70,309,-1401.28333,76.2483444,309.959015
-1264,0,321,-1264.06091,4.15911198,321.998138
-1336,0,317,-1336.0614,4.15872097,317.998108
-1316,70,335,-1316.06079,74.1594467,335.998138
-1198,52,324,-1197.86523,54.3260078,324.990875
-1201,107,348,-1200.86523,109.327652,348.990875
-1124,105,336,-1123.86658,107.329941,336.991058
-1265,70,321,-1265.15515,72.285614,321.987885
-1201,107,348,-1201.15332,109.285919,348.988159
-1198,52,324,-1198.15381,54.2848701,324.988098
-985,70,341,-985.041992,77.7386703,341.999115
-986,0,332,-986.041992,7.73118973,332.999115
-1125,0,327,-1125.04199,7.71844673,327.999115
-585,59,206,-584.130859,76.1081467,206.494553
-589,0,206,-588.13031,17.1208954,206.493591
-625,59,275,-624.133362,76.100853,275.498932
-625,59,275,-624.41687,84.5731201,275.812378
-629,0,275,-628.416748,25.59161,275.812286
-695,0,322,-694.4151,25.605196,322.811096
-585,59,206,-584.005737,73.778862,206.106781
-575,63,120,-574.006714,77.7796478,120.115387
-589,0,206,-588.005737,14.7670336,206.106781
-569,44,-12,-568.000854,58.6151009,-11.9586697
-570,0,-155,-569.000854,14.5968885,-154.958679
-572,0,-14,-571.000854,14.6199989,-13.9586697
-560,140,-8,-559.005737,151.288361,-8.10663891
-575,139,-156,-574.004822,150.312469,-156.097656
-569,44,-12,-568.005737,55.2885437,-12.106904
-565,70,65,-564.024231,73.3566132,64.7812042
-544,140,64,-543.02417,143.356415,63.7814713
-560,140,-8,-559.022278,143.356201,-8.20969772
-572,0,-14,-571.000916,14.9615574,-14.042613
-565,70,65,-564.000916,84.9484406,64.957222
-569,44,-12,-568.000916,58.9528923,-12.042613
-560,140,-8,-559.004822,199.803757,-8.09763527
-570,280,-130,-569.004822,339.912811,-130.097656
-575,139,-156,-574.004822,198.816589,-156.097977
-565,70,65,-564.000916,80.7170105,64.957222
-560,140,-8,-559.000916,150.711563,-8.04261303
-569,44,-12,-568.000916,54.7059212,-12.042613
-575,63,120,-574.009644,66.4059982,120.138374
-544,140,64,-543.009644,143.403641,64.1384659
-565,70,65,-564.009644,73.4078369,65.1385422
-575,0,120,-574.000916,7.97421646,120.041664
-565,70,65,-564.000916,77.9666748,65.0424271
-572,0,-14,-571.000916,7.96488476,-13.9572201
-585,59,206,-584.005737,69.7846832,206.106918
-570,140,139,-569.005737,150.772888,139.106781
-575,63,120,-574.006714,73.783226,120.115593
-575,63,120,-574.053894,70.070282,120.323776
-570,140,139,-569.053406,147.075531,139.322372
-544,140,64,-543.05365,147.070541,64.3231354
-787,0,-391,-787.826477,19.1889496,-391.562897
-779,277,-428,-779.821594,296.216553,-428.569977
-795,277,-405,-795.826477,296.223511,-405.562866
-768,0,-463,-768.994019,18.7168198,-462.891205
-782,277,-455,-782.99408,295.710663,-454.891357
-779,277,-428,-779.99408,295.706085,-427.891357
-768,0,-463,-768.584106,18.9412766,-462.188324
-804,277,-471,-804.58313,295.942627,-470.187622
-782,277,-455,-782.58313,295.940308,-454.187622
-839,0,-482,-838.899475,18.9490776,-481.005066
-831,277,-468,-830.899414,295.941772,-467.005096
-804,277,-471,-803.899475,295.937195,-470.005066
-839,0,-482,-838.196472,18.5106621,-481.404755
-847,277,-446,-846.199463,295.511993,-445.400726
-831,277,-468,-830.199646,295.509705,-467.400482
-858,0,-411,-857.002808,20.7196693,-411.074524
-845,277,-418,-844.001892,297.720642,-418.061401
-847,277,-446,-846.001892,297.724396,-446.061432
-858,0,-411,-857.450256,21.3625984,-411.835327
-822,277,-403,-821.451782,298.355438,-403.836334
-845,277,-418,-844.450439,298.354797,-418.835449
-787,0,-391,-787.076355,18.8278141,-391.99707
-795,277,-405,-795.076477,295.840302,-405.99707
-822,277,-403,-822.076172,295.836792,-403.99707
-787,0,-391,-787.076233,19.1167583,-391.99707
-822,277,-403,-822.076294,296.197906,-403.99707
-826,0,-388,-826.076172,19.1254292,-388.99707
-764,0,-424,-764.821655,19.0910645,-424.569916
-779,277,-428,-779.816772,296.072174,-428.576935
-787,0,-391,-787.826721,19.0933857,-391.562592
-768,0,-463,-768.994019,18.8243961,-462.891205
-779,277,-428,-779.99408,295.911621,-427.891357
-764,0,-424,-764.995117,18.834898,-423.901306
-800,0,-485,-800.583069,19.8194447,-484.187592
-804,277,-471,-804.571411,296.777252,-470.179352
-768,0,-463,-768.577148,19.8317051,-462.18338
-839,0,-482,-838.922852,20.2882843,-481.002991
-804,277,-471,-803.922852,297.281708,-470.002991
-800,0,-485,-799.922852,20.2858047,-484.002991
-862,0,-450,-861.182068,18.9545231,-449.424713
-847,277,-446,-846.181946,295.897675,-445.424866
-839,0,-482,-838.184998,18.9533577,-481.420563
-858,0,-411,-857.004822,19.3623028,-411.097717
-847,277,-446,-846.005737,296.448364,-446.10672
-862,0,-450,-861.004822,19.3728046,-450.097992
-826,0,-388,-825.4151,19.017786,-388.811096
-822,277,-403,-821.415344,295.960938,-403.811279
-858,0,-411,-857.415039,19.016037,-411.811035
-733,0,92,-733.908752,7.64380264,91.5826797
-731,176,35,-731.908752,183.660126,34.5826797
-745,176,64,-745.908752,183.656815,63.5826797
-720,0,-17,-720.963623,7.15721369,-16.7327366
-740,176,3,-740.963745,183.164597,3.26680207
-731,176,35,-731.963623,183.166794,35.2671928
-720,0,-17,-720.479492,6.46512508,-16.1224556
-769,176,-12,-769.470703,182.467209,-11.1177092
-740,176,3,-740.465027,182.47084,3.88529611
-824,0,-25,-823.699219,6.13392687,-24.0463085
-801,176,-2,-800.69928,182.131287,-1.04628766
-769,176,-12,-768.705139,182.12941,-11.0444603
-824,0,-25,-823.084473,5.8340559,-24.5977459
-814,176,28,-813.08075,181.839493,28.3936043
-801,176,-2,-800.087524,181.839493,-1.59086895
-833,0,79,-832.032959,5.6831336,78.7453842
-806,176,59,-805.03302,181.68512,58.7451515
-814,176,28,-813.032959,181.687912,27.7453804
-833,0,79,-832.578308,5.88809443,78.0932617
-776,176,73,-775.578125,181.894714,72.0933533
-806,176,59,-805.578125,181.891388,58.0933495
-733,0,92,-733.27594,5.8429184,91.038826
-745,176,64,-745.275574,181.836411,63.038723
-776,176,73,-776.276917,181.837677,72.0391083
-733,0,92,-733.264832,5.94582605,91.0357056
-776,176,73,-776.275391,181.946533,72.0386734
-769,0,102,-769.264771,5.94801855,101.03569
-696,0,29,-696.867798,6.42511415,28.5030842
-731,176,35,-731.867615,182.424149,34.5027657
-733,0,92,-733.867676,6.42271137,91.5028763
-720,0,-17,-720.88623,5.18120432,-16.5368042
-731,176,35,-731.887329,181.178757,35.4611282
-696,0,29,-696.886536,5.18379259,29.4626579
-771,0,-40,-771.40918,7.1231904,-39.0875473
-769,176,-12,-769.414062,183.135376,-11.0897522
-720,0,-17,-720.40918,7.1231904,-16.0875473
-824,0,-25,-823.729492,6.45589495,-24.0372829
-769,176,-12,-768.732422,182.453201,-11.0364647
-771,0,-40,-770.729919,6.45253229,-39.0371628
-848,0,25,-847.09375,5.53203678,25.4227085
-814,176,28,-813.093201,181.520859,28.4215393
-824,0,-25,-823.091797,5.5334034,-24.5814705
-833,0,79,-832.04071,5.4593482,78.7175827
-814,176,28,-813.037109,181.45842,27.7301083
-848,0,25,-847.040771,5.46037292,24.7173691
-769,0,102,-768.655396,7.10034943,101.061256
-776,176,73,-775.655273,183.117615,72.0613022
-833,0,79,-832.655518,7.10644388,78.0612106
-1132,0,-409,-1132.81677,72.0332031,-409.576904
-1122,244,-429,-1122.81677,315.857605,-429.576843
-1134,244,-412,-1134.82166,315.866455,-412.569824
-1121,0,-453,-1121.99622,78.2940826,-452.913116
-1124,244,-451,-1124.99622,322.5784,-450.913116
-1122,244,-429,-1122.99597,322.550171,-428.911346
-1121,0,-453,-1121.60767,70.8013306,-452.205811
-1141,244,-464,-1141.61218,314.80481,-463.20929
-1124,244,-451,-1124.60779,314.813538,-450.205902
-1165,0,-465,-1164.86523,56.5440483,-464.009125
-1163,244,-461,-1162.86523,300.737305,-460.009125
-1141,244,-464,-1140.86523,300.751373,-463.009125
-1165,0,-465,-1164.18481,61.8960342,-464.420807
-1175,244,-444,-1174.18201,305.971771,-443.424774
-1163,244,-461,-1162.18201,305.956665,-460.424774
-1176,0,-421,-1175.00488,78.5060806,-421.097778
-1173,244,-422,-1172.00488,322.7117,-422.098358
-1175,244,-444,-1174.00488,322.692322,-444.097687
-1176,0,-421,-1175.42786,96.1608047,-421.820129
-1156,244,-410,-1155.43091,340.170898,-410.822266
-1173,244,-422,-1172.42822,340.176758,-422.820404
-1132,0,-409,-1132.08862,76.5106049,-409.996063
-1134,244,-412,-1134.09863,320.794922,-412.995117
-1156,244,-410,-1156.09863,320.776093,-410.995117
-1132,0,-409,-1132.07629,83.9616318,-409.99707
-1156,244,-410,-1156.07629,327.880005,-410.99707
-1157,0,-407,-1157.07617,83.9744186,-407.99707
-1119,0,-429,-1119.84119,97.9260025,-429.54068
-1122,244,-429,-1122.84119,341.752899,-429.540558
-1132,0,-409,-1132.84131,97.9141693,-409.540527
-1121,0,-453,-1121.99707,80.6259689,-452.923523
-1122,244,-429,-1122.99719,324.907776,-428.92514
-1119,0,-429,-1119.99719,80.6359406,-428.92514
-1140,0,-467,-1140.59692,81.7549286,-466.197723
-1141,244,-464,-1141.59033,325.732635,-463.192841
-1121,0,-453,-1121.59668,81.7400818,-452.19754
-1165,0,-465,-1164.92285,83.6598511,-464.002991
-1141,244,-464,-1140.91113,327.575684,-463.003967
-1140,0,-467,-1139.92285,83.6700821,-466.002991
-1179,0,-445,-1178.18481,64.6169891,-444.420807
-1175,244,-444,-1174.18201,308.617279,-443.424774
-1165,0,-465,-1164.18201,64.6169891,-464.424774
-1176,0,-421,-1175.00867,63.5484467,-421.13089
-1175,244,-444,-1174.00867,307.696045,-444.13089
-1179,0,-445,-1178.00867,63.5561981,-445.13089
-1157,0,-407,-1156.4054,80.480217,-407.804016
-1156,244,-410,-1155.40527,324.460388,-410.803925
-1176,0,-421,-1175.40527,80.4678421,-421.803925
-1429,0,-537,-1429.83386,72.2751999,-537.551941
-1419,244,-558,-1419.83203,316.223022,-558.554688
-1431,244,-540,-1431.83386,316.223022,-540.551941
-1417,0,-581,-1417.99902,78.5903702,-580.955872
-1420,244,-579,-1420.99902,322.679321,-578.955872
-1419,244,-558,-1419.99902,322.650391,-557.957031
-1417,0,-581,-1417.58643,72.3612289,-580.190002
-1438,244,-592,-1438.58606,316.131317,-591.189758
-1420,244,-579,-1420.58643,316.12912,-578.190002
-1461,0,-593,-1460.91113,80.3316879,-592.003967
-1460,244,-590,-1459.91113,324.537323,-589.003967
-1438,244,-592,-1437.91113,324.517944,-591.003967
-1461,0,-593,-1460.16931,99.2447357,-592.443298
-1472,244,-572,-1471.16736,343.404449,-571.446228
-1460,244,-590,-1459.16968,343.392517,-589.442749
-1473,0,-549,-1472.00488,75.2089691,-549.0979
-1470,244,-551,-1469.00488,319.483215,-551.097839
-1472,244,-572,-1471.00488,319.464417,-572.097839
-1473,0,-549,-1472.41223,71.9647675,-549.809021
-1452,244,-538,-1451.41211,315.734863,-538.808899
-1470,244,-551,-1469.41248,315.734863,-551.809204
-1429,0,-537,-1429.0979,76.2042465,-537.995178
-1431,244,-540,-1431.09766,320.483185,-540.995178
-1452,244,-538,-1452.09766,320.464386,-538.995178
-1429,0,-537,-1429.0874,83.4743729,-537.996155
-1452,244,-538,-1452.08704,327.661804,-538.996155
-1453,0,-535,-1453.07544,83.4795074,-535.997131
-1415,0,-557,-1415.82104,61.8704567,-557.570862
-1419,244,-558,-1419.81909,305.870758,-558.573608
-1429,0,-537,-1429.81909,61.8704567,-537.573608
-1417,0,-581,-1417.99719,63.2881432,-580.925171
-1419,244,-558,-1419.99707,307.341766,-557.923523
-1415,0,-557,-1415.99695,63.2957802,-556.922852
-1437,0,-595,-1437.5741,79.3980713,-594.181213
-1438,244,-592,-1438.57349,323.415192,-591.180786
-1417,0,-581,-1417.57251,79.4152679,-580.180115
-1461,0,-593,-1460.92285,84.6076736,-592.002991
-1438,244,-592,-1437.92285,328.795105,-591.002991
-1437,0,-595,-1436.92285,84.6128006,-594.002991
-1475,0,-573,-1474.1803,79.6929016,-572.427246
-1472,244,-572,-1471.1803,323.705109,-571.427246
-1461,0,-593,-1460.18042,79.7125549,-592.427063
-1473,0,-549,-1472.00488,85.9460983,-549.098267
-1472,244,-572,-1471.00391,330.143768,-572.087646
-1475,0,-573,-1474.00391,85.9563522,-573.087341
-1453,0,-535,-1452.4259,81.5724487,-535.818787
-1452,244,-538,-1451.4259,325.592041,-538.818787
-1473,0,-549,-1472.42712,81.5945587,-549.819641
-1346,0,140,-1346.81689,72.4800873,139.423218
-1336,244,120,-1336.81873,316.308929,119.425819
-1348,244,137,-1348.82166,316.31778,136.430023
-1334,0,97,-1334.99609,60.144413,97.0874023
-1338,244,98,-1338.99695,304.158905,98.0772552
-1336,244,120,-1336.99609,304.151581,120.087364
-1334,0,97,-1334.60156,76.8567734,97.79879
-1355,244,85,-1355.59863,320.853943,85.8010101
-1338,244,98,-1338.60547,320.826233,98.795845
-1378,0,85,-1377.85876,78.2446136,85.989975
-1377,244,88,-1376.87207,322.413422,88.9917831
-1355,244,85,-1354.87207,322.418823,85.9917831
-1378,0,85,-1377.16833,99.3402557,85.5552521
-1389,244,106,-1388.16882,343.499969,106.555977
-1377,244,88,-1376.16626,343.476074,88.5521469
-1390,0,129,-1389.00488,75.8286743,128.901306
-1387,244,127,-1386.00488,320.112305,126.901306
-1389,244,106,-1388.00488,320.093506,105.901306
-1390,0,129,-1389.43652,73.8993073,128.173874
-1369,244,139,-1368.43652,317.847137,138.173874
-1387,244,127,-1386.44238,317.851593,126.169907
-1346,0,140,-1346.099,75.697731,139.004913
-1348,244,137,-1348.099,319.977264,136.004913
-1369,244,139,-1369.09863,319.957886,138.004883
-1346,0,140,-1346.11865,64.1489639,139.007065
-1369,244,139,-1369.11865,308.300415,138.007065
-1370,0,143,-1370.11865,64.1605911,142.007065
-1332,0,121,-1332.80505,63.8730507,120.406799
-1336,244,120,-1336.80798,307.892944,119.410797
-1346,0,140,-1346.79932,63.8691444,139.399094
-1334,0,97,-1334.99707,63.4789772,97.0753174
-1336,244,120,-1336.99707,307.532593,120.074982
-1332,0,121,-1332.99707,63.4942436,121.076057
-1354,0,83,-1354.57422,111.02018,83.8186722
-1355,244,85,-1355.57422,355.046417,85.8186798
-1334,0,97,-1334.57422,111.026917,97.8186874
-1378,0,85,-1377.9209,128.417953,85.9968643
-1355,244,85,-1354.9209,372.883148,85.9968643
-1354,0,83,-1353.9209,128.410141,83.9968643
-1392,0,105,-1391.18005,79.4373779,105.572273
-1389,244,106,-1388.1853,323.459412,106.579857
-1378,0,85,-1377.18481,79.4570312,85.5791321
-1390,0,129,-1389.00378,85.7717438,128.913101
-1389,244,106,-1388.00378,329.959167,105.913094
-1392,0,105,-1391.00488,85.7819977,104.901306
-1370,0,143,-1369.42773,64.2881775,142.179947
-1369,244,139,-1368.42773,308.288483,138.179947
-1390,0,129,-1389.42773,64.2881775,128.179947
-1018,0,-56,-1018.99701,25.602993,-55.9227219
-1029,282,-56,-1029.99707,307.685577,-55.9235115
-1027,282,-33,-1027.99707,307.677704,-32.9235115
-1018,0,-56,-1018.61725,41.4002533,-55.2132339
-1048,282,-71,-1048.62598,323.310852,-70.2201614
-1029,282,-56,-1029.62598,323.315887,-55.2201614
-1077,0,-90,-1076.87207,12.7544184,-89.0082169
-1072,282,-68,-1071.87207,294.791779,-67.0082169
-1048,282,-71,-1047.87207,294.7883,-70.0082169
-1077,0,-90,-1076.17505,17.2682228,-89.4347992
-1085,282,-49,-1084.17578,299.217957,-48.4337311
-1072,282,-68,-1071.17505,299.216919,-67.4347992
-1110,0,-32,-1109.00378,10.8729448,-32.0868759
-1083,282,-25,-1082.00378,292.836761,-25.0867195
-1085,282,-49,-1084.00378,292.832825,-49.0865021
-1110,0,-32,-1109.44141,29.3536491,-32.8294334
-1064,282,-12,-1063.4209,311.27594,-12.8152447
-1083,282,-25,-1082.44141,311.27594,-25.8294258
-1052,0,2,-1052.07751,18.6660957,1.00300884
-1040,282,-14,-1040.07788,300.744568,-14.9969616
-1064,282,-12,-1064.07788,300.73996,-12.9969616
-1052,0,2,-1051.92188,21.9233513,1.00305653
-1064,282,-12,-1063.92188,303.947266,-12.9969406
-1089,0,-1,-1088.92188,21.929987,-1.99693906
-1022,0,-19,-1022.56836,19.4164753,-19.8227768
-1027,282,-33,-1027.56885,301.360992,-33.822422
-1052,0,2,-1052.57422,19.4104652,1.18129814
-1018,0,-56,-1018.99408,44.1156769,-56.1082001
-1027,282,-33,-1027.99402,326.21344,-33.1083374
-1022,0,-19,-1022.99408,44.1156769,-19.1084766
-1040,0,-87,-1040.81384,17.8967781,-86.4189224
-1048,282,-71,-1048.81384,299.91983,-70.4189224
-1018,0,-56,-1018.81378,17.8935013,-55.418869
-1077,0,-90,-1077.07825,17.2800407,-89.003067
-1048,282,-71,-1048.07715,299.244171,-70.0029831
-1040,0,-87,-1040.07776,17.2701721,-86.0030289
-1107,0,-69,-1106.42969,9.74194622,-68.1785736
-1085,282,-49,-1084.42395,291.74826,-48.1825867
-1077,0,-90,-1076.42407,9.74134922,-89.1825027
-1110,0,-32,-1109.00293,11.807416,-31.9235115
-1085,282,-49,-1084.00293,293.836945,-48.9235115
-1107,0,-69,-1106.00378,11.8059492,-68.9130936
-1089,0,-1,-1088.17224,10.5370016,-1.56106532
-1064,282,-12,-1063.17419,292.513611,-12.5639009
-1110,0,-32,-1109.1665,10.5324974,-32.5524712
-709,193,711,-708.210144,196.457428,710.386719
-791,209,599,-790.211182,212.450165,598.385376
-807,138,612,-806.211182,141.453201,611.385376
-807,138,612,-806.291138,6683.396,611.294678
-711,0,709,-710.287109,6546.2002,708.298767
-708,138,712,-707.286133,6686.1958,711.299744
-946,140,497,-945.450195,162.120468,496.164734
-998,70,467,-997.4505,92.0898972,466.16452
-947,53,501,-946.458008,75.1019974,500.159637
-1425,135,761,-1425.61829,140.465347,760.21405
-1464,105,799,-1464.62793,110.464569,798.221741
-1416,53,773,-1416.62915,58.4658127,772.222717
-1161,210,474,-1161.23047,220.142319,473.026947
-1082,140,462,-1082.23157,150.138412,461.027191
-1083,280,448,-1083.23083,290.142365,447.027008
-1765,280,1124,-1765.97937,293.923553,1124.20203
-1750,141,1146,-1750.98132,154.892395,1146.19202
-1759,106,1090,-1759.97937,119.893051,1090.20166
-485,193,1129,-484.423065,200.656738,1129.81677
-605,72,1195,-604.418945,79.6451645,1195.81384
-601,210,1214,-600.426697,217.647629,1214.81934
-499,193,887,-498.079041,207.22316,886.610352
-465,85,990,-464.072998,99.2123337,989.625
-441,280,1013,-440.071045,294.201965,1012.62982
-998,70,467,-997.46582,87.1628571,466.154633
-948,0,504,-947.458557,17.1628819,503.159271
-947,53,501,-946.46582,70.1628494,500.154633
-1162,70,490,-1162.23047,79.228096,489.026947
-1082,140,462,-1082.23083,149.234406,461.027008
-1161,210,474,-1161.23108,219.24437,473.027069
-1087,0,472,-1086.82031,3.44205999,471.016296
-998,70,467,-997.832153,73.4407959,466.014191
-1083,70,452,-1082.82617,73.4429855,451.015228
-1083,280,448,-1082.95654,289.94931,447.000946
-1082,140,462,-1081.95654,149.96312,461.000946
-1001,140,465,-1000.95514,149.968353,464.001007
-1001,140,465,-1000.50128,146.502441,464.13324
-946,140,497,-945.500977,146.497314,496.133423
-987,279,448,-986.500977,285.501373,447.133423
-948,0,504,-947.603516,16.5958958,503.08197
-892,0,528,-891.609497,16.5958958,527.079407
-947,53,501,-946.608521,69.5927353,500.079834
-946,140,497,-945.526367,161.846024,496.119293
-947,53,501,-946.524414,74.852005,500.120331
-892,105,528,-891.531311,126.825134,527.116638
-894,193,525,-893.510193,246.985901,524.128174
-946,140,497,-945.509766,193.987518,496.128418
-892,105,528,-891.518555,158.913177,527.123535
-882,280,505,-881.526367,283.712738,504.119293
-987,279,448,-986.526367,282.712067,447.119293
-894,193,525,-893.518555,196.709259,524.123535
-894,193,525,-893.441406,201.329025,524.170593
-987,279,448,-986.436523,287.332428,447.173889
-946,140,497,-945.436523,148.331146,496.173889
-807,0,613,-806.301758,10.0938311,612.28418
-887,70,523,-886.299805,80.0971603,522.286072
-892,0,528,-891.301758,10.0938311,527.28418
-807,138,612,-806.254944,343.457886,611.333008
-887,70,523,-886.254944,275.48526,522.333008
-807,0,613,-806.254944,205.234238,612.333008
-1257,0,569,-1257.61438,10.0194807,568.210999
-1165,0,497,-1165.61914,10.0106535,496.214722
-1225,70,535,-1225.61914,80.0164261,534.214722
-1273,210,551,-1273.48022,225.249847,550.122864
-1267,71,558,-1267.48035,86.263031,557.122925
-1225,70,535,-1225.48022,85.2673035,534.122864
-1225,70,535,-1225.58655,87.6816788,534.190125
-1165,0,497,-1165.58301,17.6756916,496.187561
-1162,70,490,-1162.57117,87.6811371,489.179169
-1161,210,474,-1161.58313,221.356705,473.187622
-1225,70,535,-1225.58667,81.3720016,534.190186
-1162,70,490,-1162.57178,81.365448,489.179596
-1273,210,551,-1273.57275,219.978409,550.180298
-1225,70,535,-1225.57251,79.9612274,534.180115
-1161,210,474,-1161.57043,219.98056,473.17868
-1257,0,569,-1257.48938,4.8796277,568.12793
-1225,70,535,-1225.47998,74.8761139,534.122742
-1267,71,558,-1267.48035,75.875473,557.122925
-1165,0,497,-1165.30103,12.3190432,496.046387
-1087,0,472,-1087.30151,12.3082342,471.046539
-1162,70,490,-1162.2998,82.3109436,489.046021
-1087,0,472,-1086.92188,5.60833693,471.003082
-1005,0,479,-1004.92188,5.60384083,478.003082
-998,70,467,-997.921936,75.607933,466.003052
-1005,0,479,-1004.60358,5.01057625,478.08194
-948,0,504,-947.603516,5.01310062,503.08197
-998,70,467,-997.603638,75.0144348,466.081909
-947,53,501,-946.632812,63.6746445,500.069855
-892,0,528,-891.636475,10.6822138,527.06842
-887,70,523,-886.635864,80.6741257,522.068665
-1001,140,465,-1000.49237,460.218964,464.138428
-998,70,467,-997.492188,390.201691,466.13855
-946,140,497,-945.492188,460.063629,496.13855
-1001,140,465,-1000.82037,188.914581,464.016266
-1083,70,452,-1082.82617,118.95507,451.015228
-998,70,467,-997.837891,118.93737,466.013245
-1083,280,448,-1083.04297,288.06543,447.000946
-1001,140,465,-1001.04297,148.083801,464.000946
-987,279,448,-987.042969,287.075043,447.000946
-1267,71,558,-1267.74353,74.1369171,557.331299
-1346,70,646,-1346.74329,73.1381531,645.331055
-1294,35,605,-1294.74451,38.1374054,604.332397
-1257,0,569,-1257.71497,34.0273514,568.300842
-1294,35,605,-1294.71606,69.0105133,604.302002
-1340,0,653,-1340.71594,33.9947548,652.30188
-1267,71,558,-1267.79163,75.8066864,557.389038
-1294,35,605,-1294.79187,39.8083954,604.389343
-1257,0,569,-1257.78833,4.80976534,568.384766
-1299,212,597,-1299.87219,227.707474,596.510864
-1267,71,558,-1267.87207,86.7451401,557.51062
-1273,210,551,-1273.87646,225.714401,550.518555
-1375,0,713,-1375.86389,10.1821909,712.496338
-1416,53,773,-1416.86438,63.1796303,772.497192
-1410,0,773,-1410.8645,10.1809368,772.497375
-1416,53,773,-1416.7511,58.6685677,772.339844
-1390,192,706,-1390.75244,197.657578,705.34137
-1425,135,761,-1425.75134,140.6633,760.340088
-1346,70,646,-1346.94019,78.6699829,645.659363
-1358,53,685,-1358.94067,61.6710396,684.660706
-1340,0,653,-1340.94153,8.67855549,652.663086
-1358,53,685,-1358.83337,62.226078,684.447327
-1390,192,706,-1390.83154,201.232254,705.44458
-1416,53,773,-1416.83337,62.2249527,772.447327
-1484,199,821,-1484.58606,230.134521,820.189758
-1457,140,804,-1457.58606,171.123276,803.189758
-1408,210,766,-1408.5863,241.096939,765.189941
-1346,70,646,-1346.9364,76.1800842,645.649109
-1390,192,706,-1390.94019,198.177887,705.659363
-1358,53,685,-1358.93616,59.1813698,684.648438
-1358,53,685,-1358.83337,97.1341858,684.447327
-1416,53,773,-1416.83142,97.1874466,772.444397
-1375,0,713,-1375.83398,44.1770782,712.448242
-1416,53,773,-1416.58594,56.5997543,772.189697
-1467,70,804,-1467.58643,73.5979691,803.190002
-1459,0,822,-1459.58667,3.59941888,821.190186
-1621,0,925,-1621.5022,22.2984371,924.135254
-1513,70,859,-1513.50195,92.2486496,858.135132
-1624,70,923,-1624.50195,92.2923279,922.135132
-1624,70,923,-1624.5022,73.2350311,922.135254
-1513,70,859,-1513.49573,73.2405167,858.131531
-1517,134,839,-1517.50293,137.243423,838.135681
-1517,134,839,-1517.52661,166.230072,838.149902
-1577,189,873,-1577.52148,221.251785,872.14679
-1634,140,909,-1634.52637,172.251328,908.14978
-1624,70,923,-1624.38928,74.2004929,922.078918
-1634,140,909,-1634.38904,144.199661,908.078796
-1695,70,953,-1695.39551,74.2020645,952.081543
-1676,0,961,-1676.38892,4.82372141,960.078735
-1624,70,923,-1624.38965,74.8248367,922.079041
-1695,70,953,-1695.38892,74.8274994,952.078735
-1621,0,925,-1621.55115,21.3449326,924.165649
-1624,70,923,-1624.55371,91.3286133,922.167297
-1676,0,961,-1676.55176,21.3552475,960.166016
-1511,0,864,-1511.48828,13.0807953,863.127319
-1513,70,859,-1513.48828,83.0706406,858.127319
-1621,0,925,-1621.48828,13.0799932,924.127319
-1513,70,859,-1513.76794,107.775009,858.359497
-1467,70,804,-1467.77283,107.808029,803.365417
-1464,105,799,-1464.76794,142.828186,798.359497
-1416,53,773,-1416.53442,66.5537033,772.154785
-1464,105,799,-1464.53467,118.567749,798.154968
-1467,70,804,-1467.5343,83.5610046,803.154724
-1513,70,859,-1513.69824,73.7579422,858.28418
-1464,105,799,-1464.69727,108.756996,798.283203
-1517,134,839,-1517.69653,137.759995,838.282532
-1624,70,923,-1624.52661,74.0849991,922.149902
-1517,134,839,-1517.52783,138.080475,838.150696
-1634,140,909,-1634.52637,144.080811,908.14978
-1467,70,804,-1467.77295,73.9780579,803.36554
-1513,70,859,-1513.77307,73.980545,858.365723
-1459,0,822,-1459.76855,3.97969413,821.360229
-1720,35,995,-1720.74268,38.6068039,994.330383
-1676,0,961,-1676.7428,3.60673141,960.330505
-1695,70,953,-1695.74341,73.6066513,952.331177
-1750,0,1042,-1750.81384,11.2454023,1041.41895
-1719,0,999,-1719.81384,11.2426796,998.418945
-1720,35,995,-1720.80908,46.2368469,994.412354
-1759,0,1090,-1759.9823,284.715454,1089.81274
-1750,0,1042,-1750.98425,284.853363,1041.82324
-1750,52,1041,-1750.98425,336.920746,1040.82324
-1759,106,1090,-1759.98523,272.316559,1089.8291
-1750,52,1041,-1750.98425,218.30806,1040.82324
-1750,139,1038,-1750.98425,305.249573,1037.82324
-1750,139,1038,-1750.98425,1862.04846,1037.82324
-1765,280,1124,-1765.98718,2002.67578,1123.84082
-1759,106,1090,-1759.98816,1828.36523,1089.84668
-1685,282,953,-1685.63867,293.061676,952.23053
-1672,139,959,-1672.64587,150.069763,958.236572
-1577,189,873,-1577.64478,200.061478,872.235657
-1727,280,995,-1727.85242,334.121399,994.477173
-1750,139,1038,-1750.85266,193.117691,1037.47754
-1721,147,990,-1721.85254,201.078918,989.477356
-1750,139,1038,-1750.95496,239.055023,1037.70337
-1750,52,1041,-1750.95874,152.007233,1040.71582
-1733,70,986,-1733.95874,169.929535,985.71582
-1720,35,995,-1720.65173,37.2890892,994.241577
-1695,70,953,-1695.65845,72.2896957,952.247375
-1733,70,986,-1733.65833,72.2900009,985.247314
-1750,52,1041,-1750.9054,54.3133011,1040.57544
-1720,35,995,-1720.90979,37.3107452,994.584961
-1733,70,986,-1733.90527,72.3123016,985.575195
-1750,0,1042,-1750.84473,93.5176163,1041.46484
-1720,35,995,-1720.84424,128.633499,994.46405
-1750,52,1041,-1750.84436,145.592041,1040.46423
-1719,0,999,-1719.66724,9.8127327,998.255188
-1676,0,961,-1676.66724,9.8056879,960.255188
-1720,35,995,-1720.65845,44.8178291,994.247375
-1759,0,1090,-1759.97046,14.3180914,1089.75879
-1750,52,1041,-1750.97034,66.3182983,1040.75879
-1764,71,1090,-1764.97046,85.3163681,1089.75879
-1749,70,1201,-1749.98816,79.0027618,1201.15332
-1741,0,1201,-1741.98425,9.00980377,1201.17651
-1748,0,1159,-1748.98523,9.00980377,1159.17065
-1764,71,1090,-1764.98816,84.986412,1090.15283
-1748,0,1159,-1748.98816,13.9758167,1159.15283
-1759,0,1090,-1759.98816,13.9793358,1090.15295
-1770,70,1146,-1770.99402,72.9613724,1145.8916
-1748,0,1159,-1748.99402,2.95906758,1158.8916
-1764,71,1090,-1764.99512,73.963562,1089.90137
-1727,280,995,-1727.69727,290.529846,994.283203
-1672,139,959,-1672.70911,149.514221,958.294922
-1685,282,953,-1685.6969,292.533051,952.282837
-1727,280,995,-1727.78857,296.86145,994.385071
-1765,280,1043,-1765.7887,296.878387,1042.38525
-1750,139,1038,-1750.78857,155.869751,1037.38513
-1765,280,1043,-1765.99902,289.34259,1042.95593
-1765,280,1124,-1765.99902,289.34259,1123.95593
-1750,139,1038,-1750.99902,148.331314,1037.95593
-1372,0,1575,-1372.34961,35.4268761,1575.93689
-1243,66,1625,-1243.34961,101.515182,1625.93689
-1243,0,1623,-1243.35083,35.4999924,1623.9364
-1172,0,1607,-1171.5752,13.6426239,1607.90527
-1122,70,1588,-1121.57288,83.6558533,1588.90417
-1111,0,1577,-1110.5708,13.6537247,1577.9032
-1122,70,1588,-1121.73633,74.3839569,1588.9646
-1187,139,1622,-1186.73633,143.378769,1622.9646
-1132,140,1607,-1131.73633,144.380142,1607.9646
-1243,0,1623,-1242.79333,33.5196381,1623.97839
-1243,66,1625,-1242.79333,99.5341492,1625.97839
-1172,0,1607,-1171.7843,33.5072403,1607.97644
-1172,0,1607,-1171.95593,4.36089373,1607.99902
-1243,66,1625,-1242.95593,70.3555679,1625.99902
-1180,69,1623,-1179.95593,73.3590622,1623.99902
-1172,0,1607,-1171.48218,7.07314014,1607.85547
-1180,69,1623,-1179.47241,76.0761642,1623.84949
-1122,70,1588,-1121.48218,77.0812607,1588.85547
-1372,70,1578,-1372.15137,75.9172211,1578.9884
-1378,140,1589,-1378.15137,145.915451,1589.9884
-1308,140,1599,-1308.15137,145.917664,1599.9884
-1372,0,1575,-1372.3512,24.5971241,1575.93628
-1372,70,1578,-1372.34961,94.5858765,1578.93689
-1243,66,1625,-1243.3501,90.5859985,1625.93665
-1088,197,1560,-1087.65039,199.130341,1560.93689
-1152,267,1620,-1151.64844,269.131622,1620.93616
-1034,194,1538,-1033.64844,196.128311,1538.93616
-1187,139,1622,-1186.73633,156.367615,1622.9646
-1152,267,1620,-1151.74036,284.385132,1620.9657
-1132,140,1607,-1131.73633,157.36705,1607.9646
-1243,105,1623,-1243.49512,150.517151,1623.86877
-1365,408,1563,-1365.48938,453.736145,1563.87207
-1256,347,1622,-1256.48047,392.667358,1622.87695
-1111,0,1577,-1110.53467,15.1318913,1577.88513
-1122,70,1588,-1121.53467,85.1407852,1588.88513
-1026,85,1539,-1025.53198,100.14492,1539.88367
-1122,70,1588,-1121.23083,85.951683,1588.63904
-1132,140,1607,-1131.23547,155.959061,1607.64453
-1088,197,1560,-1087.23083,212.95018,1560.63904
-858,30,1325,-857.180054,46.540905,1325.57239
-897,30,1381,-896.180115,46.5368309,1381.57251
-894,71,1381,-893.180115,87.5345612,1381.57251
-897,30,1381,-896.189758,47.16745,1381.58606
-937,30,1437,-936.190002,47.1838799,1437.58643
-894,71,1381,-893.189697,88.1569595,1381.58594
-852,210,1330,-851.189941,248.466309,1330.5863
-894,71,1381,-893.192505,109.417175,1381.58984
-937,85,1440,-936.189697,123.400146,1440.58594
-937,30,1437,-936.24823,57.6221733,1437.65942
-1026,30,1539,-1025.24719,57.5966225,1539.6582
-937,85,1440,-936.247375,112.635826,1440.65845
-894,71,1381,-893.192505,101.714851,1381.58984
-937,30,1437,-936.189758,60.7057381,1437.58606
-937,85,1440,-936.190979,115.710655,1440.58777
-858,30,1325,-857.283203,33.1048737,1325.69727
-894,71,1381,-893.286194,74.10392,1381.70032
-850,85,1342,-849.285217,88.1056976,1342.69934
-850,85,1342,-849.290283,88.1567078,1342.70447
-752,57,1230,-751.285095,60.1524696,1230.69922
-858,30,1325,-857.285095,33.1563911,1325.69922
-742,82,1241,-741.331299,83.7129135,1241.74353
-752,57,1230,-751.331299,58.7125435,1230.74353
-850,85,1342,-849.331055,86.7167053,1342.74329
-678,99,1219,-677.535828,100.756973,1219.88574
-752,57,1230,-751.534668,58.7575188,1230.88513
-742,82,1241,-741.539124,83.7572479,1241.88745
-678,225,1220,-677.716187,246.084229,1220.95886
-675,140,1215,-674.722839,161.07634,1215.96082
-745,215,1239,-744.729675,236.059631,1239.96277
-606,30,1184,-605.775574,33.780407,1184.97449
-678,99,1219,-677.775574,102.772614,1219.97449
-605,72,1195,-604.775574,75.777916,1195.97449
-678,225,1220,-677.937561,242.499374,1220.99805
-601,210,1214,-600.939514,227.519913,1214.99817
-675,140,1215,-674.937561,157.499268,1215.99805
-688,30,1201,-687.602539,64.4734421,1201.9176
-754,30,1230,-753.595825,64.5185242,1230.91467
-752,57,1230,-751.595825,91.5177002,1230.91467
-688,30,1201,-687.687622,33.4301262,1201.94995
-752,57,1230,-751.690613,60.4288673,1230.95093
-678,99,1219,-677.690979,102.428673,1219.95105
-601,210,1214,-600.853516,217.105499,1214.98914
-605,72,1195,-604.84668,79.1022568,1195.98816
-675,140,1215,-674.84668,147.096664,1215.98816
-488,85,1115,-487.430023,93.2403564,1115.82166
-605,72,1195,-604.425842,80.2427673,1195.81873
-485,193,1129,-484.422913,201.237061,1129.81665
-489,29,1113,-488.437134,54.1713181,1113.82654
-605,72,1195,-604.444336,97.1584244,1195.8313
-488,85,1115,-487.4375,110.154167,1115.82678
-606,30,1184,-605.797974,33.4961357,1184.97937
-688,30,1201,-687.793274,33.4979172,1201.97839
-678,99,1219,-677.812744,102.495697,1219.9823
-596,228,796,-595.365295,234.024841,795.227295
-709,193,711,-708.36554,199.035767,710.227051
-613,140,801,-612.365417,146.029022,800.227173
-807,138,612,-806.384766,141.537125,611.21167
-791,209,599,-790.384827,212.534393,598.211609
-894,193,525,-893.384766,196.538025,524.21167
-464,30,1055,-463.084106,37.1488075,1055.40137
-489,29,1113,-488.084137,36.15168,1113.40149
-459,71,1058,-458.084106,78.1497421,1058.40137
-485,193,1129,-484.118439,204.680313,1129.47205
-459,71,1058,-458.118256,82.6908417,1058.47168
-488,85,1115,-487.118378,96.6904144,1115.47192
-470,30,984,-469.003876,38.6166649,983.912048
-464,30,1055,-463.003876,38.6182632,1054.91211
-459,71,1058,-458.003876,79.6188736,1057.91211
-441,280,1013,-440.007874,287.363281,1013.12518
-465,85,990,-464.007874,92.3730774,990.125183
-450,280,1085,-449.008881,287.366882,1085.13281
-459,71,1058,-458.118317,102.25705,1058.4718
-489,29,1113,-488.118439,60.2658997,1113.47205
-488,85,1115,-487.117401,116.271759,1115.47009
-470,30,984,-469.004883,42.7234344,983.901306
-459,71,1058,-458.004883,83.7279892,1057.90137
-465,85,990,-464.004883,97.7182693,989.901306
-465,85,990,-464.144379,130.471802,989.482422
-512,0,915,-511.144379,45.461956,914.482422
-470,30,984,-469.144379,75.4416809,983.482422
-508,70,892,-507.079041,81.9386292,891.610352
-465,85,990,-464.079041,96.9212494,989.610352
-499,193,887,-498.079041,204.945908,886.610352
-450,280,1085,-449.004883,312.535187,1084.90137
-465,85,990,-464.004883,117.596809,989.901306
-459,71,1058,-458.004883,103.603203,1057.90137
-450,280,1085,-449.132294,289.991608,1085.49707
-459,71,1058,-458.132294,81.0034409,1058.49707
-485,193,1129,-484.132782,203.003357,1129.49792
-499,193,887,-498.353607,198.82222,886.237
-596,228,796,-595.339966,233.823547,795.248779
-613,140,801,-612.353516,145.818161,800.237122
-508,70,892,-507.238739,73.929245,891.351562
-610,0,799,-609.241455,3.92694688,798.348389
-512,0,915,-511.243774,3.92768598,914.345703
-499,193,887,-498.37381,205.890991,886.220337
-613,140,801,-612.372009,152.915924,800.221802
-508,70,892,-507.373566,82.9101562,891.220581
-613,140,801,-612.320312,1356.18079,800.266541
-709,193,711,-708.320312,1407.73486,710.266541
-708,138,712,-707.320435,1351.88464,711.266418
-807,138,612,-806.301941,259.633881,611.283997
-894,193,525,-893.302856,314.818756,524.283081
-892,105,528,-891.302307,226.784119,527.28363
-882,280,505,-881.146851,284.25827,504.478363
-894,193,525,-893.14978,197.252197,524.473633
-847,280,563,-846.14978,284.254578,562.473633
-807,138,612,-806.299805,336.858765,611.286072
-807,0,613,-806.301758,198.934402,612.28418
-711,0,709,-710.301758,198.934402,708.28418
-1716,351,1199,-1716.8335,664.802124,1199.55249
-1750,141,1146,-1750.8335,454.191742,1146.55249
-1765,280,1124,-1765.83337,593.701538,1124.55261
-899,30,901,-899.751099,39.1521721,901.660156
-931,99,876,-931.751038,108.146103,876.660156
-911,113,901,-911.756958,122.149071,901.65332
-981,32,872,-980.444336,43.6465836,872.83136
-1001,113,894,-1000.44434,124.652733,894.83136
-978,110,878,-977.441406,121.654266,878.829407
-979,42,964,-978.8125,135.811951,963.017761
-936,0,973,-935.8125,93.7557602,972.017761
-933,55,973,-932.802734,148.811554,972.019653
-933,55,973,-932.84668,63.8560066,972.011841
-935,113,966,-934.84668,121.860199,965.011841
-976,114,959,-975.84668,122.860985,958.011841
-981,32,872,-980.961914,47.8712311,872.999268
-931,99,876,-930.963379,114.882797,876.999329
-923,36,872,-922.963379,51.8740273,872.999329
-1009,42,889,-1008.51019,50.712513,889.871826
-1001,113,894,-1000.51855,121.708763,894.876465
-981,32,872,-980.51062,40.7099152,872.87207
-1015,42,939,-1014.00677,50.2566452,939.11615
-1001,113,894,-1000.00763,121.267258,894.123169
-1009,42,889,-1008.00763,50.2576675,889.123047
-979,42,964,-978.427124,54.6841965,963.180359
-976,114,959,-975.441406,126.685028,958.170593
-1015,42,939,-1014.44141,54.6841965,938.170593
-933,55,973,-932.792969,68.165451,972.021667
-976,114,959,-975.797852,127.153687,958.020691
-979,42,964,-978.792969,55.1686401,963.021667
-892,61,939,-892.613525,65.0199509,938.210327
-907,114,934,-907.613281,118.021118,933.210144
-933,55,973,-933.613403,59.0198822,972.210266
-899,30,901,-899.936707,34.3758736,901.350098
-907,114,934,-907.936096,118.378754,934.35144
-892,61,939,-892.936096,65.3756104,939.351562
-923,36,872,-923.791321,43.0428009,872.611267
-931,99,876,-931.78833,106.038879,876.615234
-899,30,901,-899.788208,37.0434265,901.615234
-1301,83,989,-1301.8335,84.3174133,989.55249
-1313,103,999,-1313.8335,104.317795,999.552429
-1291,106,1036,-1291.83374,107.317757,1036.55212
-1333,83,983,-1333.18555,84.6407318,983.982605
-1313,103,999,-1313.19104,104.641541,999.981567
-1301,83,989,-1301.19043,84.6416779,989.981689
-1297,59,983,-1297.90491,62.8476677,983.425537
-1301,83,989,-1301.90479,86.848877,989.425659
-1271,59,1036,-1271.90479,62.8481522,1036.42566
-1297,59,983,-1297.19531,62.6235161,983.980652
-1333,83,983,-1333.19043,86.623703,983.981628
-1301,83,989,-1301.19043,86.6250763,989.981628
-1370,59,1007,-1369.38477,64.8191986,1007.78833
-1333,83,983,-1332.38477,88.8199234,983.78833
-1333,37,973,-1332.38477,42.820961,973.78833
-1333,83,983,-1332.58789,85.2198029,983.911133
-1366,99,1006,-1365.58789,101.221001,1006.91113
-1334,106,995,-1333.58777,108.220268,995.911072
-1369,59,1085,-1368.01953,62.688221,1084.80334
-1366,105,1039,-1365.02246,108.685181,1038.78931
-1383,44,1038,-1382.02136,47.6869202,1037.79443
-1286,58,1103,-1286.30786,61.121151,1102.04858
-1286,82,1095,-1286.31079,85.1220322,1094.04956
-1316,36,1120,-1316.31165,39.1204109,1119.0498
-1286,82,1095,-1286.34961,85.4014053,1094.06311
-1316,81,1106,-1316.33887,84.4021988,1105.0592
-1316,36,1120,-1316.33887,39.3999901,1119.0592
-1275,79,1066,-1275.95874,80.3468475,1065.71582
-1293,104,1062,-1293.95581,105.346809,1061.70605
-1286,82,1095,-1286.96094,83.3470688,1094.72327
-1286,58,1103,-1286.94019,66.7442169,1102.65942
-1275,79,1066,-1275.93652,87.7446442,1065.64941
-1286,82,1095,-1286.93616,90.7424164,1094.64844
-1286,82,1095,-1286.32288,83.7676163,1094.05359
-1316,106,1091,-1316.32239,107.767624,1090.05347
-1316,81,1106,-1316.32288,82.7680206,1105.05359
-1361,82,1077,-1360.46411,84.0020218,1076.15576
-1316,81,1106,-1315.47168,83.0009079,1105.151
-1316,106,1091,-1315.46387,108.000214,1090.15588
-1366,105,1039,-1365.18005,106.284958,1038.42761
-1361,82,1077,-1360.18005,83.2847443,1076.42761
-1350,100,1069,-1349.1803,101.284805,1068.42725
-1333,37,973,-1333.14465,41.7514801,973.989441
-1333,83,983,-1333.15137,87.751236,983.988464
-1297,59,983,-1297.15137,63.749649,983.988464
-1333,83,983,-1333.26855,84.913063,983.963135
-1334,106,995,-1334.26855,107.912498,995.963196
-1313,103,999,-1313.26172,104.912453,999.965027
-1271,59,1036,-1271.92053,61.5270424,1036.39062
-1301,83,989,-1301.92554,85.5286484,989.378601
-1291,106,1036,-1291.92749,108.52594,1036.37378
-1271,59,1036,-1271.995,61.287281,1035.90039
-1291,106,1036,-1291.99316,108.287804,1035.8833
-1293,104,1062,-1293.995,106.286453,1061.90039
-1286,82,1095,-1286.9646,83.3816605,1094.73633
-1293,104,1062,-1293.96472,105.381409,1061.73682
-1299,103,1086,-1299.96484,104.381172,1085.73718
-1286,82,1095,-1286.37805,83.613739,1094.07422
-1299,103,1086,-1299.37805,104.613388,1085.07422
-1316,106,1091,-1316.38892,107.613747,1090.07874
-1361,82,1077,-1360.36548,83.3757019,1076.22717
-1316,106,1091,-1315.3656,107.374969,1090.22705
-1350,100,1069,-1349.375,101.375984,1068.21948
-1316,36,1120,-1315.60278,38.1895409,1119.08228
-1361,82,1077,-1360.59644,84.1894531,1076.08508
-1369,59,1085,-1368.59583,61.1892052,1084.08533
-1211,53,1331,-1210.62109,56.6750298,1330.07458
-1197,128,1315,-1196.61023,131.6745,1314.0791
-1229,102,1309,-1228.60999,105.674591,1308.07922
-1197,128,1315,-1196.50293,129.168427,1314.13232
-1194,163,1282,-1193.50293,164.168625,1281.13232
-1217,125,1306,-1216.49609,126.169128,1305.13635
-1159,56,1242,-1159.99902,68.3968658,1242.04236
-1165,135,1290,-1165.99915,147.399307,1290.04089
-1158,49,1285,-1158.99915,61.4041748,1285.04102
-1194,163,1282,-1194.97437,164.06134,1282.22449
-1165,135,1290,-1165.97437,136.060944,1290.22449
-1173,135,1255,-1173.97437,136.060944,1255.22449
-1244,49,1280,-1243.00574,53.8046684,1280.10645
-1226,139,1282,-1225.00488,143.80687,1282.09863
-1229,109,1253,-1228.00574,113.807793,1253.10645
-1235,39,1314,-1234.0437,47.512558,1313.70764
-1229,102,1309,-1228.04077,110.510635,1308.71741
-1244,49,1280,-1243.04211,57.5144081,1279.71289
-1211,53,1331,-1210.38538,61.262619,1330.21118
-1229,102,1309,-1228.38538,110.256317,1308.21118
-1235,39,1314,-1234.38477,47.261528,1313.21167
-1229,102,1309,-1228.54504,104.894775,1308.1095
-1197,128,1315,-1196.53967,130.8927,1314.1123
-1217,125,1306,-1216.53711,127.893059,1305.11365
-1244,49,1280,-1243.01245,54.069149,1279.84277
-1229,102,1309,-1228.01172,107.065132,1308.84741
-1226,139,1282,-1225.0116,144.064804,1281.84827
-1231,78,1250,-1230.51062,86.5573578,1250.87207
-1229,109,1253,-1228.51062,117.556679,1253.87207
-1197,49,1227,-1196.50415,57.558506,1227.86841
-1197,49,1227,-1196.72974,52.6812592,1227.96277
-1229,109,1253,-1228.73633,112.680122,1253.9646
-1194,144,1253,-1193.73633,147.680099,1253.9646
-1229,109,1253,-1228.0304,111.990204,1253.24463
-1226,139,1282,-1225.03015,141.991608,1282.24353
-1220,144,1265,-1219.03003,146.991745,1265.24316
-1244,49,1280,-1243.05347,59.8984375,1280.32251
-1229,109,1253,-1228.05164,119.895279,1253.31714
-1231,78,1250,-1230.05371,88.896225,1250.32312
-1159,56,1242,-1159.18555,61.2171707,1242.98254
-1194,144,1253,-1194.18555,149.213196,1253.98254
-1173,135,1255,-1173.17493,140.212509,1255.9845
-1159,56,1242,-1159.97449,60.7377625,1242.22424
-1173,135,1255,-1173.97656,139.732513,1255.21521
-1165,135,1290,-1165.97839,139.730133,1290.20654
-1172,53,1312,-1172.87158,70.3840256,1311.50977
-1165,135,1290,-1165.86768,152.382568,1289.50293
-1175,131,1308,-1175.87158,148.386841,1307.50977
-1172,53,1312,-1172.29248,69.1762085,1311.04382
-1175,131,1308,-1175.29358,147.189026,1307.04407
-1197,128,1315,-1197.29224,144.183029,1314.0437
-1194,163,1282,-1193.34668,164.140259,1281.24292
-1226,139,1282,-1225.34668,140.140625,1281.24292
-1217,125,1306,-1216.34009,126.14003,1305.24866
-1197,128,1315,-1197.19043,129.103943,1314.01831
-1175,131,1308,-1175.2002,132.103622,1307.02026
-1194,163,1282,-1194.18591,164.104462,1281.01746
-1546,180,1063,-1545.33105,238.740524,1062.25671
-1693,203,927,-1692.33105,261.779816,926.256714
-1696,171,925,-1695.32056,229.766891,924.266296
-883,237,1196,-882.793274,263.966217,1195.02161
-1502,180,1061,-1501.79297,207.141586,1060.02173
-1501,160,1062,-1500.77563,187.142197,1061.02551
-877,213,1171,-877.222656,271.123657,1171.97485
-1500,183,1036,-1500.20532,241.270416,1036.97864
-879,237,1171,-879.222656,295.122925,1171.97485
-1640,0,-389,-1640.82654,62.055027,-389.562805
-1626,244,-416,-1626.82654,306.153839,-416.562744
-1642,244,-393,-1642.82666,306.138641,-393.562683
-1624,0,-447,-1624.99707,58.593956,-446.923523
-1628,244,-444,-1628.99805,302.777985,-443.937561
-1626,244,-416,-1626.99707,302.763824,-415.923523
-1624,0,-447,-1624.86011,47.7410583,-446.489899
-1648,244,-477,-1648.85999,291.727631,-476.489685
-1628,244,-444,-1628.86267,291.751587,-443.494415
-1677,0,-505,-1677.67798,270.685944,-504.264923
-1674,244,-501,-1674.68774,515.554504,-500.274048
-1648,244,-477,-1648.67676,515.554504,-476.263824
-1640,0,-389,-1640.50586,53.9050217,-389.862549
-1642,244,-393,-1642.50586,297.71759,-393.862518
-1670,244,-377,-1670.48828,297.710907,-377.872681
-1640,0,-389,-1640.47363,78.0937729,-389.880585
-1670,244,-377,-1670.47363,321.922882,-377.880707
-1671,0,-373,-1671.46973,78.0937729,-373.882721
-1622,0,-415,-1622.82703,62.0058289,-415.562134
-1626,244,-416,-1626.82678,306.013824,-416.562469
-1640,0,-389,-1640.82715,61.990387,-389.561981
-1624,0,-447,-1624.99817,61.9450798,-446.939514
-1626,244,-416,-1626.99805,305.808838,-415.937561
-1622,0,-415,-1622.99805,61.9602318,-414.937561
-1647,0,-480,-1647.81677,98.2257385,-479.423065
-1648,244,-477,-1648.82642,341.866394,-476.437012
-1624,0,-447,-1624.82642,98.1905518,-446.437012
-1677,0,-505,-1677.63281,81.8759842,-504.225708
-1648,244,-477,-1648.63782,326.147003,-476.229828
-1647,0,-480,-1647.63818,81.8810425,-479.230133
-1372,70,1578,-1372.71729,102.382271,1578.69678
-1372,0,1575,-1372.71497,32.3884621,1575.6991
-1447,0,1499,-1447.71582,32.4046898,1499.69812
-1372,70,1578,-1372.87207,76.6256409,1578.48938
-1447,247,1499,-1447.87646,253.604965,1499.48145
-1378,140,1589,-1378.87708,146.619843,1589.48035
-1649,247,1294,-1649.61816,261.013885,1294.78601
-1741,0,1201,-1741.61816,14.0293179,1201.78589
-1749,70,1201,-1749.61816,84.0184326,1201.78601
