-1300,-270,-1963,-1300.95581,-268.938782,-1962.70605
-1200,-332,-1839,-1200.95581,-330.939484,-1838.70605
-1253,-330,-2004,-1253.95593,-328.939453,-2003.70642
-1684,341,2482,-1684.16895,474.411743,2482.9856
-1966,638,2440,-1966.17493,771.353516,2440.98438
-1697,612,2482,-1697.16895,744.960876,2482.9856
98,698,-2473,98.552887,701.813477,-2473.83325
204,542,-2355,204.558273,545.828796,-2355.82959
394,801,-2306,394.548889,804.818604,-2306.83569
-1053,626,-2602,-1052.72327,628.432495,-2602.96094
-994,359,-2474,-993.736328,361.437408,-2474.9646
-581,816,-2542,-580.726562,818.433105,-2542.96167
-53,537,-2387,-52.9575729,538.721802,-2387.99902
98,698,-2473,98.0404968,699.713623,-2473.99902
-310,535,-2395,-309.961761,536.729431,-2395.99927
-1053,626,-2602,-1053.55396,627.905701,-2602.83252
-1249,559,-2432,-1249.55688,560.90802,-2432.83057
-994,359,-2474,-994.556641,360.913635,-2474.83057
204,-40,-2355,204.301147,-26.2677536,-2355.95337
252,-322,-2318,252.301147,-308.304626,-2318.95337
383,-40,-2296,383.32251,-26.295208,-2296.94653
-3133,283,751,-3133.65137,284.835938,751.758728
-2553,602,1457,-2553.65137,603.830872,1457.75854
-2324,441,1540,-2324.63965,442.839447,1540.76855
-1805,-1200,2301,-1805.71582,-1100.23474,2301.69824
-1890,135,2235,-1890.71582,233.773361,2235.698
-1807,73,2317,-1807.71509,171.970367,2317.69897
-2274,-1183,1529,-2274.5791,-1107.33752,1529.81519
-2030,133,1720,-2030.58594,207.501633,1720.81018
-2134,-1200,1626,-2134.573,-1124.55798,1626.81946
-3133,283,751,-3133.66895,286.097137,751.743042
-2324,441,1540,-2324.67969,444.056,1540.7334
-2261,291,1530,-2261.67969,294.051575,1530.73328
-1147,-197,2313,-1146.96387,-134.326065,2313.99927
-1156,-1200,2297,-1155.95593,-1137.45288,2297.99902
-1680,-1200,2305,-1679.95593,-1137.31628,2305.99902
-1147,-197,2313,-1146.9707,-118.470711,2313.99951
-1680,-1200,2305,-1679.96191,-1121.60876,2305.99927
-1663,13,2320,-1662.95593,91.5179901,2320.99902
11,-800,1492,10.6685753,426.505493,1491.05652
605,-400,1293,604.676025,814.789978,1292.05396
-2,-400,1496,-2.32504892,826.789612,1495.05432
-30,-712,1430,-29.7327366,-710.186829,1429.03638
-10,-807,1490,-9.7364893,-805.186646,1489.0354
11,-800,1492,11.2758636,-798.187195,1491.03882
121,-807,1882,121.703606,-805.387207,1882.71057
141,-712,1942,141.710068,-710.387146,1942.70398
138,-800,1871,138.704361,-798.386841,1871.70984
-10,-807,1490,-9.62373924,-805.871948,1489.07349
42,-870,1573,42.3793259,-868.871826,1572.07483
11,-800,1492,11.3824978,-798.872375,1491.07605
293,-455,1978,292.675995,-453.477295,1977.05396
133,-331,1944,132.676682,-329.481079,1943.05371
159,-455,2023,158.678833,-453.478607,2022.05298
-64,-455,1357,-63.678833,-453.511444,1357.94702
-38,-331,1435,-37.6847229,-329.516113,1435.94897
96,-331,1390,96.3193512,-329.51413,1390.94751
-1913,-1181,-1649,-1913.53455,-1179.76294,-1649.84509
-1825,-1185,-1700,-1825.5343,-1183.7616,-1700.84521
-1831,-1168,-1712,-1831.52673,-1166.76184,-1712.84998
-1913,-1181,-1649,-1913.53455,-1179.77026,-1649.84509
-1831,-1168,-1712,-1831.53711,-1166.76807,-1712.84338
-1920,-1164,-1661,-1920.53418,-1162.77039,-1661.84534
-1955,-1210,-1679,-1954.12256,-1180.76428,-1679.47961
-1926,-1210,-1626,-1925.12207,-1180.78333,-1626.47876
-1925,-1158,-1628,-1924.12317,-1128.7832,-1628.48071
-1955,-1210,-1679,-1954.13806,-1088.25781,-1679.50696
-1925,-1158,-1628,-1924.13806,-1036.31165,-1628.50696
-1944,-1148,-1661,-1943.13855,-1026.3418,-1661.50781
-1926,-1210,-1626,-1926.50684,-1181.14844,-1626.86182
-1907,-1210,-1637,-1907.50195,-1181.14844,-1637.86487
-1907,-1159,-1639,-1907.50696,-1130.12573,-1639.86194
-1926,-1210,-1626,-1926.52637,-1166.28931,-1626.85022
-1907,-1159,-1639,-1907.52637,-1115.2627,-1639.85022
-1925,-1158,-1628,-1925.52637,-1114.26404,-1628.85022
-1944,-1148,-1661,-1943.53125,-1146.48145,-1660.1167
-1925,-1149,-1672,-1924.51855,-1147.48083,-1671.12354
-1936,-1181,-1689,-1935.5332,-1179.48218,-1688.11572
-1944,-1148,-1661,-1943.57422,-1146.52942,-1660.09521
-1936,-1181,-1689,-1935.57422,-1179.53052,-1688.09521
-1955,-1180,-1679,-1954.57422,-1178.53027,-1678.09521
-679,-1145,-421,-679.549438,-1142.46533,-420.16449
-633,-1216,-424,-633.555542,-1213.46362,-423.168518
-661,-1235,-452,-661.548218,-1232.46289,-451.163666
-679,-1145,-421,-679.547974,-1142.44275,-420.163513
-661,-1235,-452,-661.548401,-1232.43872,-451.163788
-707,-1165,-449,-707.547913,-1162.44153,-448.163483
-684,-1148,-378,-684.986267,-1146.38428,-378.164978
-638,-1219,-382,-638.989136,-1217.38269,-382.146637
-633,-1216,-424,-633.98822,-1214.38306,-424.152924
-684,-1148,-378,-684.989075,-1146.43811,-378.146851
-633,-1216,-424,-633.989136,-1214.43848,-424.14682
-679,-1145,-421,-679.989319,-1143.43823,-421.145752
-718,-1173,-362,-718.347229,-1167.5011,-362.937775
-672,-1244,-365,-672.34668,-1238.50171,-365.937927
-638,-1219,-382,-638.330505,-1213.49768,-382.943787
-718,-1173,-362,-718.3302,-1166.73181,-362.943909
-638,-1219,-382,-638.330078,-1212.73157,-382.943939
-684,-1148,-378,-684.330078,-1141.73047,-378.943939
-740,-1188,-433,-739.330322,-1185.75781,-432.257355
-745,-1123,-390,-744.330078,-1120.75708,-389.257599
-707,-1165,-449,-706.330078,-1162.75671,-448.257599
-684,-1148,-378,-684.043396,-1146.28271,-378.999023
-745,-1123,-390,-745.043213,-1121.28381,-390.999054
-718,-1173,-362,-718.042969,-1171.28296,-362.999023
-718,-1173,-362,-717.297913,-1074.15259,-362.712067
-745,-1123,-390,-744.297852,-1024.1283,-390.712006
-745,-1193,-389,-744.297974,-1094.1748,-389.712128
-468,-1141,-723,-467.118469,-1139.46399,-722.527893
-426,-1086,-725,-425.118256,-1084.46399,-724.52832
-448,-1141,-760,-447.118378,-1139.4635,-759.528076
-445,-1141,-687,-444.153748,-1139.49561,-687.532776
-426,-1086,-725,-425.153412,-1084.49451,-725.532227
-468,-1141,-723,-467.153412,-1139.49512,-723.532227
-403,-1141,-690,-403.061401,-1139.49011,-690.998108
-426,-1086,-725,-426.061401,-1084.49194,-725.998108
-445,-1141,-687,-445.075409,-1139.49084,-687.997131
-384,-1141,-726,-384.88385,-1139.4801,-726.467712
-426,-1086,-725,-426.88147,-1084.48035,-725.472229
-403,-1141,-690,-403.881683,-1139.47876,-690.47168
-406,-1141,-762,-406.854889,-1139.46277,-761.481201
-426,-1086,-725,-426.854584,-1084.46338,-724.480713
-384,-1141,-726,-384.86145,-1139.46411,-725.492188
-448,-1141,-760,-447.957245,-1139.45947,-759.000916
-426,-1086,-725,-425.955841,-1084.46021,-724.000977
-406,-1141,-762,-405.956665,-1139.45947,-761.000977
-1927,-1200,493,-1927.98718,-1197.84912,493.158813
-1969,-1102,511,-1969.98523,-1099.84961,511.170898
-1959,-1106,560,-1959.98816,-1103.84973,560.152893
-1927,-1200,493,-1927.98914,-1197.7533,493.146576
-1959,-1106,560,-1959.98816,-1103.75415,560.153137
-1917,-1205,542,-1917.98816,-1202.75305,542.152893
-1973,-1218,485,-1973.08789,-1213.48303,485.996063
-2016,-1120,503,-2016.08789,-1115.48071,503.996094
-1969,-1102,511,-1969.08789,-1097.47986,511.996124
-1973,-1218,485,-1973.08789,-1213.4165,485.996124
-1969,-1102,511,-1969.08789,-1097.41663,511.996094
-1927,-1200,493,-1927.08789,-1195.41846,493.996124
-1917,-1205,542,-1917.46765,-1178.0542,541.116089
-1959,-1106,560,-1959.46753,-1079.04907,559.116028
-1999,-1127,582,-1999.46692,-1100.04517,581.115723
-1917,-1205,542,-1917.46753,-1182.57397,541.116028
-1999,-1127,582,-1999.4668,-1104.52966,581.115662
-1956,-1226,564,-1956.46765,-1203.56519,563.116089
-1806,-854,-43,-1805.00574,-852.179993,-42.8930359
-1811,-870,-83,-1810.00659,-868.180298,-82.885376
-1817,-866,-3,-1816.00574,-864.17865,-2.89303446
-1811,-870,-83,-1810.00476,-868.257812,-82.9025421
-1851,-939,-83,-1850.00476,-937.258606,-82.9025421
-1857,-936,-3,-1856.00574,-934.257751,-2.89303446
-1811,-870,-83,-1810.00476,-868.276367,-82.9025421
-1838,-900,14,-1837.00488,-898.27655,14.0984116
-1817,-866,-3,-1816.00574,-864.275757,-2.89303446
-1121,-1131,-1096,-1121.61353,-1129.55347,-1095.21033
-1408,-1173,-1355,-1408.61914,-1171.55786,-1354.21472
-1401,-1129,-1311,-1401.61816,-1127.55872,-1310.21399
-1164,-1121,-869,-1163.39258,-1119.46863,-869.794373
-1455,-1121,-1091,-1454.38867,-1119.47705,-1091.79126
-1475,-1171,-1066,-1474.38892,-1169.47729,-1066.7915
-1838,-900,14,-1838.13281,-897.639099,13.0088596
-1254,-1200,66,-1254.13281,-1197.60425,65.0088654
-1817,-866,-3,-1817.125,-863.640137,-3.99213409
-1838,-900,14,-1838.04297,-895.914551,13.0009241
-1454,-1125,55,-1454.04297,-1120.92847,54.000927
-1254,-1200,66,-1254.04297,-1195.93457,65.0009308
-1454,-1125,55,-1454.07617,-1122.22449,54.0029068
-1359,-1200,74,-1359.07617,-1197.22278,73.0029068
-1254,-1200,66,-1254.07617,-1197.21887,65.0029068
-1811,-870,-83,-1811.27026,-866.775269,-82.0372162
-1445,-1130,-63,-1445.27539,-1126.77869,-62.0386696
-1830,-905,-100,-1830.27014,-901.773804,-99.0371857
-1811,-870,-83,-1811.20825,-865.737549,-82.0219269
-1254,-1200,-37,-1254.20813,-1195.70703,-36.0219002
-1445,-1130,-63,-1445.20862,-1125.71606,-62.0220032
-1434,-1086,-1131,-1433.02515,-1083.05237,-1130.77722
-1458,-1155,-1129,-1457.02539,-1152.05298,-1128.77612
-1455,-1121,-1091,-1454.02612,-1118.05249,-1090.77295
-1436,-1184,-1291,-1435.01245,-1182.23291,-1290.84277
-1419,-1153,-1284,-1418.0116,-1151.23352,-1283.84827
-1401,-1129,-1311,-1400.01172,-1127.23425,-1310.84741
-1475,-1171,-1066,-1474.0116,-1168.66345,-1065.84827
-1469,-1179,-1129,-1468.01172,-1176.66162,-1128.84741
-1481,-1185,-1066,-1480.0127,-1182.66382,-1065.84119
-1150,-1131,-937,-1150.9823,-1112.71851,-937.187012
-1156,-1087,-919,-1156.98218,-1068.72424,-919.1875
-1164,-1121,-869,-1164.9823,-1102.70642,-869.187195
-1152,-1149,-908,-1152.96082,-1128.26648,-908.277161
-1172,-1171,-834,-1172.9646,-1150.26453,-834.263367
-1151,-1180,-906,-1151.9646,-1159.26245,-906.263428
-3593,-246,2189,-3593.96558,251.039963,2189.25952
-3563,-63,2301,-3563.97046,434.145477,2301.24121
-3521,-51,2456,-3521.96655,445.5737,2456.25586
-2112,134,2270,-2111.86792,283.277069,2270.99121
-2345,135,2304,-2344.86792,284.580597,2304.99121
-2174,272,2280,-2173.86792,421.54071,2280.99121
-2281,276,1919,-2281.32251,378.023956,1918.05347
-2438,135,1974,-2438.32251,237.057861,1973.05347
-2206,135,1895,-2206.32251,236.714676,1894.05347
381,0,2293,381.952606,16.5862541,2292.6958
155,160,1586,155.952438,176.540253,1585.69531
28,160,1206,28.9486179,176.501633,1205.68359
28,160,1206,28.9335594,892.8172,1205.6416
26,-1200,1206,26.9338474,-469.474548,1205.64233
96,-869,1390,96.9336014,-137.929123,1389.64172
267,-869,1900,267.952515,-828.226318,1899.69556
96,-869,1390,96.9486008,-827.9375,1389.68359
26,-1200,1206,26.9476795,-1158.98132,1205.68079
267,-869,1900,267.952484,-844.857849,1899.69543
26,-1200,1206,26.9486217,-1175.9071,1205.68359
381,-1200,2293,381.952606,-1175.87671,2292.6958
383,-1200,-2296,383.952606,-1032.64185,-2295.6958
24,-1200,-1199,24.9487438,-1033.10413,-1198.68396
125,-40,-1485,125.948746,125.765007,-1484.68396
24,-1200,-1199,24.999918,-1144.34399,-1199.0127
28,-980,-948,28.999918,-924.464783,-948.012695
28,-980,-1134,28.999918,-924.464783,-1134.0127
381,800,2293,381.952606,3066.47778,2292.6958
26,800,1206,26.9492722,3103.0481,1205.68555
113,360,1473,113.948738,2651.91919,1472.68396
26,800,1206,26.948658,976.893677,1205.68372
62,360,1321,62.9478455,538.070984,1320.68127
113,360,1473,113.948608,538.169373,1472.68359
374,560,-2243,374.951508,1460.09058,-2242.69238
323,560,-2091,323.951477,1459.55005,-2090.69238
24,800,-1199,24.9476223,1699.65088,-1198.68066
323,560,-2091,323.952515,662.832886,-2090.69556
296,400,-2016,296.951508,502.665924,-2015.69238
24,800,-1199,24.9466457,903.509949,-1198.67773
375,-1200,806,374.955841,-154.1828,806.999023
4,-1200,800,3.95581698,-152.557846,800.999023
4,876,802,3.95581698,1895.12964,802.999023
282,200,-2335,282.950531,640.30481,-2334.68945
61,200,-1673,61.9486084,640.466919,-1672.68359
188,400,-2052,188.952606,840.21759,-2051.6958
8,-1200,-948,8.99937725,-1104.43567,-947.964722
4,-1200,-786,4.99984503,-1104.323,-785.982422
8,-980,-854,8.99937725,-884.649597,-853.964722
268,640,-792,267.957245,757.516479,-792.999084
375,876,-794,374.957245,993.243042,-794.999084
8,876,-794,7.95581722,993.235901,-794.999023
268,640,-792,267.957245,757.516479,-792.999084
8,876,-794,7.95581722,993.235901,-794.999023
188,640,-792,187.95723,757.516479,-792.999084
348,200,-791,347.957245,444.407501,-791.999084
375,876,-794,374.957245,1118.5072,-794.999084
268,640,-792,267.957245,883.251221,-792.999084
188,560,-792,187.95723,920.960876,-792.999084
348,200,-791,347.957245,560.883972,-791.999084
268,560,-792,267.957245,920.960876,-792.999084
188,200,-792,187.000931,11076.3291,-792.042969
189,200,-912,188.000931,11074.3291,-912.042969
189,300,-913,188.000931,11165.3262,-913.042969
188,200,-792,187.000931,11076.3291,-792.042969
189,300,-913,188.000931,11165.3262,-913.042969
188,300,-793,187.000931,11167.3262,-793.042969
-468,-1139,-1526,-467.494415,-1104.09241,-1526.86267
-468,-1200,-1524,-467.48938,-1165.09485,-1524.85974
-365,-1200,-1462,-364.490509,-1165.05579,-1462.86047
-323,-1200,-1546,-323.608429,-1195.72388,-1545.20642
-426,-1140,-1608,-426.608459,-1135.72192,-1607.20642
-1131,-392,-1933,-1131.61865,-387.715179,-1932.21436
-1200,-332,-1839,-1200.81873,-321.448425,-1839.5741
-1167,-446,-1867,-1167.8197,-435.454468,-1867.57275
-1188,-333,-1856,-1188.82068,-322.449341,-1856.57117
-1200,-332,-1839,-1200.66016,566.036804,-1839.75098
-1202,-1200,-1836,-1202.6582,-304.639343,-1836.75281
-1167,-446,-1867,-1167.65918,451.878113,-1867.75183
-1262,-270,-1813,-1262.38892,182.287766,-1813.92126
-1202,-1200,-1836,-1202.40234,-748.030518,-1836.91528
-1200,-332,-1839,-1200.40234,119.996338,-1839.91541
-1762,-88,-1841,-1761.44238,12.9469728,-1841.83008
-1873,-1200,-1902,-1872.44751,-1097.42163,-1902.8335
-1647,-1200,-1751,-1646.44824,-1097.31641,-1751.83398
-1647,-1200,-1751,-1647.04297,-1106.38,-1751.99902
-1500,-88,-1765,-1500.04297,6.76990843,-1765.99902
-1635,-88,-1763,-1635.04297,6.62048769,-1763.99902
-2297,271,1792,-2297.99902,282.94162,1791.95593
-2320,548,1763,-2320.99902,559.919434,1762.95593
-2310,402,1893,-2310.99878,413.931122,1892.95508
-2358,534,1661,-2358.93628,538.404541,1661.3512
-2320,548,1763,-2320.92554,552.406067,1763.37854
-2297,280,1659,-2297.9314,284.390381,1659.36377
-2310,402,1893,-2310.99976,406.469452,1893.01013
-2281,276,1919,-2281.99951,280.468658,1919.02893
-2281,274,1848,-2281.99902,278.465698,1848.04077
-2310,402,1893,-2310.95483,405.579742,1892.70312
-2327,355,1993,-2327.95117,358.577576,1992.69141
-2281,276,1919,-2281.95483,279.581787,1918.70312
-2219,135,1840,-2219.97632,136.821426,1840.21545
-2281,276,1919,-2281.97852,277.82489,1919.20593
-2206,135,1895,-2206.97437,136.820419,1895.22424
-2499,738,1929,-2499.94043,740.89209,1929.33984
-2363,696,2262,-2363.94214,698.902954,2262.33496
-2374,581,2113,-2374.948,583.893555,2113.31812
-2363,696,2262,-2363.88965,697.869812,2262.45654
-2253,574,2333,-2253.88428,575.865173,2333.4668
-2311,569,2216,-2311.88623,570.869263,2216.46289
-2358,534,1661,-2358.8855,535.098572,1661.4646
-2481,737,1810,-2481.90283,738.094543,1810.42969
-2320,548,1763,-2320.89722,549.098022,1763.44116
-2481,737,1810,-2481.95581,738.337463,1809.70605
-2362,557,1880,-2362.96289,558.334961,1879.73022
-2320,548,1763,-2320.96094,549.335693,1762.72327
-2311,569,2216,-2311.59009,579.38092,2216.80713
-2174,272,2280,-2174.58765,282.348938,2280.80908
-2277,363,2216,-2277.59033,373.350555,2216.80713
-2320,390,2117,-2320.93604,396.783722,2117.35132
-2311,569,2216,-2311.93433,575.791321,2216.3562
-2277,363,2216,-2277.93164,369.784363,2216.36328
-2327,355,1993,-2327.99316,358.83139,1993.11584
-2380,562,1996,-2380.99316,565.827026,1996.11609
-2320,390,2117,-2320.99121,393.828369,2117.13086
-2320,548,1763,-2320.94995,550.776306,1762.68762
-2362,557,1880,-2362.95093,559.772827,1879.69067
-2310,402,1893,-2310.95093,404.772125,1892.69067
-2253,574,2333,-2253.13135,575.588806,2333.99121
-2396,779,2441,-2396.13794,780.58313,2441.99023
-2113,660,2403,-2113.12402,661.590637,2403.99219
-2253,574,2333,-2253.32227,578.026917,2333.94653
-2113,660,2403,-2113.31958,664.032043,2403.94751
-2174,272,2280,-2174.33984,276.019257,2280.94043
-2310,402,1893,-2310.96289,406.323639,1892.73022
-2380,562,1996,-2380.96265,566.333313,1995.72949
-2327,355,1993,-2327.96289,359.329376,1992.73022
-2499,738,1929,-2499.99219,739.38269,1928.87537
-2380,562,1996,-2380.99219,563.38678,1995.87537
-2362,557,1880,-2362.99219,558.384216,1879.87537
-2374,581,2113,-2374.88623,582.823853,2113.46265
-2363,696,2262,-2363.8833,697.818604,2262.46875
-2311,569,2216,-2311.8833,570.822388,2216.46875
-2499,738,1929,-2499.99023,739.664551,1929.13855
-2374,581,2113,-2374.98926,582.662048,2113.14551
-2380,562,1996,-2380.99023,563.662415,1996.13855
-2174,272,2280,-2174.88477,274.393402,2280.46582
-2056,134,2375,-2056.88428,136.389145,2375.4668
-2112,134,2270,-2112.88525,136.390366,2270.46484
-2174,272,2280,-2174.71582,281.117371,2280.69824
-2113,660,2403,-2113.71484,669.092651,2403.69922
-2056,134,2375,-2056.71582,143.132339,2375.69824
-2281,274,1848,-2281.99902,276.165466,1848.03955
-2281,276,1919,-2281.99927,278.163452,1919.03735
-2219,135,1840,-2219.99927,137.165726,1840.03442
-2265,135,1791,-2265.7334,140.748245,1791.67957
-2297,271,1792,-2297.7334,276.746918,1792.67969
-2219,135,1840,-2219.7334,140.74263,1840.67957
-2297,271,1792,-2297.95874,274.145111,1792.28369
-2310,402,1893,-2310.96265,405.14151,1893.27039
-2281,274,1848,-2281.95874,277.143829,1848.28381
-2219,135,1840,-2219.95874,137.12352,1840.28418
-2297,271,1792,-2297.9585,273.121185,1792.28418
-2281,274,1848,-2281.95581,276.120239,1848.29382
-2297,280,1659,-2297.99902,284.181183,1658.95593
-2297,271,1792,-2297.99902,275.172394,1791.95593
-2265,135,1791,-2265.99902,139.163757,1790.95593
-2261,291,1530,-2261.96094,305.50415,1529.72327
-2297,280,1659,-2297.96289,294.505341,1658.73022
-2251,135,1535,-2251.9646,149.481094,1534.73633
-2324,441,1540,-2324.99707,445.315704,1539.92358
-2358,534,1661,-2358.99487,538.320374,1660.90039
-2297,280,1659,-2297.99512,284.319946,1658.90137
-2553,602,1457,-2553.86768,603.048035,1457.49707
-2358,534,1661,-2358.87158,535.043274,1661.48987
-2324,441,1540,-2324.87158,442.043549,1540.49023
-2553,602,1457,-2553.86353,603.114929,1457.50391
-2481,737,1810,-2481.86377,738.124146,1810.50342
-2358,534,1661,-2358.86377,535.121765,1661.50354
-2481,737,1810,-2481.99121,738.439209,1809.8678
-2499,738,1929,-2499.99023,739.437744,1928.8606
-2362,557,1880,-2362.99121,558.434998,1879.8678
-2310,402,1893,-2310.99219,404.996002,1892.87537
-2362,557,1880,-2362.99219,560.002808,1879.87537
-2380,562,1996,-2380.99023,565.006897,1995.8606
-2320,390,2117,-2320.99609,393.542236,2117.08716
-2380,562,1996,-2380.99707,565.534729,1996.07581
-2374,581,2113,-2374.99707,584.539246,2113.0752
-2374,581,2113,-2374.87158,585.261353,2113.48999
-2311,569,2216,-2311.87158,573.264404,2216.48999
-2320,390,2117,-2320.86768,394.261444,2117.49683
-2311,569,2216,-2311.89038,572.176331,2216.45459
-2253,574,2333,-2253.89526,577.169861,2333.44507
-2174,272,2280,-2174.89526,275.176208,2280.44482
-2363,696,2262,-2363.98413,697.353088,2262.17651
-2396,779,2441,-2396.98438,780.357483,2441.17529
-2253,574,2333,-2253.98633,575.351562,2333.16382
-3133,283,751,-3133.67773,336.353363,751.735229
-2261,291,1530,-2261.66724,344.820648,1530.74475
-2251,135,1535,-2251.67773,188.87735,1535.73523
-1805,-1200,2301,-1805.04297,-1124.07227,2301.99902
-1807,73,2317,-1807.04297,148.954285,2317.99902
-1663,13,2320,-1663.04297,89.0820236,2320.99902
-1805,-1200,2301,-1805.04297,-1116.00696,2301.99902
-1663,13,2320,-1663.04297,97.8226547,2320.99902
-1680,-1200,2305,-1680.04297,-1116.04797,2305.99902
-2297,280,1659,-2297.99902,292.180023,1658.95593
-2320,548,1763,-2320.99902,560.135254,1762.95593
-2297,271,1792,-2297.99902,283.172607,1791.95593
-2324,441,1540,-2324.95581,443.562225,1539.70605
-2297,280,1659,-2297.95117,282.55368,1658.69141
-2261,291,1530,-2261.95581,293.559082,1529.70605
-2297,280,1659,-2297.99512,289.261536,1659.09778
-2265,135,1791,-2265.99414,144.238617,1791.1073
-2281,135,1657,-2281.99512,144.243042,1657.09839
-2251,135,1535,-2251.97046,144.490723,1534.75879
-2297,280,1659,-2297.97461,289.471832,1658.77612
-2281,135,1657,-2281.9707,144.474167,1656.75977
-1140,-197,2442,-1140.96277,-123.539413,2441.72974
-1126,-1200,2442,-1126.96277,-1127.56335,2441.72974
-1122,-205,2378,-1122.9646,-131.525528,2377.73633
-545,-1200,2467,-545.222656,-1095.2561,2467.97485
-545,693,2485,-545.222656,797.817749,2485.97485
-387,439,2518,-387.226562,544.036011,2518.97388
-1823,60,2466,-1823.04297,81.5752716,2466.99902
-1980,264,2472,-1980.04297,285.603455,2472.99902
-1684,341,2482,-1684.04297,362.498535,2482.99902
-1127,238,2447,-1126.8125,241.958145,2447.98218
-1428,487,2570,-1427.82397,490.966003,2570.98438
-1137,446,2502,-1136.79858,449.965881,2502.97949
-1684,341,2482,-1684.32227,406.079803,2482.94653
-1697,612,2482,-1697.32227,676.917236,2482.94653
-1428,487,2570,-1428.32227,551.935059,2570.94653
-1684,341,2482,-1683.92358,1861.39771,2482.99707
-1402,197,2462,-1401.93762,1718.49304,2462.99805
-1673,7,2481,-1672.93762,1529.04419,2481.99805
-2056,134,2375,-2056.71582,142.778442,2375.69824
-2113,660,2403,-2113.71582,668.764526,2403.698
-1980,264,2472,-1980.71582,272.776611,2472.698
-1823,60,2466,-1823.09827,214.486206,2466.99512
-1684,341,2482,-1684.10706,495.868927,2482.99414
-1673,7,2481,-1673.10706,161.309082,2481.99414
-1428,487,2570,-1428.3772,494.1586,2570.92603
-1697,612,2482,-1697.3772,619.186157,2482.92603
-1408,778,2621,-1408.37708,785.168518,2621.92603
-1123,778,2551,-1122.77148,783.289856,2551.97339
-1428,487,2570,-1427.76379,492.279816,2570.97168
-1408,778,2621,-1407.75977,783.292542,2621.9707
-1137,446,2502,-1136.78906,452.628113,2502.97729
-1428,487,2570,-1427.79297,493.623657,2570.97827
-1123,778,2551,-1122.78479,784.603455,2551.97656
-1684,341,2482,-1684.13184,343.566772,2482.99121
-1428,487,2570,-1428.13135,489.575195,2570.99121
-1402,197,2462,-1402.13086,199.575974,2462.99121
-828,-1200,2400,-828.495117,-1107.85571,2400.86865
-833,288,2416,-833.495361,379.170746,2416.86865
-673,-108,2499,-673.488281,-16.7066727,2499.87256
-828,693,2622,-828.262573,700.875732,2622.96484
-1137,446,2502,-1137.27539,453.901855,2502.96118
-1123,778,2551,-1123.26953,785.885132,2551.96289
-545,693,2485,-544.575195,695.900696,2485.90527
-673,566,2500,-672.575745,568.893738,2500.90552
-828,693,2622,-827.574219,695.888306,2622.90479
-673,566,2500,-673.354492,577.525635,2500.93481
-833,288,2416,-833.362305,299.511688,2416.93188
-834,536,2438,-834.349915,547.547546,2438.93677
-834,536,2438,-833.729492,540.123108,2438.96265
-1127,238,2447,-1126.73633,242.116592,2447.9646
-1137,446,2502,-1136.72266,450.126404,2502.96069
-2887,-1046,974,-2887.66797,-912.45282,974.74408
-2251,135,1535,-2251.66895,269.794342,1535.74304
-2676,-1092,1156,-2676.65918,-958.254028,1156.75195
-2236,260,-1839,-2236.56934,572.213318,-1839.82202
-2115,-137,-1920,-2115.5791,174.533142,-1920.81506
-2000,268,-2000,-2000.55835,581.905334,-2000.82959
-2296,394,-1937,-2296.55664,395.150604,-1937.83057
-2000,268,-2000,-2000.55371,269.150299,-2000.83264
-2110,484,-2148,-2110.53516,485.14447,-2148.84473
-2644,485,-1611,-2644.79126,486.311218,-1611.61121
-2236,260,-1839,-2236.78833,261.310394,-1839.61523
-2296,394,-1937,-2296.78833,395.311584,-1937.61511
-2296,394,-1937,-2296.55664,395.121033,-1937.83044
-2236,260,-1839,-2236.55664,261.122314,-1839.83069
-2000,268,-2000,-2000.55664,269.124298,-2000.83069
-1885,12,-1916,-1884.48682,221.12146,-1916.85828
-1873,-1200,-1902,-1872.48682,-989.495422,-1902.85828
-1762,-88,-1841,-1761.47717,121.227066,-1841.85242
-2000,12,-2000,-1999.41235,305.569611,-2000.80908
-1873,-1200,-1902,-1872.41235,-909.796814,-1902.80908
-1885,12,-1916,-1884.41235,305.253845,-1916.80908
-1647,-1200,-1751,-1646.47754,-1135.54553,-1751.85266
-1635,-88,-1763,-1634.47302,-22.8305798,-1763.84985
-1762,-88,-1841,-1761.47656,-22.9622631,-1841.85205
-1054,-330,-2013,-1054.92053,344.969055,-2013.3905
-977,-1200,-2191,-977.920959,-531.085815,-2191.38965
-978,-330,-2192,-978.920837,345.78537,-2192.38989
-1370,-1200,-1761,-1370.40308,-927.840515,-1761.91516
-1202,-1200,-1836,-1202.41125,-927.05365,-1836.9115
-1262,-270,-1813,-1262.42578,1.04914832,-1813.90466
-1370,-1200,-1761,-1370.40234,-1059.56091,-1761.91541
-1262,-270,-1813,-1262.39551,-130.368896,-1813.91833
-1370,-173,-1769,-1370.39551,-33.4566078,-1769.91833
-1500,-88,-1765,-1500.04297,38.9007721,-1765.99902
-1370,-1200,-1761,-1370.04297,-1073.25354,-1761.99902
-1370,-173,-1769,-1370.04297,-45.9593811,-1769.99902
-978,-330,-2192,-977.912109,641.392212,-2192.99609
-977,-1200,-2191,-976.911743,-223.052017,-2191.99609
-703,-1200,-2164,-702.901306,-225.404892,-2164.99512
-1132,-446,-1931,-1132.9176,-373.498535,-1931.39746
-1115,-330,-1973,-1115.91467,-257.493256,-1973.40405
-1132,-328,-1935,-1132.91101,-255.524216,-1935.41235
-1523,546,-2337,-1523.09766,547.39856,-2337.99512
-1817,450,-2238,-1817.10718,451.401062,-2238.99414
-1767,353,-2172,-1767.0979,354.400482,-2172.99512
-1817,450,-2238,-1817.55103,451.475037,-2238.83447
-1972,555,-2222,-1972.55725,556.475647,-2222.83032
-1881,318,-2087,-1881.55762,319.476685,-2087.83008
-1972,555,-2222,-1972.20569,556.582397,-2222.97852
-2110,484,-2148,-2110.20508,485.579224,-2148.97852
-1881,318,-2087,-1881.20581,319.584503,-2087.97852
-1523,54,-2337,-1523.58594,102.690483,-2337.8103
-1767,353,-2172,-1767.58667,401.480743,-2172.80981
-1639,48,-2255,-1639.58997,96.6440125,-2255.80737
-1881,318,-2087,-1881.35449,319.229431,-2087.93506
-2110,484,-2148,-2110.35059,485.231018,-2148.93652
-2000,268,-2000,-2000.34961,269.232605,-2000.93689
-1817,450,-2238,-1817.4248,451.230927,-2238.90527
-1881,318,-2087,-1881.42627,319.233429,-2087.90454
-1767,353,-2172,-1767.43176,354.230286,-2172.90186
-310,535,-2395,-309.963715,536.976501,-2395.99927
-581,816,-2542,-580.962891,817.965149,-2542.99902
-555,519,-2393,-554.955872,520.974243,-2393.99902
-1249,559,-2432,-1249.24316,569.965271,-2432.96997
-982,12,-2444,-982.243164,22.934763,-2444.96997
-994,359,-2474,-994.243164,369.931488,-2474.96997
-550,200,-2385,-549.690613,252.652481,-2385.95093
-555,519,-2393,-554.690613,571.866028,-2393.95093
-684,130,-2428,-683.684692,182.518707,-2428.94897
-310,535,-2395,-310.043182,545.888245,-2395.99902
-555,519,-2393,-555.042969,529.927063,-2393.99902
-310,200,-2365,-310.043182,210.933014,-2365.99902
98,698,-2473,98.0343399,700.023987,-2473.99927
-581,816,-2542,-580.961914,818.0401,-2542.99927
-310,535,-2395,-309.972778,537.034119,-2395.99951
-53,249,-2360,-52.9595718,260.014313,-2360.99902
-53,537,-2387,-52.9595718,548.013367,-2387.99902
-310,535,-2395,-309.959686,545.998413,-2395.99902
-581,816,-2542,-580.496155,818.607178,-2542.86377
-695,464,-2451,-694.50293,466.598358,-2451.86768
-555,519,-2393,-554.496155,521.600647,-2393.86377
-581,816,-2542,-580.825317,819.203369,-2542.98462
-994,359,-2474,-993.823975,362.21637,-2474.98438
-695,464,-2451,-694.829468,467.209198,-2451.98535
-982,12,-2444,-981.901367,24.5823669,-2444.99512
-695,464,-2451,-694.901306,476.489746,-2451.99512
-994,359,-2474,-993.901306,371.531982,-2474.99512
-684,130,-2428,-683.937561,145.099777,-2428.99805
-695,464,-2451,-694.923523,479.036774,-2451.99707
-982,12,-2444,-981.924805,27.0746708,-2444.99707
-684,130,-2428,-683.602783,149.903687,-2428.91772
-555,519,-2393,-554.59613,539.026978,-2393.91479
-695,464,-2451,-694.59613,484.00235,-2451.91479
-310,200,-2365,-309.911713,243.425568,-2365.99609
-555,519,-2393,-554.923828,562.570435,-2393.99707
-550,200,-2385,-549.924805,243.549271,-2385.99707
204,-40,-2355,203.852997,-30.6920776,-2355.98901
78,546,-2403,77.8473587,555.260559,-2403.98828
82,92,-2353,81.8473587,101.291649,-2353.98828
-53,249,-2360,-53.1237106,260.060516,-2360.99219
78,546,-2403,77.8752518,557.091614,-2403.99219
-53,537,-2387,-53.1237144,548.101746,-2387.99219
82,92,-2353,81.9235153,101.282066,-2353.99707
78,546,-2403,77.911705,555.32489,-2403.99609
-53,249,-2360,-53.0865021,258.297852,-2360.99609
78,546,-2403,77.8919067,548.182617,-2403.99414
98,698,-2473,97.9005051,700.18158,-2473.99487
-53,537,-2387,-53.1068001,539.183716,-2387.99414
-53,249,-2360,-52.9575729,260.30838,-2360.99902
-310,535,-2395,-309.956665,546.319519,-2395.99902
-310,200,-2365,-309.956665,211.348572,-2365.99902
204,-40,-2355,203.808258,-33.5879326,-2355.98145
82,92,-2353,81.8082581,98.4095764,-2353.98145
252,-322,-2318,251.797607,-315.582397,-2318.97925
98,698,-2473,98.3232651,700.121643,-2473.94629
78,546,-2403,78.3333435,548.122925,-2403.94263
204,542,-2355,204.341553,544.12384,-2355.9397
-73,-600,1329,-72.6850204,-595.163757,1329.9491
-64,-455,1357,-63.6879768,-450.164062,1357.95007
61,-600,1284,61.313797,-595.165039,1284.94946
293,-455,1978,292.677399,-450.013855,1977.05347
159,-455,2023,158.67598,-450.01767,2022.05396
168,-600,2050,167.67598,-595.020386,2049.05396
-64,-455,1357,-63.678833,-453.511444,1357.94702
96,-331,1390,96.3193512,-329.51413,1390.94751
70,-455,1312,70.3192749,-453.50946,1312.94763
61,-600,1284,61.313797,-595.165039,1284.94946
-64,-455,1357,-63.6879768,-450.164062,1357.95007
70,-455,1312,70.3112717,-450.165283,1312.95032
293,-455,1978,292.677399,-450.013855,1977.05347
168,-600,2050,167.67598,-595.020386,2049.05396
302,-600,2005,301.675995,-595.016541,2004.05396
267,-331,1900,266.675995,-329.471588,1899.05396
133,-331,1944,132.67598,-329.468475,1943.05396
293,-455,1978,292.675751,-453.473755,1977.05408
-380,-1145,-1057,-380.999084,-1142.59509,-1056.95728
-350,-1216,-1022,-350.999054,-1213.59583,-1021.95703
-343,-1235,-1061,-343.999146,-1232.59631,-1060.95874
-380,-1145,-1057,-380.999054,-1142.54382,-1056.95654
-343,-1235,-1061,-343.999054,-1232.53918,-1060.95654
-373,-1165,-1096,-373.998993,-1162.54285,-1095.9552
-417,-1148,-1036,-417.461273,-1146.41272,-1036.88721
-387,-1219,-1001,-387.461273,-1217.41565,-1001.88721
-350,-1216,-1022,-350.459198,-1214.41589,-1022.88831
-417,-1148,-1036,-417.461273,-1146.41272,-1036.88721
-350,-1216,-1022,-350.459198,-1214.41589,-1022.88831
-380,-1145,-1057,-380.461334,-1143.41284,-1057.88721
-450,-1173,-1054,-449.437134,-1167.45422,-1054.82654
-420,-1244,-1018,-419.437225,-1238.45764,-1018.8266
-387,-1219,-1001,-386.438202,-1213.45898,-1001.82727
-450,-1173,-1054,-449.4375,-1166.80029,-1054.82678
-387,-1219,-1001,-386.430023,-1212.79053,-1001.82166
-417,-1148,-1036,-416.422913,-1141.79993,-1036.81665
-406,-1188,-1113,-406.098114,-1186.36096,-1112.00488
-434,-1129,-1080,-434.098022,-1127.35901,-1079.00488
-373,-1165,-1096,-373.097656,-1163.36084,-1095.00488
-417,-1148,-1036,-416.187622,-1146.41846,-1036.58313
-434,-1129,-1080,-433.19754,-1127.41785,-1080.59668
-450,-1173,-1054,-449.187561,-1171.41736,-1054.58301
-450,-1173,-1054,-449.03595,-1167.98669,-1053.73438
-434,-1129,-1080,-433.03598,-1123.98645,-1079.73425
-444,-1193,-1092,-443.036346,-1187.98706,-1091.73291
-444,-1193,-1092,-443.499695,-1188.81189,-1091.13416
-434,-1129,-1080,-433.499481,-1124.81177,-1079.13428
-406,-1188,-1113,-405.48938,-1183.80957,-1112.14026
-1506,-1143,-46,-1505.09167,-1134.54077,-45.5817375
-1515,-1200,-43,-1514.09167,-1191.5426,-42.5817375
-1526,-1145,-5,-1525.0957,-1136.5387,-4.57309628
-1526,-1145,-5,-1525.0437,-1136.33887,-5.29238701
-1521,-1200,33,-1520.04846,-1191.34082,32.6924706
-1512,-1139,38,-1511.04651,-1130.34216,37.6985817
-1811,-870,-83,-1810.00476,-868.242126,-82.9025421
-1857,-936,-3,-1856.00574,-934.244751,-2.89303446
-1838,-900,14,-1837.00574,-898.244629,14.1064472
-1811,-870,-83,-1810.00281,-868.269409,-82.9251251
-1830,-905,-100,-1829.00281,-903.26947,-99.9251251
-1851,-939,-83,-1850.00293,-937.270386,-82.9235916
-1857,-936,-3,-1856.00391,-934.432556,-2.91169834
-1851,-939,-83,-1850.00476,-937.434814,-82.9025421
-1863,-952,-43,-1862.00488,-950.43396,-42.9013023
-1254,-1200,-37,-1254.17188,-1191.44958,-36.0148849
-1359,-1200,-56,-1359.17188,-1191.44006,-55.0148849
-1445,-1130,-63,-1445.172,-1121.44165,-62.014904
-1404,-1093,-1250,-1403.02319,-1090.23474,-1249.78589
-1426,-1124,-1200,-1425.02136,-1121.23413,-1199.79443
-1411,-1075,-1184,-1410.02026,-1072.23425,-1183.7998
-1426,-1124,-1200,-1425.05981,-1121.47168,-1199.65942
-1434,-1086,-1131,-1433.05359,-1083.4718,-1130.67712
-1411,-1075,-1184,-1410.05359,-1072.47034,-1183.67712
-1150,-1131,-937,-1150.97827,-1107.58862,-937.207031
-1143,-1075,-979,-1143.97644,-1051.59033,-979.215515
-1156,-1087,-919,-1156.97644,-1063.58716,-919.215637
-1420,-1130,-1247,-1419.01758,-1127.57617,-1246.81335
-1426,-1124,-1200,-1425.0155,-1121.57788,-1199.82471
-1404,-1093,-1250,-1403.01746,-1090.5752,-1249.81409
-1426,-1124,-1200,-1425.0437,-1121.07507,-1199.70764
-1441,-1130,-1159,-1440.04956,-1127.07629,-1158.68921
-1434,-1086,-1131,-1433.04883,-1083.07507,-1130.69141
-1441,-1130,-1159,-1440.04089,-1127.02539,-1158.71704
-1458,-1155,-1129,-1457.04102,-1152.02576,-1128.71655
-1434,-1086,-1131,-1433.04077,-1083.02429,-1130.71741
-1150,-1131,-937,-1150.9823,-1125.24719,-937.187073
-1164,-1121,-869,-1164.9823,-1115.25,-869.187134
-1152,-1149,-908,-1152.9823,-1143.24768,-908.187073
-1121,-1131,-1096,-1121.9823,-1022.61798,-1096.18701
-1134,-1133,-1029,-1134.98132,-1024.63757,-1029.19189
-1131,-1142,-1044,-1131.98218,-1033.63403,-1044.18738
-1469,-1179,-1129,-1468.0127,-1176.0675,-1128.84119
-1489,-1210,-1069,-1488.01245,-1207.06848,-1068.84277
-1481,-1185,-1066,-1480.01245,-1182.06714,-1065.84277
-1169,-1186,-827,-1168.38562,-1175.14062,-827.789001
-1481,-1185,-1066,-1480.38477,-1174.17627,-1066.78833
-1166,-1210,-822,-1165.38538,-1199.14404,-822.788818
-1458,-1155,-1129,-1457.01843,-1151.67261,-1128.80896
-1475,-1171,-1066,-1474.01746,-1167.67676,-1065.81409
-1455,-1121,-1091,-1454.02026,-1117.67407,-1090.7998
-1172,-1171,-834,-1171.38892,-1167.27075,-834.791565
-1475,-1171,-1066,-1474.38647,-1167.28284,-1066.78967
-1481,-1185,-1066,-1480.38525,-1181.28394,-1066.7887
-1151,-1180,-906,-1151.97046,-1176.73108,-906.241089
-1172,-1171,-834,-1172.97046,-1167.72681,-834.241211
-1169,-1186,-827,-1169.97046,-1182.72668,-827.241028
-1408,-1173,-1355,-1408.61353,-1170.8667,-1354.21033
-1121,-1210,-1157,-1121.61414,-1207.86096,-1156.21082
-1422,-1210,-1387,-1422.61328,-1207.86755,-1386.21021
-1980,133,2472,-1979.95703,1765.84082,2472.99902
-1823,60,2466,-1822.95593,1697.2113,2466.99902
-2000,-1200,2472,-1999.95996,457.249207,2472.99902
-1121,-1131,-1096,-1121.61816,-1129.59839,-1095.21399
-1119,-1175,-1134,-1119.61328,-1173.5979,-1133.21021
-1408,-1173,-1355,-1408.61328,-1171.59644,-1354.21021
-1408,-1173,-1355,-1408.61414,-1171.00037,-1354.21082
-1119,-1175,-1134,-1119.61328,-1172.99646,-1133.21021
-1121,-1210,-1157,-1121.61365,-1207.99805,-1156.21045
-1436,-1184,-1291,-1435.05347,-1181.88672,-1290.67749
-1401,-1129,-1311,-1400.05945,-1126.88953,-1310.6604
-1408,-1173,-1355,-1407.05347,-1170.88892,-1354.67749
-1458,-1155,-1129,-1457.0116,-1152.81482,-1128.84827
-1469,-1179,-1129,-1468.0116,-1176.81433,-1128.84827
-1475,-1171,-1066,-1474.01245,-1168.81348,-1065.84277
-1164,-1121,-869,-1163.38538,-1119.46167,-869.788818
-1475,-1171,-1066,-1474.38916,-1169.46545,-1066.79175
-1172,-1171,-834,-1171.38538,-1169.46094,-834.788818
-1164,-1121,-869,-1164.96558,-1092.53809,-869.259644
-1172,-1171,-834,-1172.9646,-1142.52283,-834.263367
-1152,-1149,-908,-1152.9646,-1120.54761,-908.263611
-1151,-1210,-906,-1151.98425,-1203.72168,-906.176575
-1169,-1186,-827,-1169.98425,-1179.72327,-827.17627
-1166,-1210,-822,-1166.98425,-1203.72168,-822.176331
-1166,-1210,-822,-1165.38562,-1199.80396,-822.789001
-1481,-1185,-1066,-1480.38477,-1174.76257,-1066.78833
-1489,-1210,-1069,-1488.38525,-1199.76245,-1069.7887
-1172,-1171,-834,-1171.38586,-1166.96375,-834.789185
-1481,-1185,-1066,-1480.38916,-1180.9613,-1066.79175
-1169,-1186,-827,-1168.38892,-1181.96338,-827.791565
-1859,-1165,-1311,-1858.51086,-1161.35413,-1310.12781
-2325,-1187,-1047,-2324.49634,-1183.37256,-1046.13611
-2322,-1165,-1042,-2321.49634,-1161.37231,-1041.13611
-2283,-1145,-975,-2282.1499,-926.249878,-975.52655
-2294,-1109,-993,-2293.15479,-890.330444,-993.534424
-2282,-1190,-973,-2281.15649,-971.228638,-973.537109
-1821,-1210,-1246,-1821.86792,-1133.81848,-1245.5033
-1859,-1165,-1311,-1859.87207,-1088.82458,-1310.51062
-1819,-1190,-1242,-1819.87207,-1113.80017,-1241.51062
-1831,-1109,-1262,-1831.86145,-973.360535,-1261.49219
-1792,-1088,-1196,-1792.86438,-952.401855,-1195.49719
-1820,-1145,-1244,-1820.86438,-1009.30255,-1243.49719
-2229,-1191,-882,-2228.49634,-1170.43787,-881.136108
-2228,-1145,-880,-2227.49634,-1124.43921,-879.136108
-1765,-1145,-1148,-1764.49634,-1124.28308,-1147.13611
-1820,-1145,-1244,-1820.50684,-1124.81836,-1244.86194
-2282,-1190,-973,-2282.50195,-1169.6377,-973.864807
-1819,-1190,-1242,-1819.50281,-1169.81519,-1242.86438
-2282,-1190,-973,-2281.13867,-1156.58069,-973.507996
-2325,-1187,-1047,-2324.13818,-1153.56396,-1047.5072
-2285,-1210,-977,-2284.13525,-1176.59277,-977.502136
-1766,-1191,-1151,-1766.86792,-949.841492,-1150.5033
-1723,-1187,-1077,-1723.86389,-946.043091,-1076.49634
-1763,-1210,-1146,-1763.86389,-968.848145,-1145.49634
-1766,-1191,-1151,-1765.50293,-1176.04224,-1150.13232
-2229,-1191,-882,-2228.50977,-1176.14404,-881.128418
-1765,-1145,-1148,-1764.49609,-1130.05005,-1147.13635
-1720,-1210,-1071,-1720.50195,-1206.12048,-1071.86487
-2186,-1187,-808,-2186.50195,-1183.09399,-808.864868
-2183,-1210,-803,-2183.5022,-1206.0946,-803.864746
-1766,-1191,-1151,-1766.86438,-919.055298,-1150.49719
-1726,-1165,-1082,-1726.87207,-893.222717,-1081.51062
-1723,-1187,-1077,-1723.86389,-915.288757,-1076.49634
-2325,-1187,-1047,-2324.49634,-1182.99817,-1046.13611
-1865,-1210,-1321,-1864.50293,-1206.02087,-1320.13232
-2328,-1210,-1052,-2327.49634,-1205.99695,-1051.13611
-2285,-1210,-977,-2284.12793,-1007.21777,-977.489258
-2325,-1187,-1047,-2324.13818,-984.091187,-1047.50696
-2328,-1210,-1052,-2327.12769,-1007.0238,-1052.48877
-1859,-1165,-1311,-1858.51086,-1161.35413,-1310.12781
-1862,-1187,-1316,-1861.49683,-1183.35449,-1315.13586
-2325,-1187,-1047,-2324.49634,-1183.37256,-1046.13611
-2325,-1187,-1047,-2324.49634,-1182.99817,-1046.13611
-1862,-1187,-1316,-1861.49609,-1183.02209,-1315.13635
-1865,-1210,-1321,-1864.50293,-1206.02087,-1320.13232
-2282,-1190,-973,-2281.1355,-920.963623,-973.502625
-2322,-1165,-1042,-2321.14136,-896.237122,-1042.51257
-2325,-1187,-1047,-2324.13818,-918.186829,-1047.5072
-1820,-1145,-1244,-1820.86096,-1052.64014,-1243.49133
-1859,-1165,-1311,-1859.86377,-1072.6731,-1310.49622
-1831,-1109,-1262,-1831.86377,-1016.65247,-1261.49622
-2283,-1145,-975,-2283.51172,-1124.63843,-975.859131
-2282,-1190,-973,-2282.50195,-1169.6377,-973.864807
-1820,-1145,-1244,-1820.50684,-1124.81836,-1244.86194
-1726,-1165,-1082,-1726.50195,-1161.12109,-1082.86487
-2186,-1187,-808,-2186.51172,-1183.10376,-808.859009
-1723,-1187,-1077,-1723.50684,-1183.12195,-1077.86194
-1726,-1165,-1082,-1726.86792,-1092.56323,-1081.5033
-1766,-1191,-1151,-1766.86438,-1118.49377,-1150.49719
-1765,-1145,-1148,-1765.86389,-1072.52954,-1147.49634
-1726,-1165,-1082,-1726.50195,-1161.12109,-1082.86487
-2189,-1165,-813,-2189.50684,-1161.10303,-813.861938
-2186,-1187,-808,-2186.51172,-1183.10376,-808.859009
-1723,-1187,-1077,-1723.50195,-1183.56201,-1077.86475
-2186,-1187,-808,-2186.51318,-1183.55029,-808.858276
-1720,-1210,-1071,-1720.50684,-1206.56201,-1071.86194
-2227,-1210,-877,-2226.13818,-1186.05542,-877.507019
-2186,-1187,-808,-2185.13525,-1163.02979,-808.502197
-2229,-1191,-882,-2228.13818,-1167.04773,-882.507202
-1436,-1184,-1291,-1435.37048,-1177.94373,-1291.77698
-1131,-1175,-1044,-1130.37012,-1168.98022,-1044.77661
-1419,-1153,-1284,-1418.36584,-1146.94702,-1284.77319
-1401,-1129,-1311,-1400.04382,-1126.53076,-1310.70728
-1419,-1153,-1284,-1418.0437,-1150.53064,-1283.70764
-1420,-1130,-1247,-1419.0387,-1127.53076,-1246.72461
-1401,-1129,-1311,-1400.04102,-1126.37585,-1310.71655
-1420,-1130,-1247,-1419.04102,-1127.3761,-1246.71655
-1404,-1093,-1250,-1403.0437,-1090.37756,-1249.70764
-1422,-1210,-1387,-1421.05139,-1208.38684,-1386.68359
-1436,-1184,-1291,-1435.0498,-1182.38721,-1290.68835
-1408,-1173,-1355,-1407.05042,-1171.3866,-1354.68652
-64,-745,1357,-63.0915413,-701.657043,1356.58203
-30,-712,1430,-29.087656,-668.680298,1429.59058
-73,-600,1329,-72.0875473,-556.749023,1328.59082
1,-951,1552,1.93867302,-941.148071,1551.65527
48,-980,1690,48.9376335,-970.137939,1689.65247
20,-870,1580,20.9377003,-860.146057,1579.65259
48,-980,1690,48.9540367,-970.213867,1689.70032
91,-870,1792,91.9536896,-860.22699,1791.69922
56,-892,1686,56.9543037,-882.212585,1685.70117
91,-870,1792,91.9657364,-857.536926,1791.74048
133,-869,1944,133.963501,-856.544312,1943.73242
121,-807,1882,121.965645,-794.536194,1881.74023
159,-745,2023,159.974747,-691.40564,2022.77673
168,-600,2050,168.974655,-546.410034,2049.77637
141,-712,1942,141.974976,-658.409851,1941.77771
168,-600,2050,168.971909,-71.3470306,2049.76465
125,-400,1875,125.969727,126.710419,1874.75586
141,-712,1942,141.971878,-182.772202,1941.76453
94,-951,1827,94.9539948,-940.62616,1826.7002
91,-870,1792,91.9536667,-859.615967,1791.69922
48,-980,1690,48.9536896,-969.614563,1689.69922
94,-951,1827,94.9658356,-938.417603,1826.74084
133,-869,1944,133.963501,-856.420898,1943.73242
91,-870,1792,91.9657364,-857.414673,1791.74048
1,-951,1552,1.92465079,-940.174744,1551.61926
20,-870,1580,20.9265804,-859.16687,1579.62402
-38,-869,1435,-37.0746155,-858.140137,1434.62097
-38,-869,1435,-37.0706291,-857.583313,1434.63086
20,-870,1580,20.9266453,-858.558594,1579.62415
-10,-807,1490,-9.07381821,-795.572876,1489.62292
48,-980,1690,48.937706,-969.956726,1689.65259
56,-892,1686,56.9375916,-881.95459,1685.65234
20,-870,1580,20.9382954,-859.959473,1579.65417
159,-745,2023,159.971634,-725.774841,2022.76367
141,-712,1942,141.970703,-692.779907,1941.75977
133,-869,1944,133.971634,-849.745422,1943.76367
133,-869,1944,133.971649,-849.579651,1943.76367
141,-712,1942,141.971664,-692.611755,1941.76367
121,-807,1882,121.969849,-787.59668,1881.75635
-30,-712,1430,-29.0846195,-695.458191,1429.59741
-38,-869,1435,-37.0875473,-852.469849,1434.59082
-10,-807,1490,-9.0779562,-790.47998,1489.61292
-64,-745,1357,-63.0845146,-728.492188,1356.59766
-38,-869,1435,-37.0787811,-852.514099,1434.61096
-30,-712,1430,-29.0792961,-695.49115,1429.60974
-1254,200,2460,-1253.00293,778.572754,2459.92358
-1268,200,2260,-1267.00293,778.221863,2259.92358
-1268,160,2261,-1267.00293,738.082764,2260.92358
-1254,200,2460,-1253.00293,2175.22778,2459.92358
-1268,160,2261,-1267.00293,2133.81714,2260.92358
-1254,67,2461,-1253.00293,2040.17297,2460.92358
-545,-1200,2467,-544.847412,-1094.50732,2467.98828
-673,-108,2499,-672.84668,-1.71981728,2499.98804
-545,693,2485,-544.847412,799.767151,2485.98828
-828,-1200,2400,-828.239258,-1181.80969,2400.97095
-673,-108,2499,-673.239258,-89.5038757,2499.97095
-545,-1200,2467,-545.222656,-1181.74805,2467.97485
-673,-108,2499,-672.883301,590.481995,2499.99316
-673,566,2500,-672.883301,1268.29468,2500.99316
-545,693,2485,-544.901306,1395.79077,2485.99512
86,776,2400,86.2653046,798.386292,2400.96411
-238,-6,2449,-237.751221,16.4329433,2449.96851
-229,616,2476,-228.751221,638.364441,2476.96851
-545,-1200,2467,-544.901367,-1121.99585,2467.99512
-238,-6,2449,-237.911713,73.384697,2449.99609
86,-1200,2400,86.0979538,-1121.15173,2400.99512
-238,-6,2449,-237.706024,16.1490402,2449.95581
-387,439,2518,-386.706024,461.016663,2518.95581
-229,616,2476,-228.706024,637.993896,2476.95581
-545,-1200,2467,-544.71582,-1181.97913,2467.95874
-387,439,2518,-386.715973,456.608795,2518.95874
-238,-6,2449,-237.747253,11.7488308,2449.96753
-833,288,2416,-832.956055,385.565033,2416.99902
-828,-1200,2400,-827.957031,-1103.47937,2400.99902
-1130,148,2432,-1129.95703,245.325851,2432.99902
-1130,148,2432,-1129.92383,154.056168,2432.99707
-1402,197,2462,-1401.93762,203.047699,2462.99805
-1127,238,2447,-1126.92358,244.051224,2447.99707
-673,566,2500,-673.466797,1347.30774,2500.88428
-673,-108,2499,-673.467163,671.979492,2499.88403
-833,288,2416,-833.480225,1066.01404,2416.87695
-834,536,2438,-833.883301,547.738464,2438.99316
-833,288,2416,-832.901306,299.720825,2416.99512
-1127,238,2447,-1126.89197,249.763641,2447.99414
-1127,238,2447,-1126.90137,240.641937,2447.99512
-1402,197,2462,-1401.90137,199.628967,2462.99512
-1428,487,2570,-1427.89258,489.623352,2570.99414
-833,288,2416,-832.875305,293.847992,2416.99219
-1130,148,2432,-1129.88281,153.846405,2432.99292
-1127,238,2447,-1126.87537,243.843658,2447.99219
