-383,100,-468,-383.87265,100.53302,-467.511658
-568,100,-794,-568.871582,100.532677,-793.509766
-129,195,-292,-128.37912,198.00061,-292.783905
-42,195,-224,-41.3878899,197.998917,-224.790771
-186,195,-374,-185.180466,198.017929,-374.573029
-129,195,-292,-128.180557,198.020157,-292.573151
-189,195,-780,-188.243774,197.904083,-779.345703
-121,195,-860,-120.242081,197.908386,-859.347656
-41,195,-923,-40.380085,197.858597,-922.215332
-121,195,-860,-120.380165,197.860474,-859.215271
203,670,-617,202.609344,672.714722,-616.079468
157,670,-636,156.616333,672.716675,-635.076538
578,195,-572,577.020447,197.869675,-571.798828
557,195,-677,556.017395,197.865585,-676.814331
161,195,-157,160.780533,197.877914,-157.975616
267,195,-181,266.78067,197.874939,-181.975647
451,195,-280,450.18399,197.902725,-280.578033
513,195,-367,512.182373,197.908173,-367.575745
-1203,784,-525,-1202.07886,786.633606,-525.38916
-1223,784,-573,-1222.0791,786.635681,-573.389771
-1201,784,-620,-1200.09521,786.605835,-619.574158
-1223,784,-573,-1222.09521,786.605469,-572.574158
-1201,784,-620,-1200.62183,786.702759,-619.07428
-1156,784,-638,-1155.63586,786.701904,-637.068665
-1109,784,-619,-1109.37805,786.683411,-618.074219
-1156,784,-638,-1156.37878,786.685181,-637.074524
-1109,784,-619,-1109.90491,786.58905,-618.574402
-1088,784,-574,-1088.90491,786.588867,-573.574402
-1109,784,-526,-1109.91467,786.510315,-526.404114
-1088,784,-574,-1088.91467,786.510315,-574.404175
-1156,784,-507,-1155.64075,786.566956,-507.933228
-1203,784,-525,-1202.64844,786.565613,-525.936157
-1156,784,-507,-1156.36523,786.625366,-507.930908
-1109,784,-526,-1109.37695,786.624023,-526.926208
-975,160,651,-975.998901,161.024414,650.955078
-975,160,651,-975.999573,161.052414,651.027283
-502,-64,-906,-501.144958,-56.4109535,-906.518555
-514,120,-249,-514.946106,192.654831,-248.676147
30,40,-1269,30.2436848,80.8986511,-1268.03015
164,40,-1302,164.222595,80.8786316,-1301.02515
677,-80,-62,676.123596,-73.4305801,-62.4815254
678,1,-1091,677.121399,27.3125267,-1090.52246
-515,-160,-903,-514.169373,-88.8007812,-902.443176
-630,-160,-1104,-630.871582,-79.2207489,-1103.50977
-515,-160,-903,-515.871582,-79.2575989,-902.509766
-231,-190,1,-230.614258,-188.752975,0.0773933828
-1573,-161,-5,-1572.50781,-151.67543,-5.87042427
-1759,-161,-575,-1759.2052,-120.645157,-575.978699
-1822,-161,-562,-1822.20508,-120.637871,-562.978699
-1765,200,252,-1764.60852,279.421082,252.920166
-1881,2,-582,-1880.03003,9.21870804,-581.756836
-1679,-156,-1100,-1678.79297,-148.939087,-1099.02173
-1158,160,170,-1158.39465,203.608063,169.081177
-1020,160,113,-1020.39062,203.559189,112.079453
163,682,1029,163.041321,684.371033,1029.99915
429,402,508,429.995972,405.69989,507.9104
269,263,831,269.707153,276.361572,831.70697
780,250,192,780.517578,357.683441,192.855606
1836,54,226,1835.87415,60.6952362,226.992035
-2095,9,-812,-2095.94019,730.34137,-812.340515
-1907,200,182,-1907.44238,280.912994,182.896805
-1765,200,252,-1765.44434,280.927704,252.895813
-1907,200,182,-1907.44238,351.601868,182.89682
-661,479,-2116,-661.864319,479.629639,-2116.50293
-1698,401,516,-1698.4668,488.382874,516.884216
-277,40,-463,-276.05899,63.7249718,-463.338379
-316,40,-577,-315.049286,63.7495003,-577.310059
764,-160,-1337,763.180115,195.327377,-1336.42749
377,-160,-1596,376.384766,-74.8182297,-1595.21167
-200,-160,-1832,-200.381683,-97.1781387,-1831.07581
377,-160,-1596,376.617493,-96.8395615,-1595.07605
1122,-160,-300,1121.14197,-59.7895851,-300.51358
883,-160,-1210,882.823242,24.4310722,-1209.01575
863,-156,-690,862.602783,-154.53186,-690.917725
825,-78,-782,824.622559,-77.4185944,-782.926025
825,-78,-782,824.622559,-77.4185944,-782.926025
969,-78,-842,968.621948,-77.4177475,-842.925781
788,-78,-874,788.377869,-77.4412079,-873.074158
931,-78,-934,931.388855,-77.4424515,-933.078735
931,-78,-934,931.376953,-77.3987122,-933.073792
765,-111,-927,765.372253,-109.933517,-926.071899
909,-111,-986,909.377136,-109.930031,-985.073853
-630,200,-46,-630.390625,243.441116,-46.9205437
-820,200,32,-820.390625,243.544022,31.0794506
-820,200,32,-819.057495,317.290314,31.6658077
-824,200,21,-823.060425,317.276031,20.6576576
-820,200,32,-819.057495,317.290314,31.6658077
1078,-160,-1185,1077.00391,-118.859116,-1185.08826
1077,-160,-1174,1076.00391,-118.864021,-1174.08789
1078,-160,-1185,1077.01758,-141.263687,-1185.18665
1120,-160,-610,1120.80896,-147.573639,-609.41217
1248,-160,-785,1248.8064,-147.578186,-784.40863
-1236,25,-1867,-1236.97937,26.3259258,-1866.79797
-1265,61,-1833,-1265.26172,284.93576,-1833.96497
-1034,61,-1897,-1034.22266,102.601997,-1897.97485
-993,61,-1906,-993.213867,102.632767,-1906.97681
-1122,85,-1914,-1122.38867,85.6250153,-1914.92126
2499,142,-1452,2499.42529,142.999313,-1451.09497
2883,168,-1314,2882.67603,169.475418,-1314.94604
2467,88,-1380,2467.97949,88.7298279,-1379.79858
2499,142,-1452,2499.99512,144.102158,-1451.90137
2493,91,-1295,2493.98145,101.420212,-1294.80835
2480,102,-1338,2480.94604,116.268501,-1338.32397
2467,88,-1380,2467.91455,92.9218063,-1380.4043
2543,183,-1359,2543.98926,184.279968,-1359.14551
2592,19,-1128,2591.76074,21.0836601,-1128.97095
2578,145,-1191,2578.91089,146.482788,-1191.41248
2901,-29,-1178,2900.69141,-8.46514416,-1178.95117
2433,-73,-1458,2433.40234,-69.1587524,-1458.91541
2359,-147,-1472,2359.61328,-145.958221,-1472.78979
2433,45,-1562,2433.46143,55.930439,-1561.11292
2403,27,-1504,2403.84961,29.1369305,-1503.47266
-947,-39,99,-946.069946,141.649307,98.6325836
-961,-39,63,-960.069946,141.593445,62.6325798
-1240,-380,-2880,-1240.04297,-379.02597,-2879.00098
-1040,-380,-2880,-1040.04297,-379.02597,-2879.00098
-1040,-380,-2880,-1040.04297,-379.02597,-2879.00098
-1240,-260,-2640,-1240.04297,-259.024811,-2639.00098
-1040,-260,-2640,-1040.04297,-259.024811,-2639.00098
-1040,-260,-2640,-1040.04297,-259.024811,-2639.00098
-1240,-140,-2400,-1240.04297,-139.023636,-2399.00098
-1040,-140,-2400,-1040.04297,-139.023636,-2399.00098
-1040,-140,-2400,-1040.04297,-139.023636,-2399.00098
847,-111,-730,846.610657,-109.971138,-730.921082
749,-155,-966,749.376953,-153.456009,-965.073792
909,-111,-986,909.372314,-109.969765,-985.071899
893,-156,-1026,893.389221,-154.579514,-1025.07886
1007,-156,-750,1006.61078,-154.496033,-750.921143
863,-156,-690,862.610229,-154.494705,-690.920898
991,-111,-790,990.609375,-109.972725,-790.920532
847,-111,-730,846.610657,-109.971138,-730.921082
2433,-73,-1458,2432.64941,-60.6705704,-1458.93652
2493,91,-1295,2493.9873,95.742424,-1295.15771
2468,22,-1193,2468.90991,29.9603939,-1192.58521
2467,-85,-1176,2467.99219,-77.3666306,-1175.87537
2456,-111,-1113,2456.83203,-108.267792,-1112.44531
2515,35,-1146,2515.76294,37.1433678,-1146.64636
2334,-89,-1498,2334.41113,-84.5122604,-1498.9115
2334,-89,-1498,2334.55176,-81.3327713,-1498.83398
2359,-147,-1472,2358.84082,-127.538307,-1472.98718
2403,-89,-1614,2403.33887,-66.4965897,-1613.0592
2403,-89,-1614,2403.85791,-85.0195007,-1613.48633
2334,-89,-1498,2334.85303,-85.0189972,-1497.47815
2403,27,-1504,2403.91113,28.7678642,-1504.41211
2433,45,-1562,2433.12305,47.5482216,-1561.00769
2473,73,-1518,2473.99707,73.6833496,-1517.92358
2433,45,-1562,2433.92065,47.884903,-1561.60974
2467,88,-1380,2467.92554,92.416954,-1380.37842
2777,109,-1624,2777.30786,110.351891,-1623.04858
2543,183,-1359,2543.92749,184.241241,-1359.37341
2543,183,-1359,2543.87158,184.211929,-1359.49011
2543,183,-1359,2543.99902,184.327072,-1359.04297
2480,102,-1338,2480.95874,116.514183,-1338.28369
2493,91,-1295,2493.83325,91.9482193,-1295.55273
2578,145,-1191,2577.75879,146.979034,-1191.97046
2578,145,-1191,2578.12305,147.01178,-1191.99231
2515,35,-1146,2515.16309,38.5862122,-1146.98645
2592,-87,-1075,2592.29224,-82.1938477,-1075.9563
2456,-111,-1113,2456.37354,-101.959473,-1113.92761
2592,-87,-1075,2591.64844,-78.5544662,-1075.93616
2838,196,-1456,2838.3894,196.493744,-1455.07898
164,-177,159,164.377823,-152.253876,158.074127
-231,-190,1,-230.614258,-188.752975,0.0773933828
30,-130,117,30.3812542,-92.3034744,116.075531
300,-146,131,299.852692,-142.042053,130.01091
300,-146,131,299.616058,-136.906342,130.076645
165,-154,153,165.272964,-150.214157,152.037979
30,-130,117,30.2573261,-93.8380203,116.033676
164,-177,159,163.832581,-153.618179,158.014114
300,-146,131,299.831879,-137.096695,130.014236
564,-90,19,563.441467,-45.3888588,18.1705189
434,-100,83,433.614685,1.33946526,82.0772171
677,-80,-62,676.429688,-73.4864807,-62.8214149
434,-100,83,433.57605,-12.827651,82.0943146
564,-90,19,563.56543,-48.6752434,18.0993633
865,-50,-439,864.004822,-31.7573452,-439.097992
797,-96,-314,796.06311,-91.5196533,-314.349518
867,-88,-438,866.130371,-83.5159302,-438.493652
881,-74,-576,880.004822,-64.6851501,-576.098022
865,-50,-439,864.097168,-33.0364151,-439.429993
750,-70,-185,749.142029,-28.6192017,-185.513657
738,-167,-184,737.146973,-164.470169,-184.521851
738,-167,-184,737.072876,-163.847641,-184.374664
300,30,-1272,299.664795,130.807159,-1271.05786
164,40,-1302,163.77948,65.2934799,-1301.02466
433,-12,-1222,432.602234,-4.48420572,-1221.08252
551,-112,-1156,550.463867,-106.286049,-1155.15588
164,-86,-1292,163.719055,-79.4418564,-1291.04028
296,-90,-1254,295.702942,-80.6935349,-1253.04517
164,-143,-1301,163.736282,-117.252571,-1300.0354
296,-90,-1254,295.841187,-81.0524979,-1253.0127
438,-103,-1233,437.423065,-97.2626495,-1232.18323
551,-112,-1156,550.463867,-106.32515,-1155.15588
678,1,-1091,677.441406,27.1598988,-1090.17065
30,10,-1265,30.2653675,33.7719879,-1264.03589
165,10,-1303,165.279068,33.7662811,-1302.03979
-103,10,-1218,-102.678726,33.4975204,-1217.0531
30,10,-1265,30.3201218,33.4741974,-1264.05273
30,-80,-1269,30.1576939,-73.6607208,-1268.01257
-229,-80,-1147,-228.628357,-75.3675461,-1146.07166
-97,-80,-1200,-96.6357498,-75.3721542,-1199.06873
-367,-80,-1104,-366.706024,-75.3939362,-1103.04419
-229,-80,-1147,-228.706421,-75.3846741,-1146.04407
164,-143,-1301,164.370773,-104.610733,-1300.07129
-365,12,-1102,-364.609222,46.9057198,-1101.07959
433,-12,-1222,432.835236,-4.23827505,-1221.01367
300,30,-1272,299.77948,179.813522,-1271.02466
-502,-64,-906,-501.14035,-54.122551,-905.489136
-365,12,-1102,-364.229919,44.5808907,-1101.36206
-449,-1,-795,-448.144379,0.0189965945,-795.517578
-515,-1,-904,-514.150085,0.0196919236,-904.526917
-382,-1,-686,-381.147339,2.60691595,-686.522461
-449,-1,-795,-448.147339,2.60485339,-795.522461
-316,-1,-577,-315.144623,0.30851227,-577.518005
-382,-1,-686,-381.144958,0.309690058,-686.518555
-449,-1,-795,-448.353607,0.045439098,-795.763
-382,-1,-686,-381.103241,0.291833371,-686.442505
-515,40,-904,-514.149902,87.9870377,-904.526611
-231,40,-349,-230.074066,63.1258888,-349.377686
-277,40,-463,-276.074066,63.1484261,-463.377686
-218,-80,-359,-217.074051,-74.9364319,-359.377625
-162,-80,-261,-161.17157,-69.3984146,-261.560089
-231,40,-349,-230.074066,63.1258888,-349.377686
-231,40,-349,-230.18045,61.609375,-349.572998
-162,-80,-261,-161.130829,-75.053154,-261.494507
-218,-80,-359,-217.134262,-75.0446854,-359.500488
-67,10,-182,-66.3388748,40.7777061,-182.750275
162,10,-109,162.182831,23.3561954,-109.983139
45,10,-131,45.1893768,23.3725948,-131.981903
-162,-80,-261,-161.435074,-69.6816254,-261.825134
-67,10,-182,-66.6059723,38.4853096,-182.919098
490,10,-242,489.423096,119.998009,-242.816803
490,10,-242,489.42395,160.353897,-242.817413
394,10,-175,393.42276,160.652512,-175.816574
281,10,-129,280.616425,240.800964,-129.923508
394,10,-175,393.616058,240.843216,-175.923355
281,10,-129,280.831879,23.3471622,-129.985764
162,10,-109,161.827667,23.3567657,-109.985039
490,10,-242,489.144836,20.2099915,-242.518356
490,10,-242,489.182587,166.648758,-242.576019
553,1,-343,552.079041,11.0821905,-343.389648
371,195,-920,370.453247,197.927078,-919.16272
459,195,-862,458.453186,197.925766,-861.162781
203,670,-617,202.095245,672.643005,-616.574097
225,670,-571,224.095184,672.642456,-570.574219
203,670,-524,202.095184,672.632446,-524.425781
225,670,-571,224.095261,672.630798,-571.425964
203,670,-524,202.610641,672.62439,-524.921082
157,670,-505,156.615372,672.62561,-505.923065
109,670,-523,109.344337,672.607727,-523.938843
157,670,-505,157.349594,672.6073,-505.93689
109,670,-523,109.928566,672.574402,-523.371094
90,670,-571,90.9285736,672.573425,-571.371094
90,670,-571,90.9115601,672.636169,-570.588867
111,670,-618,111.91156,672.638794,-617.588867
111,670,-618,111.357521,672.689697,-617.066101
157,670,-636,157.369705,672.690247,-635.070862
-42,195,-224,-41.6061859,197.999756,-224.919189
58,195,-182,58.3805885,198.002472,-182.924744
58,195,-182,58.228035,197.940079,-182.973648
161,195,-157,161.234726,197.935806,-157.972061
-227,195,-475,-226.074081,198.042572,-475.377716
-186,195,-374,-185.074051,198.041489,-374.377625
-251,195,-576,-250.024994,198.015549,-576.222168
-227,195,-475,-226.028915,198.015778,-475.238708
-251,195,-576,-250.019043,197.959579,-575.805786
-230,195,-681,-229.018875,197.963547,-680.806641
-230,195,-681,-229.079041,197.96666,-680.610352
-189,195,-780,-188.079041,197.971405,-779.610352
-41,195,-923,-40.6189651,197.928101,-922.075439
59,195,-965,59.3932343,197.932434,-964.080566
169,195,-981,169.138,197.870148,-980.009583
59,195,-965,59.1383743,197.8694,-964.009644
268,195,-963,267.818542,197.90564,-962.016602
169,195,-981,168.817886,197.907166,-980.016724
371,195,-920,370.609283,197.972961,-919.079529
268,195,-963,267.609344,197.971451,-962.079468
516,195,-775,515.165405,197.8311,-774.449158
459,195,-862,458.163483,197.8311,-861.452087
557,195,-677,556.073853,197.925919,-676.622864
516,195,-775,515.073792,197.929108,-774.623047
555,195,-469,554.02417,197.901855,-469.218506
578,195,-572,577.023193,197.901382,-572.214111
513,195,-367,512.073303,197.942307,-367.375793
555,195,-469,554.073486,197.941742,-469.376251
367,195,-221,366.422028,197.916687,-221.816055
451,195,-280,450.42395,197.921036,-280.817413
267,195,-181,266.616943,197.908951,-181.923721
367,195,-221,366.616943,197.908951,-221.923721
157,538,-451,156.608276,538.739868,-451.920013
240,538,-486,239.615326,538.74054,-486.923004
280,538,-572,279.095184,538.731628,-572.425781
240,538,-486,239.090134,538.730774,-486.414886
280,538,-572,279.095184,538.7229,-571.574219
241,538,-655,240.091568,538.723816,-654.58197
241,538,-655,240.623383,538.739929,-654.073669
157,538,-689,156.623383,538.741577,-688.073669
157,538,-689,157.370804,538.74292,-688.071289
74,538,-656,74.3622513,538.743896,-655.067932
35,538,-571,35.9074821,538.739075,-570.580078
74,538,-656,74.907547,538.73822,-655.580078
35,538,-571,35.9285431,538.794617,-571.371094
70,538,-485,70.9254608,538.793579,-485.378632
70,538,-485,70.3652496,538.76001,-485.930847
157,538,-451,157.349869,538.759888,-451.936798
-9,447,-408,-8.459445,448.243591,-408.841309
71,447,-356,71.5402603,448.243408,-356.841492
160,447,-330,159.780533,448.318573,-330.975616
377,447,-481,376.139435,448.261261,-481.509338
329,447,-401,328.138397,448.260437,-401.507538
403,447,-571,402.03595,448.252197,-570.734314
379,447,-660,378.03595,448.253906,-659.734314
334,447,-739,333.499695,448.240021,-738.134155
252,447,-786,251.499588,448.240417,-785.134216
164,447,-809,164.218765,448.257599,-808.024231
71,447,-787,71.2183533,448.257874,-786.02417
-56,447,-663,-55.1813011,448.241638,-662.425781
-4,447,-739,-3.18336082,448.241211,-738.422852
-79,447,-575,-78.0368042,448.272491,-575.268799
-54,447,-485,-53.0341644,448.2742,-485.259155
-10,366,-301,-9.58742905,367.453125,-301.910919
-4,335,-275,-3.57013488,336.468506,-275.902893
65,337,-244,65.4003372,338.520874,-244.916367
55,430,-319,55.4342117,431.468658,-319.900787
12,397,-314,12.4105701,398.501556,-314.911804
99,413,-285,99.41922,414.479736,-285.907867
0,411,-329,0.406007528,412.560242,-329.913849
50,411,-307,50.399231,412.561035,-307.91684
108,369,-248,108.41922,370.47879,-248.907883
99,413,-285,98.0217514,415.691284,-285.207428
55,430,-319,54.1351433,430.827942,-318.497986
55,430,-319,55.212986,430.871582,-318.022949
0,411,-329,0.795751691,414.256042,-328.394379
87,368,-257,87.8076477,371.023499,-256.410339
65,337,-244,65.1534042,338.077881,-243.011841
-3,332,-278,-3.80130649,333.155457,-277.401764
-6,359,-309,-6.99491644,363.385834,-309.100677
37,361,-276,37.6342392,362.224213,-276.773132
16,391,-323,16.6340904,392.304932,-323.773254
54,405,-315,54.52425,406.052338,-315.851562
54,405,-315,54.3247452,406.033447,-315.945801
85,393,-292,85.189209,394.274811,-292.981934
91,362,-266,91.1934052,363.187866,-266.98111
37,361,-276,37.3802872,362.733521,-276.924866
37,361,-276,37.4642334,362.743134,-276.885712
478,372,-495,477.000946,373.232574,-495.043274
478,372,-518,477.000946,373.232574,-518.042969
501,343,-534,500.000885,344.209778,-533.957947
511,330,-572,510.000946,331.187927,-572.042969
512,330,-626,511.000946,331.187653,-626.042969
430,432,-572,429.000977,433.233978,-571.955872
444,414,-518,443.000946,415.229126,-518.042969
444,414,-626,443.000946,415.232513,-626.042969
430,432,-572,429.000946,433.278046,-572.042969
478,372,-648,477.000946,373.220154,-648.042969
423,397,-626,423.250793,400.104034,-625.031982
409,415,-572,409.833313,415.977234,-571.447266
430,432,-572,430.835236,432.974274,-572.549805
444,414,-518,444.250824,417.129425,-518.968018
478,372,-625,478.280548,375.642548,-625.959839
501,343,-610,501.85144,344.179871,-610.524353
501,343,-534,501.854523,344.160858,-533.480591
478,372,-518,478.292511,375.38443,-517.043762
482,369,-572,481.046021,369.999023,-572.299866
445,395,-534,444.046021,396.082489,-534.299805
436,407,-572,435.008881,407.83783,-572.132874
436,407,-572,435.008911,407.83725,-571.866821
445,395,-610,444.046295,396.100525,-609.69928
482,369,-572,481.046021,369.99649,-571.700134
482,369,-572,481.000946,370.513763,-571.956543
482,369,-572,481.000946,370.525879,-572.042969
444,414,-518,444.250793,417.016937,-518.968018
430,432,-572,430.835236,432.974274,-572.549805
430,432,-572,430.835327,432.977173,-571.450256
444,414,-626,444.251251,417.285706,-625.032104
501,343,-610,500.000946,344.203613,-610.042969
501,343,-534,500.000885,344.191437,-533.957947
478,372,-518,477.000885,373.24173,-517.957947
454,402,-534,453.000946,403.250336,-534.042969
444,414,-518,443.000946,415.203796,-518.042969
444,414,-572,443.000946,415.203796,-572.042969
430,432,-572,429.000946,433.2995,-572.043152
444,414,-626,443.000854,415.239807,-625.958679
478,372,-648,477.000946,373.260986,-648.042969
478,372,-625,477.000946,373.260986,-625.042969
478,372,-625,478.231873,375.269592,-625.972717
499,341,-610,499.84848,342.17984,-610.529175
499,341,-534,499.855286,342.160828,-533.481873
478,372,-518,478.251556,375.058105,-517.032166
109,398,-306,108.018669,400.821808,-306.192322
64,415,-339,63.1353722,415.780273,-338.497589
55,430,-319,55.2305717,430.863495,-318.026947
0,411,-329,0.795333207,414.274445,-328.393829
55,430,-319,55.4343185,431.472717,-319.900757
55,430,-319,55.3992538,431.447296,-319.91684
0,411,-329,0.384996682,412.523346,-329.922913
-10,366,-301,-9.58782005,367.464142,-301.911102
-4,335,-275,-3.5831027,336.420013,-275.908936
27,323,-251,27.4001617,324.464386,-251.916443
76,323,-229,76.4001999,324.465271,-229.916428
108,369,-248,108.399254,370.515839,-248.91684
99,413,-285,99.4193115,414.478241,-285.907837
-10,366,-301,-10.9828691,368.876343,-301.184265
-4,335,-275,-4.80130148,336.155457,-274.401764
65,337,-244,65.1534042,338.077881,-243.011841
87,368,-257,87.8073807,371.08609,-256.409973
-967,508,-837,-967.377747,509.124176,-836.074097
-989,508,-846,-989.377258,509.12381,-845.073914
-994,480,-875,-994.376953,481.210846,-874.073792
-1026,468,-898,-1026.36316,469.198761,-897.068298
-1057,566,-818,-1057.36755,567.158447,-817.070007
-1001,549,-812,-1001.38922,550.142151,-811.078857
-1102,549,-852,-1102.33923,550.120361,-851.059326
-1057,566,-818,-1057.37805,567.088928,-817.074219
-1110,508,-893,-1110.34961,509.185852,-892.06311
-1111,526,-828,-1110.00488,529.323975,-827.901306
-1102,549,-852,-1101.20129,550.07019,-852.601685
-1057,566,-818,-1057.19043,567.02179,-818.981689
-1001,549,-812,-1001.81384,552.398132,-812.580994
-1088,508,-885,-1088.88733,510.196472,-885.460938
-1065,480,-902,-1065.20032,481.045044,-902.979675
-994,480,-875,-993.195984,481.010162,-875.594604
-989,508,-846,-988.011536,510.959412,-845.848572
-990,504,-842,-990.502197,505.052826,-841.135254
-1016,528,-820,-1016.48828,528.742981,-819.127319
-1055,540,-824,-1055.50195,540.771423,-823.135132
-1055,540,-824,-1055.22266,540.758728,-823.025146
-1086,528,-847,-1086.24316,528.761169,-846.030029
-1090,504,-881,-1090.21399,505.06955,-880.023193
-1036,501,-872,-1036.32239,502.312286,-871.053406
-1036,501,-872,-1036.40308,502.331879,-871.084839
-1001,549,-812,-1001.8089,552.400635,-812.587891
-1057,566,-818,-1057.19043,567.02179,-818.981689
-1057,566,-818,-1056.19653,567.070068,-818.595337
-1102,549,-852,-1101.00488,552.450256,-851.901306
-1065,480,-902,-1065.34961,481.186798,-901.06311
-994,480,-875,-994.351379,481.177032,-874.063782
-989,508,-846,-989.411255,509.154266,-845.088501
-1012,537,-828,-1012.37805,538.153564,-827.074219
-1001,549,-812,-1001.37695,550.095764,-811.073792
-1057,566,-818,-1057.36243,567.103455,-817.067993
-1102,549,-852,-1102.35022,550.112122,-851.063354
-1110,508,-893,-1110.34973,509.21283,-892.063171
-1088,508,-885,-1088.33997,509.212433,-884.05957
-1088,508,-885,-1088.76318,511.91095,-885.646179
-1065,478,-900,-1065.20703,479.045105,-900.978333
-995,478,-873,-994.247375,479.480469,-873.658447
-989,508,-846,-988.000977,512.556641,-845.955872
-208,295,-611,-207.000885,296.670593,-611.041992
-224,268,-612,-223.000885,269.800812,-611.957947
-235,249,-590,-234.000885,250.824585,-590.041992
-235,249,-559,-234.000885,250.824585,-559.041992
-190,324,-553,-189.000885,325.585693,-553.041992
-197,313,-590,-196.0009,314.711853,-590.042114
-205,299,-524,-204.000885,300.686798,-524.041992
-191,324,-595,-190.000885,325.822388,-595.041992
-224,268,-537,-223.000946,269.909271,-537.043213
-190,324,-553,-190.461243,325.314636,-553.887268
-191,324,-595,-191.999039,324.549988,-594.956177
-190,324,-553,-190.999039,324.550049,-552.956177
-191,324,-595,-191.461212,325.327026,-594.112732
-170,313,-554,-170.461212,314.323151,-554.887268
-190,324,-553,-190.999054,324.544861,-552.956543
-191,324,-595,-191.432007,325.305298,-594.098145
-190,324,-553,-189.000885,325.585022,-553.041992
-191,324,-595,-190.000885,325.615112,-595.041992
-190,324,-553,-189.000885,325.614929,-553.041992
-191,324,-595,-190.0009,325.77655,-595.042297
-206,299,-624,-205.000885,300.730774,-624.041992
-224,268,-612,-223.000885,269.717682,-612.041992
-235,249,-590,-234.000885,250.824585,-590.041992
-226,263,-524,-225.0009,264.777435,-524.042358
-205,299,-524,-204.002838,300.713989,-524.075256
-252,346,-540,-251.95723,371.205933,-540.999084
-234,356,-560,-234.599182,357.905609,-560.800598
-234,356,-589,-234.999069,357.164093,-589.042969
-234,356,-560,-234.999069,357.164093,-560.042969
-234,356,-589,-234.613525,357.847076,-588.210327
-251,346,-609,-251.042267,369.114288,-608.000916
-246,409,-559,-246.680847,416.022064,-559.732422
-246,409,-559,-246.999054,413.366608,-559.043335
-245,408,-589,-245.712631,414.473053,-588.298462
-299,720,-575,-298.938538,720.794495,-575.998108
-299,720,-575,-298.25592,720.840637,-575.668091
-236,573,-597,-236.713348,592.538025,-596.299194
-268,572,-630,-268.042267,1282.61304,-629.000916
-237,574,-551,-237.698227,594.185059,-551.71582
-237,574,-551,-237.999069,589.020142,-551.043091
-299,720,-575,-298.000671,720.890686,-574.963379
-299,720,-575,-298.272919,720.840088,-574.313477
-299,720,-575,-298.957672,720.823669,-574.000916
-299,720,-575,-299.677734,720.739441,-574.264709
-299,720,-575,-299.998962,720.697083,-575.042969
-299,720,-575,-299.677734,720.738159,-575.735229
-775,412,-538,-775.999023,413.544189,-538.042969
-758,386,-539,-758.988159,387.397888,-538.84668
-748,367,-561,-748.999023,368.398499,-560.956055
-749,367,-592,-749.999023,368.39859,-591.956055
-797,441,-595,-797.997009,442.476044,-594.922852
-788,430,-559,-788.999023,431.367462,-559.042969
-782,416,-625,-782.994141,417.659485,-624.891907
-795,441,-554,-795.999023,442.5336,-553.956055
-762,386,-613,-762.999023,387.497467,-612.956055
-797,441,-595,-796.471924,442.451843,-594.150818
-795,441,-554,-794.000977,441.624573,-554.043701
-797,441,-595,-796.000977,441.624146,-595.04364
-795,441,-554,-794.537109,442.339172,-554.886414
-778,416,-525,-778.061401,559.229675,-525.998108
-813,430,-594,-812.476562,431.390717,-593.147949
-797,441,-595,-796.000977,441.695068,-595.042969
-795,441,-554,-794.57428,442.334839,-554.904846
-778,416,-525,-778.061035,547.738403,-525.998108
-797,441,-595,-797.996033,442.404846,-594.911133
-795,441,-554,-795.999023,442.424347,-553.955872
-797,441,-595,-797.999023,442.424866,-594.956055
-795,441,-554,-795.999084,442.525604,-553.957275
-778,416,-525,-778.998901,417.512665,-525.044861
-758,386,-539,-758.999023,387.611877,-539.042969
-748,367,-561,-748.998962,368.30719,-560.955078
-759,381,-626,-759.999084,382.431213,-625.957275
-782,416,-625,-782.998962,417.533325,-624.955078
-712,452,-613,-711.957275,499.279694,-612.000916
-737,465,-612,-736.339966,466.956726,-611.248779
-753,474,-561,-752.002869,475.303375,-561.075684
-755,474,-591,-754.00293,475.303589,-591.075928
-753,474,-561,-752.425903,476.049652,-561.818787
-734,465,-542,-734.061279,497.102936,-542.998108
-725,527,-614,-724.264709,534.785889,-613.322266
-745,527,-592,-744.254944,534.783936,-591.333008
-743,527,-561,-742.002869,532.334778,-561.075195
-721,527,-541,-720.331116,534.890625,-541.743347
-743,527,-561,-742.331177,534.892517,-561.743408
-705,840,-579,-704.956055,840.777161,-578.000977
-705,840,-579,-705.696472,840.770996,-578.282471
-705,840,-579,-705.997986,840.760376,-578.9375
-705,840,-579,-705.743286,840.769653,-579.668884
-705,840,-579,-705.043884,840.784363,-579.999023
-705,840,-579,-704.34668,840.772339,-579.756958
-705,840,-579,-704.000977,840.766479,-579.042969
-705,840,-579,-704.264709,840.798706,-578.322266
-1161,-98,157,-1161.39478,-93.1722031,156.081223
-1027,-161,116,-1027.39062,-90.1000977,115.079453
-1158,-161,170,-1158.39001,-90.2051239,169.079193
-1023,-2,114,-1023.4024,686.249878,113.084541
-922,-75,70,-922.402344,90.6639023,69.0845184
-1172,76,164,-1172.37012,84.4149475,163.07103
-885,160,57,-885.390625,236.543472,56.0794525
-754,160,3,-754.383789,236.354538,2.07657933
-885,119,57,-885.390808,339.445435,56.0795288
-1020,120,114,-1020.39062,345.96167,113.079453
-794,-75,20,-794.361389,-72.7253723,19.067585
-922,-75,70,-922.361389,-72.7270508,69.0675888
-886,-2,58,-886.390625,827.872192,57.0794525
-758,-2,5,-758.383789,828.974731,4.07657957
-922,-75,70,-922.187744,32.5289078,69.0177841
-756,-161,4,-756.39563,-118.556686,3.08159018
-631,-161,-50,-631.402466,-118.541122,-50.9154282
-641,-81,-61,-641.402344,-75.3564148,-61.9154816
-1027,-161,116,-1027.40234,-86.5598602,115.084518
-1158,-161,170,-1158.39453,-118.939667,169.081131
-1023,-2,114,-1023.30182,216.092743,113.046638
-1020,160,113,-1020.39062,203.727203,112.079453
-754,160,3,-754.402405,239.475784,2.08453822
-877,-31,55,-877.477661,-30.4653416,54.1214561
-877,-31,55,-877.301819,-30.4730816,54.0466385
-1262,-161,127,-1261.60742,-118.073715,126.080284
-1158,-161,170,-1157.63281,-118.117531,169.069855
-1172,76,164,-1171.61035,647.911255,163.079041
-1261,51,127,-1260.60742,250.50769,126.080284
-1261,51,127,-1260.62695,253.084305,126.072189
-1361,-23,86,-1360.60828,201.410522,85.0799179
-1161,-98,157,-1160.63281,-92.2549973,156.069855
-1578,98,-4,-1577.44434,130.261642,-4.83140135
-1580,-19,-1,-1579.7688,-10.2922573,-1.97290206
-1461,-19,29,-1460.76855,-10.2946711,28.027153
-1472,102,40,-1471.61755,135.547379,39.0760231
-1461,-19,29,-1460.50977,104.16349,28.1284103
-1365,108,84,-1364.61755,778.792542,83.0760269
-1664,57,-61,-1663.50098,64.8050232,-61.8665314
-1667,-162,-59,-1666.52332,-156.328842,-59.8790703
-1573,-161,-5,-1572.69641,-149.713272,-5.95280075
-1461,-19,29,-1460.63672,-10.627779,28.0683212
-1353,68,89,-1352.6123,399.727814,88.0782166
-1353,68,89,-1352.50977,135.119339,88.1284103
-1765,128,251,-1764.55762,225.922516,250.10318
-1577,128,346,-1576.55566,225.616638,345.104156
-1577,128,346,-1576.55762,247.362823,345.10318
-1577,128,346,-1576.46582,132.538696,345.154633
-1664,57,-61,-1663.06995,75.509407,-60.6325798
-1498,69,-234,-1497.26953,164.351074,-233.317062
-1635,-6,-109,-1634.08569,10.9845839,-108.594978
-1585,2,-154,-1584.4502,195.541656,-153.164719
-1585,2,-154,-1584.33032,16.1751156,-153.257355
-1535,5,-195,-1534.36523,218.419144,-194.22731
-1667,-162,-59,-1666.19958,-126.103493,-58.4005547
-1535,5,-195,-1534.32141,43.3765564,-194.265488
-1498,-161,-235,-1497.32129,-102.947906,-234.26561
-1535,120,-195,-1534.26672,388.833649,-194.320084
-1537,92,-193,-1536.27454,517.334839,-192.311752
-1539,63,-191,-1538.36523,168.71051,-190.22731
-1560,-161,-343,-1559.14233,-115.364609,-343.514099
-1498,-161,-235,-1497.13611,-115.441528,-235.503662
-1557,3,-344,-1556.07605,54.27771,-344.382355
-1557,3,-344,-1556.13904,56.6057014,-344.508545
-1607,160,-456,-1606.03223,199.629837,-456.251434
-1638,160,-576,-1637.03491,199.580627,-576.261719
-1560,160,-343,-1559.07874,190.471436,-343.388702
-1607,160,-456,-1606.07581,190.529709,-456.381866
-1607,160,-456,-1606.07886,201.950089,-456.388977
-1498,160,-235,-1497.1366,188.538757,-235.504456
-1560,160,-343,-1559.1333,188.566681,-343.498718
-1561,121,-342,-1560.14722,170.197784,-342.522156
-1695,2,-581,-1695.04297,32.1009293,-581.999023
-1693,41,-581,-1692.91174,261.556641,-581.996094
-1691,80,-581,-1690.91113,290.352966,-581.996033
-1822,-161,-562,-1821.51965,-143.8414,-562.877075
-1875,-161,-591,-1874.51965,-143.850464,-591.877075
-1828,-9,-565,-1828.20508,26.7128315,-565.978699
-1828,-9,-565,-1827.73718,105.314926,-565.964844
-1875,-161,-591,-1874.57458,-153.271408,-591.904968
-1822,-161,-562,-1822.22266,-138.956741,-562.974854
-1881,2,-582,-1880.70605,24.8738632,-582.955811
-1759,-161,-575,-1759.04297,-122.551025,-575.999023
-1835,-161,-676,-1834.06335,-157.217682,-675.64978
-1805,-30,-787,-1804.03528,153.523407,-786.736755
-1875,-161,-591,-1874.06799,-150.255707,-590.637573
-1875,-161,-591,-1874.09521,-157.251648,-590.574158
-1835,-161,-676,-1834.09619,-157.25354,-675.572083
-1805,-30,-787,-1804.04956,171.970367,-786.689148
-1761,-33,-917,-1760.08533,60.0325508,-916.595825
-1721,-42,-1005,-1720.05347,-21.7275772,-1004.67743
-1679,-156,-1100,-1678.04199,-150.59201,-1099.71338
-1761,-33,-917,-1760.09436,-8.99022961,-916.575989
-1725,-99,-1002,-1724.08459,-68.0686188,-1001.59747
-1805,-30,-787,-1804.05347,7.8179431,-786.677429
-1690,-29,-1093,-1689.05347,-2.69944072,-1092.67749
-1725,-99,-1002,-1724.09473,-63.019722,-1001.5752
-1414,-160,-1194,-1413.47168,-158.049988,-1193.151
-1414,-160,-1194,-1413.71619,-158.039062,-1193.04114
-1690,-29,-1093,-1689.71582,-24.042141,-1092.04126
-1546,-68,-1144,-1545.53125,-57.811657,-1143.1167
-1417,-27,-1203,-1416.53198,-22.2439518,-1202.11633
-1546,-68,-1144,-1545.72266,-57.3193016,-1143.03931
-1285,-72,-1258,-1284.68762,-51.8510895,-1257.05005
-2021,62,-1004,-2020.72266,162.929199,-1003.03925
-1417,-27,-1203,-1416.68176,-22.3527164,-1202.052
-574,120,-148,-574.826538,136.115479,-148.562851
-567,-80,-145,-567.955872,-75.8306046,-145.293777
-533,-80,-255,-533.955811,-75.8254089,-255.29393
-641,-81,-61,-641.823547,-75.4311752,-61.567234
-631,-161,-50,-631.832336,-90.886116,-50.5541878
-533,-80,-255,-533.88623,-74.6737823,-254.536758
-574,15,-355,-574.862732,44.8730583,-354.494415
-628,16,-464,-628.895447,42.4209824,-463.55484
-628,16,-464,-628.930603,42.577137,-463.633972
-628,16,-464,-628.886963,45.9848099,-463.538177
-514,120,-249,-514.856934,136.061066,-249.515427
-574,120,-148,-574.856812,136.06897,-148.515564
-567,120,-358,-567.904236,122.906929,-357.572968
-514,120,-249,-514.890076,122.904778,-248.544189
-620,120,-471,-620.911682,122.910927,-470.589111
-567,120,-358,-567.911682,122.912987,-357.589111
-620,120,-471,-620.890747,121.807938,-470.545502
-673,120,-580,-673.904907,121.808319,-579.574402
-620,120,-471,-620.934265,121.854836,-470.643463
-541,73,-849,-541.864075,73.6579819,-848.496643
-349,73,-522,-349.861572,73.6576538,-521.492371
-774,1,-796,-774.914917,14.346036,-795.596375
-774,1,-796,-774.86377,14.3012018,-795.496155
-928,6,-964,-928.572876,33.1591911,-963.180359
-928,6,-964,-928.376953,30.4056244,-963.073792
-1274,118,-1018,-1273.8125,143.151398,-1017.01776
-1158,118,-1041,-1157.81274,143.148285,-1040.0177
-1274,118,-1018,-1273.63574,142.884186,-1017.06873
-1461,318,-271,-1460.49219,321.194916,-271.86142
-1265,318,-168,-1264.59155,321.245941,-168.912781
-1265,318,-168,-1264.88086,321.176392,-168.992874
-1461,318,-271,-1460.49292,321.138702,-271.861877
-1364,318,-213,-1363.49219,321.141663,-213.861465
-1265,318,-168,-1264.58997,321.226349,-168.912064
-1364,318,-213,-1363.58984,321.227295,-213.912003
-1265,318,-168,-1264.88086,321.146301,-168.992874
-1157,318,-155,-1156.88098,321.148346,-155.992889
-1586,319,-576,-1585.03491,322.246307,-576.26178
-1327,570,-403,-1326.49219,571.138977,-403.86145
-1069,570,-362,-1069.21289,571.125183,-362.977051
-801,318,-365,-801.816711,321.272278,-365.576996
-863,318,-277,-863.821777,321.270813,-277.569794
-949,320,-932,-949.632812,323.33078,-931.225708
-1262,320,-973,-1261.84668,323.144958,-972.011841
-1157,320,-990,-1156.84741,323.144165,-989.011719
-1449,319,-872,-1448.16931,322.239929,-871.443298
-1508,319,-782,-1507.16931,322.236633,-781.443298
-1278,653,-574,-1277.07385,653.721924,-574.377014
-1242,653,-486,-1241.07874,653.721436,-486.388885
-1155,653,-453,-1154.65137,653.671082,-453.937164
-1242,653,-486,-1241.65149,653.670105,-486.937286
-1072,653,-488,-1072.39465,653.70282,-488.918823
-1155,653,-453,-1155.39465,653.701355,-453.918823
-1072,653,-488,-1072.91187,653.730225,-488.410278
-1032,653,-574,-1032.91064,653.73114,-574.412903
-1072,653,-657,-1072.87158,653.758911,-656.509766
-1072,653,-657,-1072.50195,653.762207,-656.135132
-1239,653,-658,-1238.63086,653.708862,-657.070679
-1156,653,-692,-1155.63574,653.708008,-691.068726
-1239,653,-658,-1238.09436,653.746399,-657.575989
-1278,653,-574,-1277.09521,653.746094,-573.574158
111,378,-887,111.368179,379.266296,-886.070251
89,378,-878,89.3680267,379.266296,-877.07019
66,348,-895,66.3369293,349.301727,-894.058472
27,336,-890,27.3792419,337.281403,-889.074707
57,438,-814,57.3795395,439.21756,-813.074829
102,420,-847,102.357254,421.217987,-846.06604
2,420,-807,2.33602238,421.224335,-806.058167
57,438,-814,57.3681641,439.296356,-813.070251
-32,378,-831,-31.635994,379.305664,-830.068604
10,401,-785,10.8010149,404.538391,-785.598633
2,420,-807,2.18557692,420.949829,-807.982605
57,438,-814,56.1863976,438.987183,-814.581421
102,420,-847,101.007851,423.103119,-846.875
-10,378,-839,-10.9979916,381.921875,-838.936707
-4,348,-867,-4.81730986,348.980652,-867.576172
66,348,-895,66.2543488,348.847351,-895.967102
89,378,-878,89.8656006,380.640015,-878.500732
37,374,-863,37.0614166,375.096985,-862.001892
87,400,-842,87.0614166,401.10025,-841.001892
55,412,-819,55.2201576,412.805389,-818.024536
55,412,-819,55.4747314,412.801788,-818.119873
16,400,-815,16.6351299,401.104858,-814.2276
37,374,-863,37.641098,375.138367,-862.232544
37,374,-863,37.4132996,375.672729,-862.089417
37,374,-863,37.3042831,375.702972,-862.047424
102,420,-847,101.005043,423.152344,-846.899719
57,438,-814,56.1713409,438.93927,-814.559753
57,438,-814,57.1903572,439.008881,-814.981689
2,420,-807,2.81732702,423.028015,-807.576172
-4,348,-867,-3.62134314,349.277466,-866.074463
66,348,-895,66.3442917,349.281219,-894.061157
89,378,-878,89.3222885,379.295929,-877.053406
83,407,-851,83.3792419,408.277924,-850.074707
102,420,-847,102.367249,421.208282,-846.069885
57,438,-814,57.3573608,439.250427,-813.06604
2,420,-807,2.37704754,421.243225,-806.073853
-32,378,-831,-31.6618748,379.238251,-830.058899
-10,378,-839,-9.65682125,379.238739,-838.06073
-10,378,-839,-10.9951172,381.559204,-838.901306
-3,345,-863,-3.85441923,345.805542,-863.519531
67,345,-891,67.219017,345.8638,-891.975708
89,378,-878,89.762764,381.866852,-878.646667
-1471,508,-652,-1470.00098,509.208313,-652.042969
-1471,508,-629,-1470.00098,509.208313,-629.042969
-1496,480,-613,-1495.00085,481.242096,-612.958679
-1506,468,-576,-1505.00098,469.149658,-576.042969
-1420,566,-576,-1419.00098,567.094971,-576.042969
-1435,549,-630,-1434.00085,550.155762,-629.958984
-1435,549,-521,-1434.00098,550.159546,-521.042969
-1420,566,-576,-1419.00098,567.168579,-576.042969
-1471,508,-499,-1470.00098,509.212891,-499.043762
-1409,526,-521,-1409.26172,529.385681,-521.965088
-1435,549,-521,-1435.8584,550.059814,-521.512939
-1420,566,-576,-1420.85815,567.068542,-575.486633
-1435,549,-630,-1435.26233,552.455078,-629.035034
-1471,508,-522,-1471.2832,511.539978,-521.040955
-1496,480,-538,-1496.86768,481.179352,-537.50293
-1496,480,-613,-1496.86768,481.18161,-613.496887
-1471,508,-629,-1471.29297,511.479462,-629.956116
-1465,504,-629,-1464.02136,505.127686,-628.794434
-1437,528,-613,-1436.01929,528.786438,-612.804565
-1426,540,-576,-1425.0116,540.713928,-575.848206
-1426,540,-576,-1425.00867,540.740723,-576.130859
-1437,528,-538,-1436.0177,528.802612,-538.187256
-1465,504,-522,-1464.02136,505.133026,-522.205261
-1479,501,-576,-1478.00098,502.502991,-576.042969
-1479,501,-576,-1478.00098,502.516876,-575.955872
-1435,549,-630,-1435.24341,552.353027,-629.03009
-1420,566,-576,-1420.84412,567.063904,-575.463867
-1420,566,-576,-1420.85205,567.104309,-576.523254
-1435,549,-521,-1435.26233,552.462097,-521.964966
-1496,480,-538,-1495.00098,481.305084,-538.042969
-1496,480,-613,-1495.00098,481.218842,-613.042969
-1471,508,-629,-1470.00281,509.149445,-628.925171
-1446,537,-613,-1445.00098,538.159241,-613.042969
-1435,549,-630,-1434.00098,550.049316,-630.043274
-1420,566,-576,-1419.00098,567.180481,-575.956055
-1435,549,-521,-1434.00098,550.152039,-521.042969
-1471,508,-499,-1470.00098,509.136261,-499.042267
-1471,508,-522,-1470.00098,509.136261,-522.042969
-1471,508,-522,-1471.22327,510.940918,-521.025269
-1493,477,-538,-1493.86792,478.179413,-537.503296
-1493,477,-613,-1493.86377,478.181763,-613.503845
-1471,508,-629,-1471.23926,510.955566,-629.970886
-801,318,-365,-801.911743,321.21933,-365.410736
-753,318,-470,-753.911743,321.220581,-470.410736
-807,319,-780,-807.830505,322.26355,-779.442993
-866,319,-866,-866.819336,322.263123,-865.426697
-761,319,-677,-761.911377,322.315613,-676.58844
-807,319,-780,-807.911377,322.321167,-779.58844
-761,319,-677,-761.965027,322.197723,-676.737854
-753,318,-470,-753.983276,321.207031,-470.182098
-733,318,-580,-733.984192,321.2099,-580.176636
-1054,320,-971,-1054.1908,323.215027,-970.018372
-1157,320,-990,-1157.18555,323.217102,-989.017395
-949,320,-932,-949.349609,323.293976,-931.06311
-1054,320,-971,-1054.34961,323.292297,-970.06311
-1363,320,-933,-1362.42578,323.28418,-932.181335
-1363,320,-933,-1362.63586,323.209503,-932.068665
-1262,320,-973,-1261.63586,323.21283,-972.068665
-1553,319,-679,-1552.05066,322.226624,-678.685791
-1586,319,-576,-1585.05176,322.222931,-575.682495
-1508,319,-782,-1507.08862,322.207367,-781.58844
-1553,319,-679,-1552.08459,322.202423,-678.597473
-1516,318,-367,-1515.13354,321.182983,-367.499237
-1461,318,-271,-1460.13025,321.178955,-271.493439
-1558,318,-469,-1557.07874,321.203094,-469.388763
-1516,318,-367,-1515.07324,321.206757,-367.375427
-1327,570,-403,-1326.13611,571.157776,-403.503632
-1370,569,-486,-1369.07886,570.184387,-486.389191
-1397,569,-574,-1396.03027,570.13739,-574.24408
-1397,569,-574,-1396.05042,570.191895,-573.686523
-1366,569,-661,-1365.08459,570.184143,-660.597473
-1320,569,-741,-1319.16931,570.142944,-740.443298
-1320,569,-741,-1319.42651,570.149902,-740.180786
-1244,569,-786,-1243.63098,570.187073,-785.070618
-1157,569,-807,-1156.84668,570.168945,-806.011841
-1069,569,-785,-1069.19043,570.137756,-784.018311
-1069,569,-785,-1069.34961,570.20752,-784.06311
-1069,569,-785,-1069.51184,570.197144,-784.14093
-991,569,-739,-991.503357,570.195435,-738.135925
-947,569,-660,-947.876465,570.124512,-659.518555
-991,569,-739,-991.871582,570.122253,-738.509766
-947,569,-660,-947.911133,570.155212,-659.587891
-914,569,-576,-914.93158,570.175293,-575.636475
-947,569,-660,-947.931335,570.176819,-659.635864
-914,569,-576,-914.970459,570.143005,-576.24115
-943,569,-485,-943.916626,570.171692,-485.399719
-991,570,-406,-991.816772,571.201904,-406.576935
-1069,570,-362,-1069.55078,571.112061,-362.834564
-1069,570,-362,-1069.39453,571.222046,-362.918762
-1052,318,-178,-1052.21289,321.220581,-178.977036
-1157,318,-155,-1157.21289,321.22467,-155.977051
-952,318,-219,-952.394531,321.181549,-219.918823
-1052,318,-178,-1052.375,321.182159,-178.927002
-863,318,-277,-863.547974,321.3125,-277.836487
-952,318,-219,-952.547852,321.314362,-219.836533
-1389,457,-811,-1388.41895,458.625122,-810.186157
-1389,457,-811,-1388.16931,458.688812,-810.443298
-1471,457,-657,-1470.08875,458.626068,-656.588196
-1471,457,-657,-1470.05078,458.631531,-656.685425
-1476,457,-490,-1475.03772,458.598145,-490.271881
-1476,457,-490,-1475.07886,458.612,-490.38913
-1398,457,-333,-1397.1333,458.640839,-333.49881
-1156,570,-337,-1155.88184,571.186218,-337.992981
-1244,570,-357,-1243.58997,571.151917,-357.912048
-1398,457,-333,-1397.49231,458.633698,-333.861511
-1243,457,-251,-1242.59009,458.65213,-251.912125
-1243,457,-251,-1242.88086,458.64975,-251.992874
-1073,457,-259,-1073.21313,458.660492,-259.97702
-1073,457,-259,-1073.38013,458.638336,-259.924927
-923,457,-338,-923.548218,458.659637,-338.836334
-923,457,-338,-923.817261,458.660339,-338.576233
-836,457,-491,-836.911743,458.671326,-491.410706
-836,457,-491,-836.983215,458.625549,-491.182251
-842,457,-656,-842.9646,458.633514,-655.736328
-842,457,-656,-842.910706,458.666565,-655.586975
-922,457,-808,-922.830505,458.750031,-807.442993
-922,457,-808,-922.623047,458.733032,-807.217834
-1075,457,-889,-1075.34973,458.654419,-888.063171
-1075,457,-889,-1075.18555,458.601318,-888.017395
-1241,457,-891,-1240.84741,458.647675,-890.011719
-1241,457,-891,-1240.63574,458.624298,-890.068726
252,447,-786,251.747253,448.268219,-785.032471
164,447,-809,163.736282,448.270355,-808.0354
252,447,-786,251.609344,448.337311,-785.079468
379,447,-660,378.12793,448.249786,-659.51062
334,447,-739,333.128418,448.250275,-738.509766
379,447,-660,378.079041,448.326263,-659.610352
403,447,-571,402.039032,448.273499,-571.276611
377,447,-481,376.037964,448.271637,-481.272888
377,447,-481,376.076111,448.342163,-481.38266
329,447,-401,328.490448,448.261047,-401.860382
251,447,-355,250.490448,448.260254,-355.860413
251,447,-355,250.616608,448.350861,-355.923584
160,447,-330,160.23468,448.333496,-330.972046
71,447,-356,71.3922348,448.364014,-356.91983
-54,447,-485,-53.135479,448.281799,-485.502594
-9,447,-408,-8.13659859,448.280701,-408.504517
-54,447,-485,-53.0736313,448.387024,-485.376617
-79,447,-575,-78.0338058,448.261078,-574.742188
-56,447,-663,-55.0338058,448.259583,-662.742188
-56,447,-663,-55.0786247,448.347595,-662.611328
71,447,-787,71.5342255,448.235168,-786.154663
-4,447,-739,-3.47023535,448.234528,-738.151855
71,447,-787,71.3672485,448.356506,-786.069885
393,341,-797,392.453339,342.634674,-796.162659
324,341,-842,323.453888,342.63559,-841.162292
244,341,-876,243.609344,342.615997,-875.079468
324,341,-842,323.601105,342.618103,-841.083008
166,341,-890,165.813339,342.625305,-889.017578
244,341,-876,243.813019,342.623535,-875.017639
166,341,-890,166.14566,342.615845,-889.010681
81,341,-877,81.1513672,342.615387,-876.011536
3,341,-845,3.37724519,342.644379,-844.073914
81,341,-877,81.3742981,342.64682,-876.072693
-59,341,-796,-58.3749428,342.637726,-795.219421
3,341,-845,3.62188244,342.635742,-844.216919
-112,341,-734,-111.242081,342.634857,-733.347656
-59,341,-796,-58.2420769,342.635193,-795.347656
-144,341,-656,-143.071045,342.618378,-655.629822
-112,341,-734,-111.078682,342.617676,-733.611206
-168,341,-575,-167.040955,342.628113,-574.716797
-144,341,-656,-143.041031,342.627319,-655.716492
-168,341,-575,-167.047043,342.677856,-575.303101
-142,341,-496,-141.045013,342.675934,-496.296631
-110,341,-417,-109.073631,342.68634,-417.376617
-142,341,-496,-141.074203,342.686035,-496.378021
-66,341,-353,-65.1767578,342.662537,-353.567688
-110,341,-417,-109.176254,342.661591,-417.566956
-66,341,-353,-65.3878937,342.68576,-353.790771
2,341,-300,2.61427283,342.683777,-300.789093
80,341,-267,80.3922348,342.67334,-267.919861
2,341,-300,2.38515496,342.674255,-300.922852
161,341,-248,161.234711,342.650665,-248.972061
80,341,-267,80.2266617,342.651123,-267.973969
243,341,-266,242.780792,342.653687,-266.975677
161,341,-248,160.780792,342.653809,-248.975677
321,341,-298,320.61734,342.645874,-298.923889
243,341,-266,242.616531,342.647308,-266.923553
387,341,-344,386.421967,342.635742,-344.81601
321,341,-298,320.423828,342.637054,-298.817322
434,341,-412,433.173767,342.631317,-412.563324
387,341,-344,386.173767,342.6315,-344.563324
467,341,-491,466.076141,342.637115,-491.382721
434,341,-412,433.076721,342.636047,-412.384125
486,341,-571,485.026978,342.658661,-571.230652
467,341,-491,466.027008,342.656433,-491.230774
469,341,-653,468.02298,342.642914,-652.786865
486,341,-571,485.01828,342.641571,-570.809692
437,341,-730,436.081146,342.607483,-729.605408
469,341,-653,468.073669,342.608429,-652.623291
393,341,-797,392.163452,342.590973,-796.452148
437,341,-730,436.163452,342.590149,-729.452148
381,-36,501,381.372681,-14.5258722,501.927948
22,-38,632,22.4741993,-29.5758324,632.880371
-95,-33,663,-94.7437668,-19.7693424,663.966614
378,124,494,378.261902,147.764603,494.965088
-99,122,650,-98.6407471,470.028198,650.933228
278,-39,544,278.41571,82.9487762,544.909485
278,-39,544,278.200439,228.936096,544.979675
22,-38,632,22.29529,-29.6112843,632.955383
429,402,508,429.744324,405.934509,508.667694
534,390,386,534.442383,395.947021,386.89682
682,357,307,682.702148,365.619232,307.711975
777,83,192,777.607422,316.661774,192.794342
665,195,297,665.632935,206.174591,297.7742
389,257,497,389.718109,270.357605,497.695923
777,83,192,777.615417,311.462708,192.788193
533,115,395,533.615234,123.46685,395.7883
533,115,395,533.648499,123.324783,395.7612
918,248,110,918.597656,256.465424,110.801689
381,-36,501,381.649597,-13.47647,501.760254
378,124,494,378.533783,158.691544,494.845612
912,-64,99,912.652466,-57.080246,99.7577896
780,250,192,780.667969,332.065063,192.744186
665,195,297,665.632812,206.136566,297.774292
682,357,307,682.401367,367.111206,307.915894
534,390,386,534.702148,395.409821,386.711975
-225,124,661,-224.911713,219.606018,661.996094
-641,54,739,-641.043518,60.5264015,739.999023
-95,-33,663,-94.9633636,-19.2346325,663.999329
-223,-38,663,-222.828766,437.348969,663.985229
-361,-42,687,-360.706024,1339.70911,687.955811
-495,-51,728,-495.061401,41.0830154,728.998108
-223,-38,663,-222.911346,815.027771,663.996033
-361,-42,687,-360.828766,114.933693,687.985229
163,682,1029,162.589249,684.829895,1029.91174
-492,-158,727,-492.061401,487.225128,727.998108
-361,-42,687,-360.706024,44.2919807,687.955811
-637,-71,720,-637.061157,1.90259683,720.998108
-492,-158,727,-492.061401,-127.513725,727.998108
-94,264,675,-94.0746384,269.789825,675.997192
-363,263,683,-362.867279,302.109711,683.99115
-228,263,665,-227.867035,302.076416,665.991089
-648,282,762,-647.755615,285.322998,762.969666
-508,279,727,-508.042267,1647.36633,727.999084
-228,263,665,-227.911346,299.997681,665.996033
-81,411,723,-80.957222,414.056976,723.999084
-362,406,735,-361.937561,408.747559,735.998047
-362,406,735,-361.628906,408.054413,735.928589
-96,460,816,-95.4429016,460.520264,816.830444
-378,455,818,-378.408844,455.615479,818.912598
-218,380,716,-218.061401,382.338135,716.998108
-218,380,716,-217.867035,382.25412,716.991089
-96,460,816,-95.6632385,460.573944,816.941589
-362,406,735,-361.747253,408.843292,735.967529
-378,455,818,-377.589111,455.703094,818.911682
-508,396,788,-507.779572,397.965393,788.975403
-684,536,742,-684.308411,552.485107,742.951233
-684,536,742,-684.185608,560.331543,742.982605
-753,-78,776,-752.587891,-14.3243656,776.911133
-641,54,739,-640.680481,61.5103149,739.947571
-762,163,791,-761.574402,173.752563,791.904907
-762,163,791,-761.496338,174.795471,791.863892
-648,282,762,-647.502991,285.711426,762.867737
-872,266,844,-871.675842,273.711945,844.945984
-872,266,844,-871.621643,273.773041,844.925659
-924,713,561,-924.589844,716.257935,561.807495
-768,694,668,-768.715881,710.190979,668.698181
-651,835,912,-651.175049,836.605591,912.984558
-1502,360,615,-1502.49512,764.476685,615.868713
-1373,422,686,-1373.18738,499.775726,686.982239
-1119,361,803,-1119.26172,395.077515,803.965088
-1252,360,767,-1252.57227,400.121979,767.820007
-1443,360,672,-1443.19043,365.89444,672.981628
-1374,360,685,-1374.18555,365.898895,685.982605
-1374,360,685,-1374.55664,378.790985,685.83075
-1252,360,767,-1252.55664,378.795624,767.83075
-1373,422,686,-1373.55664,646.035828,686.830627
-1252,260,764,-1252.29199,276.545441,764.956299
-990,185,881,-990.467224,237.044052,881.884094
-997,266,881,-997.467529,291.162476,881.883972
-1252,260,764,-1252.52637,276.750824,764.850159
-1443,360,672,-1443.5343,366.23288,672.845276
-1472,401,644,-1472.9021,590.711365,643.568481
-1467,401,634,-1467.90479,590.711365,633.574219
-1741,401,506,-1741.54785,413.459839,506.836517
-1773,370,482,-1773.54785,426.489655,482.836548
-1875,264,451,-1875.23865,421.807037,451.9711
-1734,401,497,-1733.21106,438.78299,497.614349
-1741,401,506,-1740.21521,438.792053,506.619751
-1773,370,482,-1773.44238,403.150665,482.89679
-1698,401,516,-1698.4668,490.450775,516.884338
-2029,187,354,-2029.54785,188.681931,354.836517
-2104,187,263,-2104.77979,263.629974,263.626007
-2029,187,354,-2029.77966,263.539459,354.62619
-1875,264,451,-1875.26636,292.171631,451.963867
-1883,186,446,-1883.4082,187.612671,446.912872
-2029,187,354,-2029.47168,202.977112,354.881744
-1573,263,717,-1572.30261,269.676331,717.716675
-1643,185,806,-1642.15503,189.496704,806.53479
-1581,185,708,-1580.15649,189.49585,708.537109
-1734,185,886,-1733.34009,189.505646,886.751343
-1643,185,806,-1642.33984,189.50177,806.751099
-1518,370,650,-1517.34009,450.755859,650.751343
-1573,263,717,-1572.15479,269.701477,717.534424
-1721,368,548,-1721.80896,384.499207,547.41217
-1716,264,552,-1716.71606,272.282837,551.302002
-1779,260,618,-1779.83325,272.306091,617.447266
-1850,260,725,-1850.83459,272.31662,724.449158
-1779,260,618,-1779.81909,268.061188,617.426392
-1721,368,548,-1721.92542,385.158264,547.621094
-1932,360,787,-1932.41174,369.969849,786.088745
-1932,360,787,-1931.79297,370.817627,786.021667
-1948,212,791,-1948.58606,214.884903,790.189758
-1850,260,725,-1850.53503,274.889252,724.155212
-2405,260,775,-2405.95093,283.840332,774.690613
-2382,260,704,-2382.9541,283.846039,703.700562
-1857,360,915,-1856.62122,369.141724,915.925476
-1859,260,904,-1859.23926,272.382507,904.970947
-2405,260,775,-2405.23926,272.358093,775.970886
-2405,360,775,-2405.23926,369.857727,775.970947
-1857,360,915,-1857.24316,369.884277,915.969971
-1599,492,564,-1599.61328,594.800903,564.789856
-1599,492,564,-1599.4668,634.212402,564.884338
-1598,429,564,-1598.62305,430.831146,564.782166
-2295,169,-120,-2295.90991,171.517838,-119.585205
-2295,169,-120,-2295.99609,171.408295,-119.912598
-2356,141,-379,-2356.99121,145.517715,-378.868042
-2108,271,258,-2108.86279,365.591125,258.505463
-2314,270,-249,-2314.96558,278.452515,-248.740143
-2314,270,-249,-2314.99805,279.029297,-248.938538
-2356,141,-379,-2356.94604,145.322647,-378.675995
-2144,105,-956,-2144.37695,117.242058,-956.926208
-2144,105,-956,-2144.42578,115.77446,-956.904785
-2134,220,-977,-2134.55078,229.040466,-977.834534
-2134,220,-977,-2134.42432,227.774033,-977.905457
-2022,99,-1011,-2022.39551,104.427811,-1011.91846
-2134,220,-977,-2134.34961,237.983658,-977.936768
-2049,284,-1037,-2049.37744,286.633667,-1037.92603
-1032,-90,-1920,-1031.90039,-52.0802383,-1920.995
-802,-88,-1914,-802.042969,-77.6689682,-1914.99902
-928,27,-1937,-927.955872,33.7072945,-1937.99902
-928,27,-1937,-928.151428,31.3100529,-1937.9884
-928,27,-1937,-928.042969,31.0902672,-1937.99902
-1032,-90,-1920,-1031.87537,356.67334,-1920.99219
-939,-91,-1908,-938.957031,1378.68518,-1908.99902
-1189,61,-1854,-1189.26172,143.476135,-1854.96509
-1265,61,-1833,-1265.26184,143.413803,-1833.96509
-1122,85,-1914,-1122.24316,85.6301804,-1914.96997
-1115,70,-1890,-1115.24316,70.5991211,-1890.96997
-1044,79,-1935,-1044.9823,79.4508667,-1935.18713
-1044,79,-1935,-1044.3623,79.5682907,-1935.93201
-1115,70,-1890,-1115.3623,70.6128464,-1890.93201
-1044,79,-1935,-1044.34985,79.5797195,-1935.93677
-1112,61,-1875,-1112.27539,103.1334,-1875.96118
-1034,61,-1897,-1034.28223,103.18541,-1897.95923
-1112,61,-1875,-1112.2832,165.741074,-1875.95898
-1112,61,-1875,-1112.26184,129.071411,-1875.96509
-1189,61,-1854,-1189.27539,129.1203,-1854.9613
-1193,69,-1868,-1193.26172,69.5807037,-1868.96509
-1200,83,-1892,-1200.25781,83.587944,-1892.96606
-1193,69,-1868,-1193.0752,69.5694885,-1868.99707
-1200,83,-1892,-1200.17529,83.5745544,-1892.9845
-1238,80,-1880,-1238.09766,80.6952896,-1880.99512
-1238,80,-1880,-1237.2832,80.5615387,-1880.69727
-1239,-60,-2011,-1239.99915,-33.2465439,-2010.95898
-1243,-60,-2200,-1243.99915,-33.2693443,-2199.95874
-1031,-52,-1938,-1030.00293,-28.4984016,-1938.07556
-1034,-125,-1937,-1033.00098,-121.153725,-1937.04297
-1237,23,-1879,-1236.77148,67.8396759,-1878.02649
-1237,23,-1879,-1237.9657,74.0442581,-1878.74036
-1244,-52,-1879,-1244.99902,-14.8847189,-1879.04407
-1239,-60,-2011,-1239.9989,-19.5788651,-2011.04407
-1242,-125,-1879,-1242.99902,-121.139168,-1879.04297
-2022,99,-1011,-2022.97437,113.273094,-1011.22443
-1925,211,-1260,-1925.97644,242.181915,-1260.21533
-1969,286,-1139,-1969.78833,287.826263,-1139.61523
-1973,360,-1147,-1973.83325,369.265015,-1147.55273
-2034,360,-1057,-2034.83337,369.248718,-1057.55261
-1925,360,-1260,-1925.92542,370.941376,-1260.37891
-1973,360,-1147,-1973.92542,370.938721,-1147.37866
-2032,480,-1060,-2032.83008,4577.86035,-1060.55762
-2034,360,-1057,-2034.79419,499.847992,-1057.60742
-1969,286,-1139,-1969.97839,290.566864,-1139.20654
-1969,286,-1139,-1969.88635,290.034515,-1139.46277
-1925,211,-1260,-1925.78821,250.215118,-1260.61523
-1841,207,-1365,-1841.55078,213.172546,-1365.83459
-1547,175,-1632,-1547.48022,181.454971,-1632.87708
-1335,157,-1800,-1335.48828,163.071609,-1800.87268
-1443,290,-1708,-1443.67969,296.560486,-1708.7334
-1332,406,-1779,-1332.65918,412.121582,-1779.75195
-1841,207,-1365,-1841.67981,213.303238,-1365.73328
-1547,175,-1632,-1547.42786,181.350403,-1632.90381
-1443,290,-1708,-1443.49512,297.155823,-1708.86877
-1344,278,-1795,-1344.75098,313.622345,-1795.66003
-1228,325,-1853,-1228.37793,329.740997,-1853.92578
-1335,157,-1800,-1335.50195,162.860794,-1800.86487
-1035,417,-2042,-1035.55432,417.701996,-2042.83228
-1130,390,-1931,-1130.55408,391.424561,-1931.8324
-1031,364,-1954,-1031.55371,368.529663,-1954.83264
-1228,325,-1853,-1228.49512,329.717896,-1853.86877
-1130,390,-1931,-1130.41333,391.304718,-1931.91052
-1233,387,-1862,-1233.26184,393.310608,-1862.96509
-1033,279,-1931,-1032.96179,282.269653,-1931.99927
-1740,55,-1447,-1740.8092,62.5827484,-1447.58752
-1660,44,-1553,-1660.44336,64.3572388,-1553.89612
-1539,38,-1612,-1539.75024,66.413063,-1612.66101
-1657,-78,-1548,-1657.46692,-74.1673889,-1548.88428
-1457,-84,-1722,-1457.62305,-80.9457092,-1722.7821
-1740,55,-1447,-1740.67871,62.4698029,-1447.73413
-1660,44,-1553,-1660.85498,67.9462051,-1553.51843
-1657,-78,-1548,-1657.5863,-74.5369415,-1548.81006
-1539,38,-1612,-1539.4668,67.0782089,-1612.88416
-1457,-84,-1722,-1457.58606,-80.9293365,-1722.81018
-1335,-87,-1814,-1335.63281,-83.8084793,-1814.77429
-1236,25,-1867,-1236.47949,3623.00049,-1867.87744
-1335,-87,-1814,-1335.71582,-83.6263123,-1814.69824
-802,-88,-1914,-801.84668,82.1038742,-1914.98816
-802,-88,-1914,-801.937561,-78.1664047,-1914.99805
-905,435,-2015,-904.59613,435.679901,-2015.91479
-772,448,-2000,-771.775574,448.814087,-2000.97449
-772,448,-2000,-772.411133,448.815643,-2000.9115
-907,367,-1931,-906.818542,370.759583,-1931.9834
-776,395,-1931,-775.955872,398.451324,-1931.99902
-776,395,-1931,-776.350098,398.420929,-1931.93665
-671,170,-1957,-670.882812,170.550659,-1957.99304
-662,155,-1929,-661.959961,159.112198,-1929.99915
-1033,279,-1931,-1033.29199,282.348633,-1931.9563
-907,367,-1931,-906.737183,369.561737,-1931.96484
-907,367,-1931,-907.042969,369.563812,-1931.9989
-909,474,-2115,-908.648804,474.479401,-2115.93628
-905,435,-2015,-904.755859,435.79776,-2015.96973
-776,395,-1931,-776.292969,398.863647,-1931.95605
-905,435,-2015,-904.802734,435.831848,-2015.98035
-667,454,-2029,-667.222656,455.173157,-2029.97473
-593,438,-2105,-593.910645,441.921692,-2105.41309
-524,-89,-1898,-524.042969,-66.0920486,-1898.99902
-524,-89,-1898,-523.736328,-67.4162216,-1898.9646
-213,-90,-1851,-212.961746,-76.1721802,-1851.99927
-366,-90,-1853,-365.959686,-76.1620102,-1853.99915
-789,147,-1930,-788.533203,192.252716,-1930.88428
-733,20,-1897,-732.53125,26.1709805,-1897.8833
-795,20,-1930,-794.533325,26.172514,-1930.8844
-662,155,-1929,-661.922852,158.583878,-1929.99695
-228,25,-1881,-228.042999,30.2828388,-1881.99902
-366,-90,-1853,-365.719055,-73.1981812,-1853.95972
-228,25,-1881,-227.958679,28.9504547,-1881.99915
-213,-90,-1851,-212.923523,-83.9996185,-1851.99707
-662,155,-1929,-662.185913,158.889252,-1929.98254
-597,11,-1899,-597.044128,46.2208099,-1899.99902
-593,130,-1935,-593.396057,133.558655,-1935.91821
-597,11,-1899,-597.390259,14.4600163,-1899.92065
-593,130,-1935,-593.131348,133.324387,-1935.99133
-593,130,-1935,-593.388916,133.653427,-1935.92126
-671,170,-1957,-671.24353,170.482452,-1957.96985
-605,167,-1968,-605.424011,168.067184,-1968.90564
-605,167,-1968,-605.349609,168.038498,-1968.93689
-539,152,-1978,-539.411377,153.288025,-1978.91138
-434,186,-2007,-434.097931,187.675674,-2007.99512
-372,16,-1873,-371.706024,22.028862,-1873.95581
-390,165,-1913,-389.726044,169.813599,-1913.96167
-390,165,-1913,-390.298981,168.345108,-1913.95422
-434,186,-2007,-433.03598,186.646088,-2007.26575
-461,157,-1931,-460.443085,163.123199,-1931.83057
-454,13,-1898,-453.550812,16.332695,-1898.89343
-521,125,-1964,-520.568481,128.817413,-1964.9021
-390,165,-1913,-389.706024,169.668213,-1913.95581
-294,196,-2003,-294.498779,197.032227,-2003.8667
-454,13,-1898,-453.740143,18.467762,-1898.96558
-256,121,-1940,-256.042267,122.592056,-1940.9989
-562,192,-2030,-562.658203,195.970734,-2030.75281
-562,192,-2030,-562.526428,195.889206,-2030.8501
-659,384,-1970,-659.818665,391.166321,-1970.5741
-516,340,-2213,-516.914551,348.492615,-2213.4043
-383,358,-2197,-382.860992,368.490814,-2197.99023
-667,454,-2029,-667.772888,455.633423,-2029.63452
-593,438,-2105,-593.844116,441.618042,-2105.53613
-581,328,-2065,-581.788513,331.161163,-2065.61499
-577,292,-2052,-577.78833,295.847168,-2052.61523
-515,308,-2206,-515.863892,308.594818,-2206.50366
-581,328,-2065,-581.925354,332.192657,-2065.37891
-516,340,-2213,-515.877258,344.734222,-2213.99243
-577,292,-2052,-577.700195,295.882721,-2052.71387
-364,320,-2144,-363.798523,321.247192,-2144.97949
-364,320,-2144,-363.525726,320.69693,-2144.88037
-478,195,-2104,-478.653534,198.1633,-2104.75684
-355,283,-2111,-354.867737,286.904633,-2111.99121
-490,269,-2128,-490.65271,271.905548,-2128.75757
-355,283,-2111,-354.853821,286.409637,-2111.98926
-345,198,-2087,-344.860596,201.896988,-2087.99023
-345,198,-2087,-344.860596,201.269485,-2087.99023
-520,438,-2233,-519.853821,443.132629,-2233.98926
-520,438,-2233,-520.87146,445.535706,-2233.49023
-593,438,-2105,-593.87146,445.533905,-2105.49023
-550,510,-2193,-550.872131,521.230286,-2193.48926
-550,510,-2193,-550.395508,511.077637,-2193.91846
-407,558,-2253,-406.797546,560.7995,-2253.97925
-390,443,-2207,-389.813354,453.28598,-2207.98242
-540,518,-2328,-540.994995,520.819031,-2328.09961
-407,558,-2253,-406.353546,559.340759,-2253.76294
-234,330,-2208,-234.145844,337.885803,-2208.98926
-339,755,-2433,-339.397766,756.385437,-2433.91748
-244,443,-2222,-244.09848,450.975189,-2222.99512
-390,443,-2207,-390.10672,450.981079,-2207.99414
-244,443,-2222,-244.164108,450.385712,-2222.98633
-107,295,-2223,-107.415321,300.783112,-2223.90967
-236,359,-2212,-236.10672,367.619568,-2212.99414
-236,359,-2212,-236.145584,366.059387,-2212.98926
-244,443,-2222,-244.107513,450.991272,-2222.99414
-236,359,-2212,-236.107285,365.958374,-2212.99414
-117,429,-2238,-117.170174,437.421204,-2238.98535
-234,330,-2208,-234.333786,330.555115,-2208.94263
-364,320,-2144,-364.163116,321.041473,-2144.98657
-107,295,-2223,-107.608215,300.640076,-2223.7937
-217,290,-2139,-217.185272,292.614868,-2139.98267
-217,290,-2139,-217.681625,292.56897,-2139.73169
-234,330,-2208,-234.561203,330.558167,-2208.82764
-355,283,-2111,-355.157074,286.272156,-2111.98755
-100,226,-2213,-100.691437,230.483505,-2213.72241
30,238,-2276,29.5809422,242.841003,-2276.90796
-202,223,-2116,-202.145782,225.710175,-2116.98926
-202,223,-2116,-202.710968,225.472946,-2116.70312
131,244,-2394,130.194641,244.779236,-2394.59277
-256,121,-1940,-256.784119,122.630989,-1940.62061
-197,200,-2108,-197.138672,202.939026,-2108.99023
-27,75,-2089,-27.4723244,77.3358231,-2089.88135
65,218,-2252,64.4259949,219.439178,-2252.81885
91,160,-2221,90.3029709,166.900543,-2221.71704
65,218,-2252,64.217041,219.407455,-2252.62207
-50,172,-2133,-50.5722351,174.011932,-2133.82007
-50,172,-2133,-50.5655212,173.953156,-2133.82471
-166,166,-2048,-166.71106,169.023636,-2048.70312
-166,166,-2048,-166.486588,168.938354,-2048.87354
-197,200,-2108,-197.711975,200.55896,-2108.70215
-197,200,-2108,-197.525024,200.513367,-2108.85107
-294,196,-2003,-294.538757,196.989929,-2003.84241
30,238,-2276,29.875246,238.71402,-2276.99219
-228,25,-1881,-228.806091,28.7716713,-1881.59167
-213,-90,-1851,-213.803879,-85.2029037,-1851.59473
-149,65,-2018,-149.826111,67.9317398,-2018.56348
-149,65,-2018,-149.440063,67.85849,-2018.89795
-130,-26,-1991,-130.803909,-21.96315,-1991.59473
-2,-18,-2056,-2.43502259,-14.966671,-2056.90039
186,209,-2394,185.287018,212.422882,-2394.70117
16,-118,-2028,15.6005344,-115.889992,-2028.91675
119,-111,-2193,118.171219,-110.128395,-2193.55957
-130,-26,-1991,-130.400146,-22.1420765,-1991.91638
16,-118,-2028,15.3911581,-115.893921,-2028.79321
-2,-18,-2056,-2.8406961,-14.6435928,-2056.5415
52,-235,-1984,51.7157173,-231.625534,-1984.95874
119,-111,-2193,118.0774,-110.024971,-2193.38574
2403,-89,-1614,2403.8186,-76.1110535,-1613.42578
844,707,572,843.461548,709.695923,571.157349
844,707,572,844.992371,707.7276,572.123047
844,707,572,844.307617,708.170776,572.951477
844,707,572,844.697021,707.900146,572.717041
844,707,572,844.501953,708.228088,572.864807
844,707,572,843.65918,708.005066,572.940125
306,558,971,306.486725,562.729736,971.873535
368,372,787,368.653717,375.397614,787.756714
306,558,971,306.526123,565.043152,971.850403
368,372,787,368.704254,374.874725,787.7099
445,556,892,445.928162,561.900085,892.37207
347,259,753,347.472351,264.385071,753.881348
430,420,868,429.911407,420.617279,868.995972
484,478,760,484.928192,483.539734,760.37207
368,372,787,368.389801,374.799316,787.920898
468,329,727,468.409607,331.468781,727.912231
347,259,753,347.663696,289.811554,753.747925
468,329,727,468.920288,333.437927,726.608765
389,257,497,389.996033,269.496918,496.911041
397,248,607,397.920624,255.30748,606.609558
397,248,607,397.999023,257.318115,606.956055
429,402,508,429.989868,410.739563,508.141846
413,400,617,413.880707,416.511505,616.526367
397,248,607,397.952545,259.24707,606.695618
844,707,572,844.969543,707.750061,572.244751
844,707,572,844.772705,708.402893,572.634705
150,282,809,149.797638,294.538544,809.979309
44,285,732,43.4027786,310.372345,732.802063
44,285,732,43.6307297,299.479645,732.929321
269,263,831,268.788696,277.407562,831.977417
44,285,732,43.4067993,308.518463,732.805054
-81,411,723,-81.3494568,414.651642,723.936951
-94,264,675,-94.4613647,271.074615,675.887207
154,428,850,153.747482,431.735199,850.96759
48,431,776,47.425766,435.635315,776.818665
48,431,776,47.6568222,434.682861,776.93927
277,368,865,276.779572,371.321808,865.975403
48,431,776,47.3988495,435.43576,776.799133
-96,460,816,-96.115654,460.514709,816.993286
154,428,850,153.24968,428.733337,850.661072
25,485,892,24.3849049,485.502777,892.788452
147,476,943,146.248886,476.735229,943.660156
25,485,892,24.503191,485.564392,892.867859
306,558,971,305.90033,564.661438,971.994995
918,248,110,917.851013,257.934601,110.988838
991,-111,-790,990.06311,-38.0656548,-789.650391
931,-78,-934,930.079285,-14.0471907,-933.609802
808,-20,-830,807.067993,15.85285,-829.637573
856,-64,-708,855.015503,-38.6999931,-707.824646
881,-74,-576,880.025146,-64.4645233,-575.777161
855,-30,-708,854.017456,4.58486509,-707.814026
669,-117,-1082,668.149902,-111.360542,-1081.47339
744,-42,-971,743.165527,44.815609,-970.448975
749,-155,-966,748.128113,-140.655212,-965.510315
744,-42,-971,743.088562,3.40873575,-970.588623
-349,73,-522,-349.854706,73.5899353,-521.480896
-975,160,651,-975.998901,161.024414,650.955078
-987,160,882,-987.998962,161.024597,881.955078
-975,160,651,-975.997009,161.037704,650.922852
-1374,360,685,-1374.34961,381.782471,685.93689
-1518,370,650,-1517.15002,430.248535,650.526794
-1989,62,-1135,-1989.96558,71.3122406,-1135.25964
-1765,128,251,-1765.44434,466.569092,251.895798
161,195,-157,160.782227,197.93399,-157.975998
367,195,-221,366.615692,197.94017,-221.923203
367,195,-221,366.422028,197.918427,-221.816055
513,195,-367,512.182312,197.932587,-367.575653
513,195,-367,512.072815,197.963318,-367.374603
578,195,-572,577.023193,197.875687,-572.21405
578,195,-572,577.021301,197.919098,-571.794739
516,195,-775,515.073792,197.902115,-774.623047
516,195,-775,515.165405,197.864334,-774.449158
371,195,-920,370.453247,197.927673,-919.16272
371,195,-920,370.609924,197.900925,-919.079224
169,195,-981,168.817886,197.911713,-980.016724
169,195,-981,169.14505,197.893723,-980.01062
-41,195,-923,-40.6187592,197.854507,-922.075562
-41,195,-923,-40.3948936,197.946075,-922.203857
-189,195,-780,-188.238739,197.919708,-779.351562
-189,195,-780,-188.071045,197.918716,-779.629822
-251,195,-576,-250.040955,197.467529,-575.716797
-251,195,-576,-250.04747,197.546158,-576.304443
-227,195,-475,-226.074051,198.03331,-475.377625
-129,195,-292,-128.172623,197.958023,-292.561646
-129,195,-292,-128.387024,197.942947,-292.7901
58,195,-182,58.3922348,197.973862,-182.919861
161,195,-157,161.234726,197.969299,-157.972061
161,341,-248,161.234787,342.65155,-248.972046
161,341,-248,160.780487,342.639252,-248.975601
321,341,-298,320.616608,342.659576,-298.923584
321,341,-298,320.422577,342.638153,-298.816437
434,341,-412,433.182587,342.616364,-412.57605
434,341,-412,433.076111,342.598938,-412.38266
467,341,-491,466.023956,342.609802,-491.217529
469,341,-653,468.018005,342.584839,-652.811096
437,341,-730,436.076996,342.608978,-729.615234
393,341,-797,392.163483,342.628174,-796.452087
393,341,-797,392.453522,342.635864,-796.162537
324,341,-842,323.610199,342.645355,-841.079102
166,341,-890,165.808258,342.639954,-889.018555
166,341,-890,166.138,342.614655,-889.009583
3,341,-845,3.38389969,342.651306,-844.07666
3,341,-845,3.61692953,342.649872,-844.213013
-112,341,-734,-111.242241,342.641327,-733.347473
-112,341,-734,-111.078651,342.633942,-733.611267
-168,341,-575,-167.018875,342.772125,-574.806641
-168,341,-575,-167.028046,342.809845,-575.235168
-142,341,-496,-141.074341,342.684357,-496.378357
-66,341,-353,-65.1832962,342.679413,-353.577057
-66,341,-353,-65.3879318,342.676819,-353.790802
80,341,-267,80.3809586,342.687714,-267.924591
-79,447,-575,-78.0426941,448.235687,-574.710938
-79,447,-575,-78.0517044,448.240448,-575.317383
-9,447,-408,-8.17556,448.363129,-408.565948
-9,447,-408,-8.38537407,448.363739,-408.788818
251,447,-355,250.725159,448.277618,-355.961487
160,447,-330,159.725266,448.279236,-330.961517
71,447,-356,71.2773972,448.283051,-356.960754
160,447,-330,160.273026,448.284607,-330.962006
329,447,-401,328.421967,448.311157,-401.81601
329,447,-401,328.173706,448.340149,-401.563232
70,538,-485,70.5401535,538.845642,-485.841553
157,538,-451,157.272949,538.790161,-451.962006
157,538,-451,156.725372,538.777405,-451.961548
240,538,-486,239.490448,538.770203,-486.860382
240,538,-486,239.138382,538.754761,-486.507538
280,538,-572,279.039429,538.770935,-572.278015
280,538,-572,279.034882,538.773315,-571.73822
241,538,-655,240.127319,538.738281,-654.511719
241,538,-655,240.500854,538.773621,-654.133484
157,538,-689,156.736954,538.776733,-688.035217
157,538,-689,157.218765,538.790344,-688.024231
74,538,-656,74.5341721,538.803772,-655.154663
74,538,-656,74.8177948,538.809021,-655.4245
35,538,-571,35.9656563,538.82782,-570.740234
35,538,-571,35.962677,538.819214,-571.270508
70,538,-485,70.8633957,538.863586,-485.504486
203,670,-617,202.61705,672.672974,-616.076233
111,670,-618,111.3629,672.699219,-617.068176
111,670,-618,111.908348,672.704773,-617.581787
109,670,-523,109.926628,672.604309,-523.375977
109,670,-523,109.367249,672.698364,-523.930115
203,670,-524,202.609482,672.690857,-524.920593
203,670,-524,202.095291,672.7005,-524.426025
203,670,-617,202.095184,672.614502,-616.574219
403,447,-571,402.027069,448.324646,-571.231079
403,447,-571,402.019867,448.303589,-570.801697
334,447,-739,333.163513,448.300293,-738.452026
334,447,-739,333.453247,448.285736,-738.16272
164,447,-809,163.813339,448.296539,-808.017578
164,447,-809,164.145309,448.334595,-808.01062
-4,447,-739,-3.37624049,448.341278,-738.218384
-4,447,-739,-3.2412374,448.331818,-738.348633
-251,346,-609,-251.613358,347.799713,-608.210205
-251,346,-609,-250.970779,372.536163,-608.000427
-268,408,-538,-268.712006,414.314972,-538.702148
-245,408,-589,-245.999069,412.763031,-589.042969
-245,408,-589,-245.726227,414.515198,-588.312561
-1907,200,182,-1907.92346,243.656174,182.383621
-2184,130,-576,-2184.95093,157.2948,-575.690613
-2100,44,-799,-2100.94019,543.233398,-799.340454
-2028,-3,-989,-2028.93726,659.339905,-989.348389
-2028,-3,-989,-2028.948,204.34819,-989.318176
-514,160,-249,-514.894836,182.912659,-248.553619
-567,160,-358,-567.888977,182.897278,-357.542053
-514,160,-249,-514.894836,182.912659,-248.553619
-277,332,-540,-276.957245,383.482056,-540.999084
-252,346,-540,-252.624359,347.702667,-540.781128
-234,356,-589,-234.999069,357.164093,-589.042969
-273,543,-617,-273.72699,691.291138,-616.313354
-268,572,-630,-268.713348,593.167114,-629.299194
-315,570,-631,-315.042267,1280.52612,-630.000916
-237,574,-551,-237.684631,595.633789,-551.728882
-236,573,-597,-236.999054,586.90686,-597.043457
-761,319,-677,-761.914612,322.310394,-676.595703
-866,319,-866,-866.809021,322.571442,-865.412231
-866,319,-866,-866.644592,322.51355,-865.235474
-1054,320,-971,-1054.34961,323.1828,-970.06311
-1054,320,-971,-1054.18567,323.201385,-970.017395
-1262,320,-973,-1261.84668,323.209534,-972.011841
-1262,320,-973,-1261.63574,323.144867,-972.068726
-1449,319,-872,-1448.42871,322.279327,-871.17926
-1449,319,-872,-1448.16541,322.279968,-871.449158
-1553,319,-679,-1552.08496,322.37674,-678.59668
-1553,319,-679,-1552.05347,322.268982,-678.677429
-1558,318,-469,-1557.03223,321.055817,-469.251465
-1558,318,-469,-1557.07898,321.174347,-469.389435
-1461,318,-271,-1460.14197,321.231293,-271.51358
-1157,318,-155,-1157.21289,321.293091,-155.977051
-952,318,-219,-952.394592,321.228882,-219.918854
-952,318,-219,-952.548767,321.247253,-219.835968
-801,318,-365,-801.816711,321.189606,-365.577026
-801,318,-365,-801.911682,321.202667,-365.410736
-733,318,-580,-733.994141,321.743744,-580.10791
-733,318,-580,-733.980347,321.889587,-579.802734
-836,457,-491,-836.911682,458.692474,-491.410858
-873,457,-408,-873.911926,458.692688,-408.410309
-923,457,-338,-923.816711,458.672119,-338.577026
-873,457,-408,-873.816895,458.671539,-408.576782
-923,457,-338,-923.547852,458.65451,-338.836548
-994,457,-292,-994.547852,458.656647,-292.836548
-994,457,-292,-994.394531,458.676697,-292.918823
-1073,457,-259,-1073.39478,458.677521,-259.918762
-1073,457,-259,-1073.21313,458.621857,-259.97702
-1157,457,-241,-1157.21289,458.620789,-241.977066
-1157,457,-241,-1156.88965,458.670441,-241.993881
-1243,457,-251,-1242.88965,458.672516,-251.993881
-1243,457,-251,-1242.57336,458.617706,-251.904419
-1321,457,-287,-1320.57336,458.617371,-287.904419
-1321,457,-287,-1320.49219,458.63205,-287.86145
-1398,457,-333,-1397.49231,458.632874,-333.861481
-1398,457,-333,-1397.14221,458.622253,-333.513977
-1442,457,-409,-1441.1333,458.620605,-409.49881
-1442,457,-409,-1441.07874,458.654785,-409.388885
-1476,457,-490,-1475.07874,458.653839,-490.388916
-1476,457,-490,-1475.03101,458.584595,-490.246948
-1497,457,-575,-1496.03027,458.582764,-575.24408
-1497,457,-575,-1496.04968,458.644989,-574.688721
-1471,457,-657,-1470.04883,458.642426,-656.691345
-1471,457,-657,-1470.08545,458.698425,-656.595581
-1436,457,-739,-1435.08459,458.700806,-738.597473
-1389,457,-811,-1388.16931,458.649841,-810.443298
-1436,457,-739,-1435.16736,458.651703,-738.446228
-1389,457,-811,-1388.44434,458.585663,-810.16864
-1320,457,-859,-1319.44434,458.587524,-858.16864
-1241,457,-891,-1240.62598,458.679138,-890.072632
-1320,457,-859,-1319.63574,458.680756,-858.068726
-1241,457,-891,-1240.84668,458.632416,-890.011841
-1157,457,-905,-1156.84668,458.634064,-904.011841
-1157,457,-905,-1157.2002,458.690735,-904.020264
-1075,457,-889,-1075.18652,458.688995,-888.017578
-1075,457,-889,-1075.35059,458.630249,-888.063477
-992,457,-858,-992.351562,458.63031,-857.063843
-922,457,-808,-922.586426,458.597961,-807.190002
-992,457,-858,-992.579102,458.597382,-857.184753
-922,457,-808,-922.849609,458.65979,-807.472595
-878,457,-738,-878.849609,458.660645,-737.472595
-878,457,-738,-878.915405,458.690918,-737.597473
-842,457,-656,-842.914673,458.692291,-655.595825
-842,457,-656,-842.936157,458.828339,-655.648438
-813,457,-578,-813.936157,458.829376,-577.648438
-813,457,-578,-813.969727,458.82785,-578.244141
-836,457,-491,-836.967651,458.825714,-491.252289
-943,569,-485,-943.95575,570.097839,-485.293945
-914,569,-576,-914.950928,570.09668,-576.309326
-991,570,-406,-991.859985,571.132324,-406.510315
-991,570,-406,-991.488281,571.205627,-406.872681
-1069,570,-362,-1069.48901,571.204468,-362.872253
-1069,570,-362,-1069.27661,571.21283,-362.960968
-1156,570,-337,-1156.27637,571.212341,-337.961029
-1156,570,-337,-1155.78516,571.065796,-337.976593
-1244,570,-357,-1243.78589,571.063477,-357.976807
-1244,570,-357,-1243.51025,571.127869,-357.871857
-1327,570,-403,-1326.50977,571.126038,-403.871582
-1327,570,-403,-1326.10205,571.094788,-403.440063
-1397,569,-574,-1396.04456,570.11969,-574.294983
-1370,569,-486,-1369.04456,570.120605,-486.295166
-1366,569,-661,-1365.0592,570.127136,-660.661072
-1397,569,-574,-1396.06311,570.126953,-573.650391
-1320,569,-741,-1319.13806,570.143005,-740.493042
-1366,569,-661,-1365.13513,570.142273,-660.498047
-1320,569,-741,-1319.49634,570.126282,-740.136108
-1244,569,-786,-1243.49609,570.124573,-785.136292
-1244,569,-786,-1243.75903,570.130127,-785.02948
-1157,569,-807,-1156.75879,570.128479,-806.029541
-1069,569,-785,-1069.24463,570.219604,-784.030396
-1157,569,-807,-1157.2439,570.22168,-806.030212
-1069,569,-785,-1069.58752,570.115601,-784.190796
-1072,653,-657,-1072.38867,653.672852,-656.078674
-1156,653,-692,-1156.38867,653.671509,-691.078674
-1032,653,-574,-1032.90491,653.723694,-573.574402
-1072,653,-657,-1072.90479,653.723328,-656.574219
-991,569,-739,-991.849121,570.177063,-738.471863
-1156,653,-692,-1156.24316,653.774475,-691.030029
-1156,653,-692,-1155.75879,653.752258,-691.029541
-1239,653,-658,-1238.50293,653.766052,-657.132324
-1239,653,-658,-1238.13513,653.768188,-657.498047
-1278,653,-574,-1277.0592,653.771057,-573.661072
-1278,653,-574,-1277.04456,653.749329,-574.295166
-1242,653,-486,-1241.10205,653.727417,-486.440063
-1242,653,-486,-1241.50977,653.705505,-486.871552
-1155,653,-453,-1154.78516,653.725098,-453.976593
-1155,653,-453,-1155.27771,653.757385,-453.960663
-1072,653,-488,-1072.48828,653.759216,-488.87265
-1072,653,-488,-1072.86853,653.757629,-488.495331
-1032,653,-574,-1032.95093,653.744324,-574.309265
-1032,653,-574,-1032.93127,653.751282,-573.635742
-1109,784,-526,-1109.91064,786.617554,-526.413086
-1109,784,-619,-1109.90479,786.707397,-618.574219
-1109,784,-619,-1109.38892,786.634827,-618.078735
-1201,784,-620,-1200.62109,786.67627,-619.074585
-1201,784,-620,-1200.09436,786.584473,-619.575989
-1203,784,-525,-1202.07422,786.560303,-525.377991
-1203,784,-525,-1202.64844,786.54834,-525.936157
-1109,784,-526,-1109.38892,786.618408,-526.921265
-914,569,-576,-914.940125,570.162415,-575.65918
-737,465,-612,-736.956055,509.88208,-611.000977
-734,465,-542,-733.412903,466.924164,-542.809509
-743,527,-561,-742.001892,532.318787,-561.061096
-745,527,-592,-744.002869,532.319763,-592.075195
-753,474,-561,-752.000977,475.240356,-561.042969
-721,527,-541,-720.320679,534.812805,-541.733826
-709,451,-543,-709.075317,578.020691,-543.997131
-755,474,-591,-754.353516,476.101685,-590.237122
-725,527,-614,-724.267578,535.2547,-613.319153
-173,-554,-1824,-173.776886,-543.25531,-1824.62964
213,-221,-2117,212.360535,28.5961418,-2117.7688
213,-221,-2117,212.081223,-201.333023,-2117.39478
-445,-80,-1007,-444.226013,101.084824,-1006.36682
-367,-80,-1104,-366.225708,101.23867,-1103.36719
-445,-170,-1007,-444.238739,-162.781387,-1006.35156
-445,-170,-1007,-444.153412,-162.769928,-1006.46777
-1158,0,-1320,-1158.40234,50.8131523,-1319.08459
-1028,-86,-1256,-1028.34082,-75.6646729,-1255.05994
-1158,-89,-1315,-1158.40247,-75.1415253,-1314.08459
-1028,-86,-1256,-1028.41125,-75.380394,-1255.0885
-1158,-89,-1315,-1157.58691,-74.8448792,-1314.08936
-1158,0,-1320,-1157.58765,50.8873367,-1319.08899
-1285,-72,-1258,-1284.60254,-52.0251923,-1257.0824
863,-156,-690,862.000854,-152.189682,-689.958679
749,-155,-966,748.074158,-45.7986031,-965.622131
-248,761,932,-248.061401,763.932922,932.998108
-248,761,932,-247.911346,763.937378,932.996033
-248,761,932,-248.322235,763.24823,932.946655
-248,761,932,-248.440063,762.723633,932.897949
-248,761,932,-248.50856,770.062988,932.861023
-651,835,912,-651.958801,836.43042,912.283997
844,707,572,844.223022,708.203369,572.974792
-339,755,-2433,-339.354462,756.40271,-2433.93506
-339,755,-2433,-339.912231,756.175781,-2433.40967
-110,329,-2227,-110.416267,336.019806,-2227.90918
-27,75,-2089,-27.8721294,77.3829346,-2089.48926
186,209,-2394,185.13739,215.861099,-2394.50586
-115,-127,-1969,-115.80246,-122.482124,-1969.59656
-117,429,-2238,-117.608543,436.953522,-2238.79346
-339,755,-2433,-339.209442,756.387634,-2433.97778
-407,558,-2253,-407.115204,560.427734,-2253.99316
-110,329,-2227,-110.749298,330.275543,-2227.66211
-115,-127,-1969,-115.283699,-123.504128,-1969.95886
-199,-200,-1831,-199.783661,-185.297684,-1831.62109
-783,1141,-795,-783.969482,1155.12512,-794.754883
-726,831,-1327,-725.088989,861.587708,-1327.41235
-598,881,-1596,-598.886536,889.907776,-1596.46265
-598,881,-1596,-598.95874,889.152161,-1596.28406
-509,738,-1828,-509.998993,756.555664,-1827.9552
-557,760,-1740,-557.886292,770.0224,-1740.46289
-567,844,-1686,-567.99939,1091.19751,-1685.96509
-783,1141,-795,-783.623047,1152.61096,-795.782043
-199,-200,-1831,-199.735367,-174.97345,-1830.32239
-1077,-180,-1777,-1077.98816,-139.673553,-1776.84668
2592,19,-1128,2592.33887,21.1817398,-1128.9408
2359,-147,-1472,2358.84741,-128.147903,-1472.98828
-1239,-60,-2011,-1239.99902,-19.8870602,-2010.95593
