1282,-736,6410,1281.1228,-720.115356,6410.47998
1329,-755,6493,1328.8833,-754.299683,6493.99316
1434,-796,6448,1433.83533,-794.365967,6448.98633
1434,-796,6448,1433.44824,-794.475586,6448.83398
1515,-811,6489,1514.4281,-809.146851,6489.82031
1515,-811,6489,1514.08459,-809.592407,6488.59766
926,-312,4290,926.849304,-311.099518,4289.47217
483,-372,4154,482.221741,-371.341431,4153.37207
1354,-898,6878,1353.66284,-897.275024,6877.05859
744,-87,5195,744.936096,-86.1249619,5195.35156
574,-279,5251,574.998962,-272.672577,5251.04492
483,-458,5632,483.999115,-454.870544,5632.04199
456,-614,5556,456.991882,-595.084106,5556.12695
445,-584,5656,445.990784,-563.937256,5656.13477
508,-511,5454,508.888947,-497.936676,5454.45801
648,-164,5207,648.950867,-162.253281,5207.30957
171,-634,5662,170.000931,-630.342529,5661.95703
1631,-865,7097,1631.99902,-862.936401,7096.95605
1265,-336,7061,1264.0437,-317.373932,7061.29199
1500,-853,6203,1499.77612,-846.888977,6202.02539
1282,-736,6410,1281.53589,-731.28009,6410.88574
1291,-700,6038,1291.78833,-694.013184,6037.38477
1641,-892,7166,1641.99902,-890.191895,7166.04102
1584,-1008,7880,1584.61328,-1005.0639,7880.78955
1302,-698,7606,1301.00293,-675.385742,7605.92383
1162,-304,7492,1161.35278,-298.227386,7492.76221
833,-485,5767,833.209656,-483.561218,5766.02246
763,-489,5753,763.185913,-487.351501,5752.01758
795,-578,5820,795.1521,-561.137695,5819.01172
708,-581,5805,708.11615,-570.343506,5804.00684
795,-578,5820,794.649414,-573.143127,5819.06348
1004,-585,5807,1004.80304,-580.797729,5806.4043
453,-321,4327,452.891907,-306.588806,4327.99414
416,-208,4355,415.955841,-203.930923,4355.99902
327,-314,4327,327.043243,-294.549438,4327.99902
146,-263,4318,145.308807,-259.068542,4318.72266
-361,-140,3739,-361.976624,-129.173599,3739.21484
-346,-140,3807,-346.976654,-129.164551,3807.2146
143,-215,4336,142.331985,-211.697495,4336.74414
959,-171,4344,959.867676,-141.371689,4343.50293
40,-135,3850,40.7613831,-125.016838,3849.35181
147,-19,3924,147.854385,-8.62446308,3923.48047
1037,-526,5770,1037.88428,-524.734009,5769.5332
459,-642,5754,459.350464,-613.432556,5753.06348
541,-581,5794,540.53125,-566.877136,5793.1167
677,-425,5685,676.265625,-423.238007,5684.32129
208,127,5378,207.287979,128.799789,5378.70215
-544,308,3624,-544.991089,312.466553,3624.13257
87,1,3842,87.7669983,4.37989855,3841.3584
528,-296,4391,527.023193,-287.166748,4390.78613
417,-140,4467,416.336365,-137.367142,4466.25195
295,-113,4473,294.4953,-112.509697,4472.13672
311,-214,4649,310.042999,-212.014496,4648.70996
256,-109,4582,255.012909,-106.406776,4582.16016
256,-109,4582,255.035934,-108.432434,4581.73438
302,-336,4816,301.13739,-329.847992,4815.49414
302,-336,4816,301.13739,-329.847992,4815.49414
287,-219,4736,286.21167,-217.12439,4735.38477
302,-336,4816,301.45343,-326.928406,4815.1626
193,-227,4859,192.476547,-221.153397,4858.14795
708,-319,4903,708.64502,-297.671021,4903.76416
217,-342,5030,216.001907,-283.974365,5029.93848
212,-229,4911,211.059875,-219.064514,4910.65918
1023,-448,6302,1023.27637,-426.737854,6302.96094
992,-668,6300,991.65918,-650.850647,6300.93994
532,-388,5597,532.829346,-386.900818,5596.44141
1272,-909,7052,1271.21863,-894.523865,7051.37598
1389,-851,6852,1388.08582,-831.979309,6851.59473
1389,-851,6852,1388.08875,-804.983215,6851.58838
1425,-840,6722,1424.00769,-830.691284,6721.87646
1493,-846,6591,1492.36328,-843.291626,6590.229
1493,-846,6591,1492.09521,-843.803711,6590.57422
1559,-867,6482,1558.06799,-863.242432,6481.6377
1453,-855,6417,1452.44238,-852.167542,6417.83008
1453,-855,6417,1452.91174,-852.197205,6417.99609
1056,-643,5878,1056.22168,-637.652283,5877.0249
459,-642,5754,459.987946,-631.194092,5753.84521
483,-458,5632,483.977905,-454.754059,5631.79102
208,127,5378,207.174545,129.995865,5378.56445
718,-6,4961,718.978638,-4.90537167,4960.79443
210,-426,5248,209.004883,-422.153503,5248.09863
579,-357,5094,579.982239,-351.809906,5094.1875
782,-51,5159,782.997986,-49.9442863,5159.0625
291,-534,5432,290.901306,-110.076637,5431.00488
2024,-861,6316,2024.86084,-858.768616,6315.49121
2244,-856,6649,2244.91675,-838.529968,6649.39941
2079,-853,6961,2079.08716,-848.293945,6961.99609
2079,-853,6961,2079.26929,-848.236633,6961.96289
1677,-852,7001,1677.15161,-836.476501,7001.98828
1742,-898,6156,1742.61426,-892.430603,6155.21094
1225,-917,7974,1224.12305,-906.302551,7973.51953
1436,-1047,8153,1436.90332,-1043.44153,8153.42871
1446,-897,8158,1446.89429,-882.069214,8158.44727
1405,-1055,8238,1405.87146,-1051.5072,8238.49023
1450,-902,8240,1450.55762,-897.093933,8240.83008
991,-773,8271,990.088867,-770.955505,8270.58789
1302,-698,7606,1301.00769,-674.888,7605.87646
1175,-436,7360,1174.00098,-431.685944,7360.04297
1257,-674,7483,1256.17932,-576.110229,7483.57129
1260,-952,7261,1259.04883,-949.069763,7260.69141
1604,-970,7675,1604.96997,-966.681946,7675.24316
1604,-970,7675,1604.89709,-966.585327,7675.44092
1625,-954,7540,1625.97852,-951.98761,7539.79395
1597,-979,7397,1597.99902,-977.029663,7396.95605
1597,-979,7397,1597.94116,-977.281006,7397.33789
1655,-918,7321,1655.92578,-916.058533,7320.62207
1584,-981,7743,1584.99792,-977.460815,7742.9375
1764,-547,7872,1764.92529,-545.560974,7872.37891
1253,-759,7371,1252.30273,-753.207092,7371.7168
1173,-528,7859,1172.10962,-524.55188,7858.54492
1173,-528,7859,1172.04858,-523.444885,7858.69238
1625,-954,7540,1625.90527,-952.109558,7539.5752
1631,-475,7367,1631.95776,-436.335449,7367.28711
1502,-1028,8018,1502.90381,-1024.66174,8018.42773
1558,-865,8060,1558.7041,-862.420471,8060.70996
1584,-1008,7880,1584.99927,-1006.31384,7880.03662
1584,-981,7743,1584.96948,-977.576538,7743.24463
1680,-688,7758,1680.97351,-685.555664,7758.22803
1502,-1028,8018,1502.90137,-1024.35278,8018.43262
1625,-954,7540,1625.92737,-952.156555,7539.62598
1614,-939,7474,1614.9646,-936.934387,7473.73633
1655,-918,7321,1655.95117,-916.202576,7321.30859
1632,-905,7244,1632.92773,-902.901062,7243.62695
1247,-796,6988,1246.00098,-792.132446,6987.95605
1265,-863,7055,1264.03296,-856.661438,7055.25439
1247,-800,7064,1246.07703,-797.21106,7064.38477
1280,-795,6918,1279.00098,-793.287537,6917.95605
1280,-795,6918,1279.08887,-793.937073,6917.58789
1247,-796,6988,1246.17859,-794.908386,6987.42969
1396,-821,6656,1395.06836,-814.403015,6656.36328
1444,-833,6639,1443.78931,-824.10199,6638.02246
1325,-783,6851,1324.1897,-780.761353,6850.41406
1357,-783,6819,1356.2832,-781.140137,6818.30273
1325,-783,6851,1324.28418,-781.140137,6850.30176
1375,-782,6779,1374.0885,-780.184265,6778.58887
1375,-782,6779,1374.00098,-780.809204,6778.95605
1405,-758,6543,1404.23096,-757.563782,6542.36084
1357,-783,6819,1356.06213,-781.424927,6818.65332
1375,-782,6779,1374.03491,-780.247559,6778.73828
1380,-784,6650,1379.04858,-781.167053,6650.30762
1405,-758,6543,1404.01746,-757.369812,6542.81445
1467,-794,6572,1466.21021,-792.3703,6571.38672
1467,-794,6572,1466.07874,-792.457336,6571.61133
1425,-840,6722,1424.06348,-832.256531,6722.35059
1396,-821,6656,1395.63672,-770.265808,6655.06836
1444,-833,6639,1443.25549,-829.326477,6638.33252
1380,-784,6650,1379.59229,-780.965027,6649.08691
1380,-784,6650,1379.26562,-782.830566,6649.32129
997,-748,6297,996.631653,-730.703369,6297.92969
1045,-697,6317,1044.66003,-680.43335,6317.94043
1082,-722,6342,1081.61023,-719.47644,6342.9209
1193,-581,6672,1192.14685,-578.967102,6672.52148
1157,-307,6955,1156.2832,-292.895905,6955.69727
1211,-580,6796,1210.005,-578.664368,6796.09961
1265,-336,7061,1264.00293,-329.421417,7061.07617
1226,-530,6422,1225.08484,-527.974243,6422.40283
1288,-561,6527,1287.03381,-556.499146,6526.74219
851,-354,6412,851.876343,-337.776001,6412.48145
851,-354,6412,851.222839,-351.70462,6412.97461
1238,-501,6542,1237.20789,-499.081879,6541.38965
1232,-495,6493,1231.00098,-493.850952,6493.04395
1226,-530,6422,1225.77612,-525.952271,6422.97461
1418,-859,6789,1417.0116,-845.421814,6788.84863
1631,-865,7097,1631.93616,-863.186462,7096.64844
1672,-753,7227,1672.99512,-749.362305,7227.09863
1621,-838,7027,1621.39746,-825.85083,7027.91748
1744,-806,7035,1743.74084,-804.127563,7035.96582
1937,-847,6999,1937.21814,-842.470093,6999.97559
1937,-847,6999,1937.17432,-842.834717,6999.98438
1389,-851,6852,1388.44458,-831.30719,6851.16846
1354,-898,6878,1353.09436,-896.97937,6877.57617
2001,-792,6986,2001.42468,-788.861755,6986.90527
2001,-792,6986,2001.06067,-788.602417,6986.99805
2155,-859,6935,2155.7627,-825.554871,6935.64648
2203,-895,6876,2203.99316,-894.661255,6875.8833
1744,-806,7035,1743.84119,-803.963379,7035.9873
1677,-852,7001,1677.41565,-844.687317,7001.90918
1631,-475,7367,1631.92456,-452.216217,7367.38086
1621,-838,7027,1621.97437,-833.718933,7026.77539
1295,-858,7022,1294.05835,-837.366028,7021.66357
1311,-852,6989,1310.01343,-812.241943,6989.16309
2244,-856,6649,2244.91479,-841.925842,6649.40381
2261,-862,6608,2261.63306,-856.88208,6607.22607
2067,-857,6381,2067.57251,-845.701233,6380.18018
1983,-292,6490,1983.90479,-288.299255,6489.57422
2066,-303,6580,2066.99316,-296.856384,6579.8833
1518,-728,6153,1517.63086,-726.275513,6152.0708
1556,-865,6193,1555.40833,-861.445251,6192.19385
1605,-876,6162,1604.5752,-873.298279,6161.09473
1675,-888,6136,1675.21423,-885.664429,6135.02344
878,-662,6211,877.110596,-661.475159,6210.54297
942,-662,6091,941.115662,-661.473022,6090.5332
938,-693,6209,937.111572,-692.272217,6208.54102
998,-695,6104,997.122498,-694.400208,6103.52051
1061,-695,5994,1060.13013,-694.399902,5993.50684
942,-662,6091,941.115662,-661.39624,6090.5332
1007,-662,5973,1006.11359,-661.39679,5972.53711
998,-727,6206,997.11261,-726.584045,6205.53906
941,-727,6314,940.111572,-726.58667,6313.54102
878,-662,6211,877.140869,-661.436768,6210.48828
938,-693,6209,937.138,-692.409363,6208.49316
885,-693,6295,884.135437,-692.411743,6294.49756
968,-695,6157,967.131226,-694.358948,6156.50488
998,-695,6104,997.12677,-694.358826,6103.5127
942,-662,6091,941.127319,-661.36792,6090.51172
878,-662,6211,877.09845,-661.496033,6210.56738
968,-695,6157,967.14679,-694.384521,6156.47852
878,-662,6211,877.107605,-661.414062,6210.54883
820,-662,6320,819.109558,-661.414368,6319.54492
1061,-695,5994,1060.14978,-694.454895,5993.47363
1091,-696,5948,1090.11365,-695.317444,5947.53711
1054,-662,5881,1053.11462,-661.533691,5880.53516
1007,-662,5973,1006.11462,-661.535767,5972.53516
1007,-662,5973,1006.12732,-661.485474,5972.51172
1433,-833,6180,1433.20593,-830.278809,6179.02148
1518,-728,6153,1518.2926,-726.609985,6152.04395
1379,-833,6146,1379.51172,-830.35321,6145.14111
1433,-833,6180,1433.52148,-830.354675,6179.14697
1518,-728,6153,1518.73242,-727.216125,6152.31934
1343,-807,6088,1343.63379,-805.728149,6087.22656
1281,-761,6043,1281.40271,-754.791443,6042.08496
1605,-876,6162,1604.58691,-873.185852,6161.08936
1254,-604,5976,1254.76819,-602.844666,5975.35986
1528,-664,6150,1527.81335,-611.070862,6149.01758
1533,-557,6165,1533.47949,-539.749023,6164.12256
1299,-620,6036,1298.95593,-617.98938,6035.00098
1121,-678,5900,1121.08777,-671.808838,5899.00391
1161,-561,5860,1160.93762,-559.090698,5859.00195
1005,-333,5713,1005.8833,-239.852325,5712.53125
1556,-865,6193,1555.50977,-852.332703,6192.12842
1500,-853,6203,1499.81335,-845.123352,6202.01758
1500,-853,6203,1500.22168,-847.666809,6202.0249
1429,-853,6186,1429.22351,-847.664062,6185.02539
1056,-643,5878,1056.69751,-637.268677,5877.28369
878,-580,5792,877.3927,-576.059631,5791.20557
708,-581,5805,708.678101,-576.014954,5804.26514
872,-610,6302,871.50293,-602.918518,6302.86768
916,-385,6337,916.059998,-382.464325,6337.99805
1019,-559,6341,1018.70367,-557.920471,6341.95508
918,-638,6323,918.258545,-593.811096,6323.96582
975,-564,6324,975.212769,-558.347229,6324.97705
930,-551,6348,930.388977,-548.155396,6348.9209
297,-582,6616,297.164154,-196.142166,6616.98633
58,-592,6011,57.0029068,-586.885132,6011.07617
61,-592,6052,60.0029068,-586.884644,6052.07617
433,-586,6642,432.716553,-453.477692,6642.95898
23,-593,6221,22.035656,-585.456848,6220.73535
45,-594,6077,44.0609398,-590.217163,6076.65625
696,-483,5716,696.697754,-481.10379,5715.28369
696,-483,5716,696.426575,-481.669342,5715.0957
965,-584,5730,965.884521,-581.339905,5729.53369
878,-580,5792,877.46405,-574.658386,5791.15576
641,-588,5744,641.639465,-584.32666,5743.23145
537,-465,5735,537.454041,-462.694305,5734.10938
1104,-490,5807,1104.87646,-489.206726,5806.51855
577,-404,5691,577.849121,-403.022858,5690.47217
825,183,5332,825.991333,185.882858,5332.13135
782,73,4975,782.262512,73.9019775,4975.96484
833,-485,5767,832.654663,-482.316772,5766.06152
768,-207,5655,768.322937,-203.525253,5654.05371
483,-458,5632,483.862579,-456.238831,5631.49414
457,-597,5555,457.806061,-517.997742,5555.5918
492,-533,5511,492.978912,-515.706055,5511.2041
492,-533,5511,492.789795,-509.188873,5511.61328
532,-388,5597,532.988159,-386.637115,5596.84668
508,-511,5454,508.970581,-499.495056,5454.24023
383,-613,5570,382.789276,-612.436279,5569.02246
310,-612,5584,309.771881,-611.536194,5583.02637
78,-640,5842,77.0009308,-637.59082,5841.95703
170,-641,5757,169.117203,-636.611633,5756.53027
138,-521,5766,137.587891,-519.585083,5765.08887
189,-568,5504,188.05336,-565.246643,5503.67773
138,-521,5766,137.06929,-515.944885,5765.63428
104,-461,5770,103.385689,-457.217987,5769.21094
138,-521,5766,137.026932,-517.170959,5765.76953
738,-466,6384,738.705078,-446.539886,6384.70898
851,-354,6412,850.649414,-343.453278,6412.93652
699,-588,6496,699.842163,-573.485596,6496.53906
699,-588,6496,699.708984,-573.327881,6496.70508
611,-589,6601,611.787415,-573.236755,6601.61621
611,-589,6601,611.495178,-569.657288,6601.86865
500,-587,6660,500.15036,-583.795349,6660.98828
500,-587,6660,500.060547,-583.781067,6660.99805
363,-585,6659,362.748199,-582.713501,6659.96777
363,-585,6659,362.841187,-582.715576,6659.9873
227,-586,6629,226.730118,-583.877991,6629.96289
227,-586,6629,226.559937,-583.456299,6629.89795
107,-585,6546,106.393929,-581.920044,6546.79541
107,-585,6546,106.169579,-581.452209,6546.55713
35,-592,6393,34.0823822,-584.372681,6393.39746
35,-592,6393,34.0078468,-584.972168,6393.125
23,-593,6221,22.005024,-589.430969,6220.8999
23,-593,6221,22.0119762,-589.047485,6220.8457
811,-580,6325,811.341797,-532.881714,6325.93945
930,-551,6348,929.481445,-545.453003,6348.85498
872,-610,6302,872.338989,-555.464539,6302.94043
72,-153,5956,71.0386734,-149.607269,5955.72461
57,-644,5987,56.0217705,-637.058716,5987.20752
726,-112,5264,726.37793,-110.694458,5263.07422
587,-367,5545,587.964417,-366.42392,5545.26367
554,-329,5006,554.789062,-323.681152,5006.61426
156,-421,5582,155.234604,-417.83493,5581.35645
167,-596,5601,166.002914,-593.619324,5600.92383
104,-461,5770,103.0019,-459.361847,5769.93848
156,-421,5582,155.034866,-413.465118,5581.73828
383,-613,5570,382.730133,-612.501648,5569.03711
226,-448,5353,225.079041,-443.212616,5352.61035
561,-381,5386,561.917542,-375.787201,5386.39746
208,-36,5483,207.476547,-17.2855644,5482.14795
99,-115,5606,98.2329636,-110.991203,5605.3584
56,-128,5661,55.060585,-125.301628,5661.34277
208,127,5378,207.002914,130.091156,5377.92383
240,-409,5139,239.039093,-400.485687,5138.72314
191,-300,5253,190.008926,-297.698486,5252.8667
129,-114,5037,128.172546,-107.250427,5037.56152
217,-342,5030,216.018311,-289.265259,5030.19043
173,-236,5018,172.046158,-233.106232,5018.30029
112,103,5267,111.016014,104.588806,5266.82178
212,-534,5438,211.901306,-110.716621,5437.00488
291,-534,5432,290.901306,-110.076637,5431.00488
291,-534,5432,290.923523,-83.889328,5431.00293
371,-534,5426,370.901306,-84.5379639,5425.00488
134,-506,5691,133.002914,-504.459595,5690.92383
112,-434,5641,111.0774,-334.412994,5641.38574
112,-434,5641,111.064575,-432.138855,5640.64648
560,-386,5165,560.999023,-381.022278,5165.04346
550,-422,5259,550.998962,-362.086456,5258.95508
560,-386,5165,560.982178,-380.416779,5165.1875
148,-237,5550,147.000931,-220.415726,5550.04297
101,-102,5550,100.006004,-99.349472,5549.89062
190,25,5134,189.000931,81.0026703,5133.95703
167,31,5052,166.034866,59.7530518,5052.26172
226,-448,5353,225.002991,-443.376556,5353.07715
210,-426,5248,209.023148,-422.295685,5247.78613
217,-256,5127,216.024994,-246.019852,5126.77783
217,-256,5127,216.000931,-239.602005,5127.04297
222,-330,5136,221.003021,-325.314362,5136.07764
218,-400,5029,217.01593,-391.717957,5029.17773
222,-330,5136,221.001907,-325.578705,5135.93848
191,-300,5253,190.084305,-292.052307,5252.59814
223,-351,5198,222.038956,-252.52861,5197.72363
561,-381,5386,561.988159,-379.000214,5385.84668
503,-412,5531,503.806061,-406.40271,5531.5918
503,-412,5531,503.997986,-408.880066,5531.0625
636,-182,5276,636.573242,-179.901749,5275.18066
636,-182,5276,636.915039,-179.969376,5275.59668
724,-168,5409,724.993103,-166.596909,5408.88281
574,-279,5251,574.946289,-273.48288,5250.67676
722,-33,5103,722.598816,-30.9476089,5102.19922
894,270,5012,894.475891,271.628113,5012.87939
1019,303,4841,1019.65161,310.918243,4841.7583
899,-276,4848,899.298645,-271.045105,4848.9541
592,-326,4952,592.13147,-307.225403,4952.99121
722,-33,5103,722.999023,-32.3381538,5102.95605
662,-323,4942,662.115479,-300.892273,4942.99316
592,-326,4952,592.818604,-320.092377,4952.57422
193,-227,4859,192.056061,-221.445221,4859.33008
256,-109,4582,255.537704,-104.520622,4581.11328
326,-143,4555,325.28653,-140.53566,4554.29932
344,-373,4587,343.526642,-372.423737,4586.11914
957,-314,4345,957.988159,-313.47821,4344.84668
1105,-122,4612,1105.99902,-108.097321,4611.95605
1096,-243,4611,1096.99915,-240.283737,4611.04102
315,-349,4229,314.360809,-348.525665,4228.23096
699,-161,4164,698.688354,-120.623772,4163.0498
701,-165,4212,701.554688,-130.057892,4211.16797
699,-161,4164,699.998047,-154.189056,4163.93799
899,-276,4848,899.186462,-270.855225,4848.98242
1098,-244,4552,1098.98218,-241.716309,4551.8125
695,-306,4213,695.551025,475.497681,4212.16553
817,-317,4293,816.955872,-248.725891,4292.00098
1023,303,4923,1023.63373,305.065735,4923.77344
110,-141,3936,110.362427,-130.237244,3935.06812
231,-184,3991,231.499054,-179.310364,3990.13354
609,-310,4190,609.45752,-258.627869,4189.11084
677,-309,4175,676.771912,-297.649109,4174.02637
554,-312,4161,554.77179,-260.849182,4160.36426
538,-312,4141,538.768188,-260.836182,4140.35986
483,-372,4154,482.218597,-371.359528,4153.37598
554,-312,4161,554.463135,-230.269562,4160.11377
481,-289,4154,480.767761,-113.262077,4153.02734
147,-19,3924,147.359756,-14.0395222,3923.06714
171,112,3936,171.928162,119.250008,3935.62793
-3,-130,3751,-2.0966742,-127.820259,3750.57104
-163,-112,3590,-162.187546,-97.3297882,3589.41699
-84,587,3279,-83.6119385,733.89386,3279.92163
-9,560,3545,-8.64874363,563.704651,3544.06372
-99,-115,3682,-98.4644241,-112.604149,3681.15552
171,112,3936,171.790985,122.51844,3935.38818
140,306,3679,140.333603,309.910278,3678.05737
-30,155,3659,-29.1882362,158.681213,3658.41602
87,1,3842,87.7661514,4.3938756,3841.35742
-163,-112,3590,-162.234604,-105.624725,3589.35645
-99,-115,3682,-98.2281036,-99.2042999,3681.36426
40,-135,3850,40.7613831,-125.016838,3849.35181
110,-141,3936,110.770233,-132.122803,3935.3623
188,45,4844,187.13739,55.9761162,4843.49414
369,-330,4655,368.026947,-317.736084,4654.76953
473,-308,4501,472.28894,-303.186951,4500.29688
528,-296,4391,527.084534,-292.762848,4390.59766
473,-308,4501,472.158386,-305.623199,4500.45996
380,-122,4394,379.262909,-120.453529,4394.67578
380,-122,4394,380.24762,-120.460327,4394.96875
319,-126,4407,319.085846,-124.646233,4407.99609
202,-189,4372,201.528458,-183.028671,4372.88184
240,242,4202,239.052032,292.470337,4202.31836
417,-133,4423,416.004883,-131.582581,4422.90137
277,236,4314,276.003876,645.151062,4313.91211
188,45,4844,187.026932,59.1089172,4843.76953
56,-209,4248,55.1864853,-204.052399,4248.58154
150,276,4137,149.390747,313.38092,4137.79297
-95,-143,4160,-95.8143768,-141.496201,4160.58008
24,321,4104,23.9558182,330.414825,4104.99902
24,321,4104,23.7165413,334.074127,4104.95898
-452,282,3842,-452.953461,286.193756,3842.30151
24,321,4104,23.7132587,334.086609,4104.95801
146,-263,4318,145.419098,-259.365784,4318.81396
191,-112,4368,190.359634,-92.7696228,4368.76807
56,-209,4248,55.4163589,-205.370438,4248.81201
47,-153,4271,46.6056175,-150.789261,4271.91895
47,-153,4271,46.0574226,-149.532196,4271.33398
143,-215,4336,142.617203,-212.449173,4336.92383
84,-241,4300,83.5376968,-239.229858,4300.88672
56,-209,4248,55.0469284,-205.737701,4248.30273
-6,-192,4230,-6.4328804,-190.308609,4230.90137
287,-219,4736,286.127319,-216.726852,4735.51172
-143,118,4174,-143.776642,121.398392,4174.62988
-95,-143,4160,-95.9217453,-141.178329,4160.3877
-305,269,3988,-305.903809,270.906128,3988.42773
-426,277,3919,-426.514587,280.042816,3919.85742
-407,154,3883,-407.432861,159.852188,3883.90137
-346,-140,3807,-346.645508,-135.730103,3807.76367
-194,3,4056,-194.772705,18.1657906,4056.63452
-274,4,3944,-274.820038,6.6872797,3944.57202
-388,12,3864,-388.608246,14.0972862,3864.7937
224,-344,4913,223.001907,-284.275574,4912.93848
224,-344,4913,223.008865,-291.606628,4913.13281
173,-236,5018,172.000992,-233.787689,5017.95557
212,-229,4911,211.008865,-219.503311,4911.13281
259,36,4656,258.013,41.0884476,4655.83936
259,36,4656,258.095428,40.8549156,4656.42627
255,54,4459,254.484573,65.9845276,4458.14307
349,-343,4739,348.017944,-337.726471,4738.81152
369,-330,4655,368.081757,-317.374176,4655.396
416,-309,4560,415.688354,-297.218323,4559.0498
311,-214,4649,310.039093,-211.885101,4649.27686
473,-308,4501,472.36142,-304.598663,4500.23047
327,-314,4327,326.955841,-304.049805,4327.99902
345,-202,4349,344.891907,-196.604126,4349.99414
380,-122,4394,379.867737,-120.053406,4394.99121
345,-202,4349,345.08725,-197.481613,4349.99609
202,-189,4372,202.115265,-185.213837,4372.99316
146,-263,4318,145.390747,-257.747894,4318.79297
-6,-192,4230,-6.82129002,-189.868286,4230.57031
-346,-140,3807,-346.953613,-135.57634,3807.30103
-194,3,4056,-194.92215,5.81831026,4056.38672
-234,263,4130,-234.947311,264.985046,4130.32031
-305,269,3988,-305.820404,271.516174,3988.57178
-305,269,3988,-305.461212,271.481964,3988.88721
-452,282,3842,-452.956787,286.346191,3842.29077
-274,4,3944,-274.662659,6.5719409,3944.74878
-274,4,3944,-274.820038,6.6872797,3944.57202
-361,-140,3739,-361.689148,-132.898071,3739.72461
-515,287,3784,-515.699463,290.38443,3784.7146
-411,13,3796,-411.947357,15.7784405,3796.32007
-411,13,3796,-411.677887,14.9484606,3796.73511
-407,154,3883,-407.958466,160.268188,3883.28491
-429,153,3811,-429.68277,159.889832,3811.73047
-414,-141,3689,-414.655579,-126.322922,3689.75488
-470,15,3746,-470.66275,16.9712601,3746.74878
-411,13,3796,-411.976624,15.5492659,3796.21484
-452,282,3842,-452.681946,285.408813,3842.7312
191,-112,4368,190.06929,-103.3153,4368.36572
211,-113,4417,211.040878,-111.267021,4417.99902
-588,329,3468,-588.974426,332.092651,3468.22461
-414,-141,3689,-414.976837,12.8605938,3689.21387
-544,308,3624,-544.997009,311.517242,3624.0769
1044,-751,6314,1043.75208,-734.458618,6314.96875
1247,-796,6988,1246.33154,-794.89386,6987.25635
2024,-861,6316,2024.73438,-856.940857,6315.32129
2024,-861,6316,2024.57324,-858.748169,6315.18066
2157,-868,6445,2157.73242,-866.452881,6444.31934
2157,-868,6445,2157.61401,-865.875977,6444.21094
2212,-865,6548,2212.8833,-860.887634,6547.53125
2261,-862,6608,2261.78833,-858.978333,6607.38477
2133,-612,6889,2133.99976,-475.862396,6889.00977
1276,-546,7208,1275.02905,-523.090637,7207.76074
1007,-662,5973,1006.13513,-661.318542,5972.49805
1061,-695,5994,1060.14172,-694.537415,5993.48682
1054,-662,5881,1053.11157,-661.523193,5880.54102
1373,-1066,8288,1373.94043,-1063.14758,8288.33984
1312,-1086,8441,1312.9209,-1084.13599,8441.38965
1369,-916,8292,1369.96948,-907.387817,8292.24512
1552,-1013,7903,1552.92261,-1007.15491,7903.38525
1638,-709,7903,1638.95398,-703.143982,7903.2998
1621,-858,7880,1621.99902,-854.08136,7879.95605
1600,-861,7918,1600.95386,-856.71991,7918.2998
1638,-709,7903,1638.87634,-702.550781,7903.48145
1621,-858,7880,1621.86768,-853.65625,7880.49707
1564,-707,7954,1564.57239,-690.471069,7954.81982
1622,-833,7740,1622.99902,-829.366333,7739.95605
1680,-688,7758,1680.99207,-685.62561,7758.12402
1659,-719,7831,1659.99902,-715.691284,7830.95605
1583,-935,7914,1583.93457,-932.490295,7914.35547
1583,-935,7914,1583.61011,-932.05835,7914.79199
1621,-858,7880,1621.86755,-852.711121,7880.49707
1558,-865,8060,1558.93652,-862.321777,8060.35059
1649,-804,7540,1649.86853,-795.966858,7539.50488
1641,-823,7673,1641.84412,-818.267883,7673.53613
1622,-833,7740,1622.96448,-828.867432,7740.26367
1649,-804,7540,1649.99915,-800.453491,7540.04102
1644,-831,7473,1644.99109,-827.236694,7473.13281
1644,-831,7473,1644.94885,-828.768555,7473.31543
1649,-804,7540,1649.97839,-797.707153,7539.79346
1641,-823,7673,1641.97046,-819.140198,7673.24121
1684,-815,7606,1684.93652,-810.642883,7605.64941
1680,-688,7758,1680.86084,-686.360718,7758.50879
1684,-815,7606,1684.83826,-810.804504,7606.54492
1783,-455,7234,1783.35449,-451.754333,7234.93506
1648,-687,7046,1648.69714,-682.134644,7046.7168
1639,-706,7098,1639.98718,-686.364502,7097.84082
1639,-706,7098,1639.98816,-683.499878,7097.84668
1728,-433,7116,1728.62854,-430.426086,7116.77734
1672,-753,7227,1672.94153,-749.419861,7226.66309
1688,-745,7169,1688.96936,-741.966797,7169.24512
1639,-706,7098,1639.76855,-701.606873,7097.36035
1648,-687,7046,1648.995,-681.811096,7046.09961
1680,-689,7013,1679.77612,-674.753296,7013.97461
1731,-541,7055,1731.42456,-539.87146,7055.90527
1731,-541,7055,1731.75195,-538.487732,7055.65918
1680,-689,7013,1680.39746,-676.138184,7013.91748
1753,-619,6973,1752.95508,-603.619141,6973.99854
1783,-599,6977,1782.95593,-592.740356,6977.99902
1615,-940,7166,1615.96118,-937.959229,7165.72412
1595,-940,7096,1595.96265,-937.958679,7095.72949
1615,-940,7166,1615.99902,-938.030334,7166.04248
1632,-905,7244,1632.99915,-903.133362,7244.04004
1631,-865,7097,1631.95874,-863.036194,7096.71582
1625,-931,7397,1625.99609,-929.359009,7397.08789
1614,-939,7474,1614.99902,-936.725098,7474.0415
1625,-931,7397,1625.94043,-929.304077,7397.33984
1646,-965,7606,1646.86072,-962.600647,7606.50879
1625,-954,7540,1625.92969,-951.889038,7539.63184
1622,-1013,7606,1622.92944,-1010.8158,7606.36865
1446,-897,8158,1446.99805,-892.647339,8157.93799
1436,-1047,8153,1436.96069,-1043.29944,8153.27734
1450,-902,8240,1450.91504,-898.718994,8240.40332
1418,-1051,8210,1418.92932,-1048.45093,8210.36914
1418,-1051,8210,1418.91504,-1048.17664,8210.40332
1734,-856,7007,1733.56445,-851.202271,7007.8999
1787,-752,7036,1787.29785,-748.635925,7036.95459
1842,-771,7026,1842.15161,-760.466919,7026.98828
1932,-738,7002,1932.39062,-731.982483,7002.92041
1805,-708,7021,1804.95593,-700.389343,7021.99902
1794,-855,7022,1793.75586,-561.095947,7022.96973
1677,-852,7001,1676.8678,-847.929626,7001.99121
1815,-748,7033,1815.15222,-745.365967,7033.98828
1869,-793,7019,1869.39136,-790.306946,7019.91992
1838,-823,7021,1838.32031,-821.037598,7021.94727
1815,-748,7033,1814.93762,-745.14093,7033.99805
1842,-771,7026,1841.75586,-758.5271,7026.96973
1932,-738,7002,1931.95593,-732.877197,7002.99902
1967,-765,6997,1967.25098,-750.752686,6997.96777
1869,-793,7019,1869.03528,-790.358337,7019.99902
2251,-820,6741,2251.99902,-809.579956,6740.95605
2249,-843,6742,2249.98926,-839.994446,6742.14502
2249,-843,6742,2249.99902,-834.485413,6741.95605
2251,-779,6771,2251.61353,-777.159668,6771.78955
2227,-805,6771,2227.76367,-781.580505,6771.64551
2251,-779,6771,2251.9043,-777.879944,6771.42676
2222,-783,6826,2222.98438,-778.331909,6826.17578
2071,-790,6357,2071.54395,-787.043945,6356.16113
2174,-784,6471,2174.9873,-777.122986,6470.84131
1936,-861,6262,1935.8606,-857.242981,6261.00977
2071,-790,6357,2071.76855,-786.316467,6356.36035
1936,-861,6262,1936.2627,-844.700928,6261.03516
1742,-838,6157,1742.48877,-831.91626,6156.12793
1679,-831,6111,1679.20593,-828.759277,6110.02148
1909,-325,6357,1909.81384,-322.375336,6356.41895
1983,-292,6490,1983.71289,-283.96344,6489.29883
2047,-299,6628,2047.91968,-196.610397,6628.39258
2042,-444,6579,2042.15125,-437.338226,6578.01172
1983,-292,6490,1983.63391,-287.477417,6489.22705
1668,-540,6182,1668.92773,-528.922791,6181.62695
1533,-604,6168,1532.90137,-601.183105,6167.00488
1533,-557,6165,1532.92358,-541.826111,6164.00293
1452,-573,6121,1451.8606,-570.525208,6120.00977
1830,-840,6208,1830.20093,-772.598633,6207.02051
1510,-793,6195,1509.79395,-781.904846,6194.02148
1569,-808,6181,1568.23547,-803.588379,6180.35547
1609,-820,6139,1608.58362,-817.266663,6138.09082
1518,-728,6153,1517.1803,-726.614746,6152.42725
1609,-820,6139,1608.56494,-817.168762,6138.09961
1510,-793,6195,1510.25488,-787.213501,6194.0332
1448,-774,6163,1448.61926,-771.611938,6162.21484
1417,-760,6102,1417.61426,-758.641907,6101.21094
1569,-808,6181,1568.44751,-789.244507,6180.1665
1510,-793,6195,1509.73022,-786.1698,6194.03711
1448,-774,6163,1448.36328,-771.27179,6162.06836
1417,-760,6102,1417.80884,-758.607239,6101.41211
1376,-732,6055,1376.55762,-730.54718,6054.16992
1388,-815,6135,1388.52185,-813.561279,6134.14697
1351,-788,6080,1351.65186,-786.253967,6079.2417
1291,-700,6038,1291.15234,-690.26532,6037.01172
1202,-714,5914,1202.84412,-708.808716,5913.46387
1211,-657,5908,1211.88428,-651.938538,5907.5332
1129,-618,5892,1129.11621,-611.400452,5891.00684
1061,-585,5867,1061.25439,-580.420959,5866.0332
1004,-585,5807,1004.71674,-580.042175,5806.30273
1061,-585,5867,1061.71484,-580.044739,5866.30078
1004,-585,5807,1004.70013,-580.96051,5806.28613
1129,-618,5892,1129.23877,-611.28418,5891.0293
1054,-662,5881,1054.24011,-656.252014,5880.0293
1211,-657,5908,1211.10718,-649.5578,5907.00586
1119,-698,5903,1119.08691,-690.395081,5902.00391
1242,-682,5980,1242.86365,-660.317383,5979.49609
1239,-757,5980,1239.81592,-751.162354,5979.42188
1376,-732,6055,1376.25879,-730.063049,6054.03418
1278,-781,6045,1278.36267,-779.021606,6044.06836
1242,-682,5980,1242.75195,-659.675903,5979.34082
1452,-573,6121,1452.41211,-569.672791,6120.08887
1394,-592,6100,1394.91504,-588.178406,6099.59668
1394,-592,6100,1394.4248,-588.673889,6099.09473
1528,-664,6150,1528.12378,-650.040833,6149.00781
1216,-578,5910,1216.77698,-575.878357,5909.37061
1161,-561,5860,1161.58679,-558.964172,5859.19043
1299,-620,6036,1299.65186,-618.355164,6035.2417
1254,-604,5976,1254.67798,-602.73877,5975.26514
1039,-52,5677,1038.50977,-49.7760124,5676.12842
1376,-182,6206,1375.84741,-149.621155,6205.01172
1376,-182,6206,1376.56946,-163.983612,6205.17822
1143,-51,5713,1143.99304,-42.3128662,5713.11719
1125,-276,5715,1125.9989,-275.369232,5714.95508
1054,-324,5775,1054.78943,-314.726044,5774.38623
1104,-292,5794,1104.37292,-264.191925,5793.07227
1083,-517,5833,1083.84473,-515.832397,5832.46484
1083,-517,5833,1083.02368,-515.164062,5832.00049
1104,-490,5807,1103.83533,-488.889984,5806.01367
1107,-449,5801,1107.65833,-436.331238,5800.24756
1107,-449,5801,1107.55383,-443.270233,5800.16748
1107,-449,5801,1107.54016,-442.258484,5800.15869
1083,-517,5833,1083.71631,-515.194092,5832.30225
1083,-517,5833,1083.09802,-514.985229,5832.00488
1376,-182,6206,1376.85205,-178.901474,6205.47656
1143,-192,5697,1143.97437,-186.183014,5697.22461
1071,-175,5728,1070.5752,-166.09549,5727.09473
1039,-52,5677,1039.09863,-49.3199959,5676.00488
986,-179,5720,986.354919,-175.871277,5719.06543
1125,-276,5715,1125.90222,-275.397614,5714.56885
750,-370,5673,750.425781,-368.02356,5672.09521
910,-470,5758,909.923523,-466.8685,5757.00293
910,-470,5758,909.400452,-458.264435,5757.19971
861,-316,5719,860.847412,-314.994568,5718.01172
861,-316,5719,861.716797,-314.769531,5718.30273
1054,-324,5775,1054.28284,-310.958008,5774.04102
992,-475,5691,992.707642,-472.774933,5690.29346
910,-470,5758,909.345886,-461.527588,5757.24365
798,-388,5746,798.424438,-383.170166,5745.09473
750,-370,5673,750.788269,-366.620972,5672.38477
905,48,5616,905.129272,50.7049255,5615.00879
841,-200,5670,841.21405,-193.110733,5669.02344
632,-214,5581,632.678589,-210.774475,5580.26562
724,-168,5409,724.788208,-165.34491,5409.61523
620,-314,5460,620.980347,-312.622833,5459.80273
563,-399,5458,563.777039,-393.029449,5458.62939
620,-314,5460,620.999023,-312.552124,5459.95605
587,-367,5545,587.905029,-366.454834,5545.42529
706,-371,5683,706.501953,-367.859589,5682.13525
750,-370,5673,749.78479,-366.35022,5672.02344
630,-381,5645,629.688354,-380.269318,5644.0498
667,-462,5729,666.533997,-390.90509,5728.11523
667,-462,5729,666.574219,-411.462677,5728.09521
577,-404,5691,576.955872,-402.646027,5690.00098
667,-462,5729,666.937561,-460.186829,5728.00195
577,-404,5691,576.706848,-403.034119,5690.04395
563,-399,5458,563.995117,-396.95929,5458.09863
706,-371,5683,706.4599,-367.406494,5682.1123
768,-207,5655,767.771912,-195.458252,5654.02637
856,127,5523,856.964478,129.15239,5523.26367
817,-13,5432,817.997131,-11.4325037,5431.92432
467,-581,5754,467.370087,-559.199524,5753.07129
467,-581,5754,467.974854,-573.545776,5753.77734
445,-584,5656,445.991852,-558.461914,5656.12695
445,-584,5656,445.987946,-549.632568,5655.84521
443,-643,5654,443.987854,-623.437195,5653.84473
459,-545,5553,459.991882,-514.462402,5553.12695
459,-545,5553,459.805969,-427.148468,5553.5918
592,-296,5314,592.570496,-286.177032,5313.17871
769,-157,5319,769.92041,-155.662125,5319.39062
817,-13,5432,817.734375,-11.3172626,5432.67871
880,135,5432,880.742371,138.338226,5432.66992
823,166,5109,823.791321,169.691498,5108.38867
722,-33,5103,722.60199,-31.059906,5102.20166
550,-422,5259,550.946289,-385.10672,5258.67676
617,-329,5336,617.997009,-326.531647,5336.07715
570,-441,5317,570.9646,-429.457092,5317.26367
556,-466,5359,556.909607,-456.421661,5359.41504
677,-205,5320,677.40332,-201.591873,5319.08496
617,-329,5336,617.780579,-325.164001,5336.625
592,-296,5314,592.929321,-289.253937,5313.63086
849,-16,5394,849.757812,-3.88006568,5393.34766
849,-16,5394,849.920532,-14.6373901,5394.39062
726,-112,5264,726.4776,-110.822716,5263.12158
570,-441,5317,570.995056,-437.926941,5316.90088
664,-170,5143,664.945862,-167.932449,5143.32422
606,-260,5170,606.9552,-257.012939,5170.2959
619,-106,5069,619.767761,-100.737518,5068.35938
554,-329,5006,554.936096,-323.647583,5005.64844
565,-426,5096,565.978333,-425.14093,5095.79297
606,-260,5170,606.992065,-257.397369,5170.12451
565,-426,5096,565.974548,-425.16275,5095.77588
554,-329,5006,554.936096,-323.857605,5005.64844
648,-164,5207,648.9646,-162.17038,5207.26367
726,-112,5264,726.986328,-111.219749,5263.83545
825,183,5332,825.757446,192.2435,5331.34717
648,-164,5207,648.999268,-162.545242,5207.03613
744,-87,5195,744.978333,-86.0913086,5194.79297
814,190,5275,814.772644,192.688873,5275.63477
654,-78,4985,654.958679,-74.9853363,4985.28418
718,-6,4961,718.586304,-2.28140807,4961.81006
782,73,4975,782.914551,74.2752991,4975.4043
747,-1,4904,747.520447,14.0833158,4904.85352
1019,303,4841,1019.63373,311.474243,4841.77344
1048,24,4773,1048.84961,328.551392,4773.52734
1070,-208,4670,1070.90381,-186.406845,4670.42773
1068,290,4670,1068.92737,301.143433,4670.37402
1023,303,4923,1023.9989,305.256805,4922.95508
1019,303,4841,1019.99896,305.257111,4840.95508
1096,-243,4611,1096.99902,-240.091049,4610.95605
1072,-234,4731,1072.87646,-203.661942,4731.48145
970,-230,4820,970.463867,-41.8311272,4820.88574
662,-323,4942,662.57312,-313.053253,4942.81934
1096,270,4796,1096.99695,274.99411,4795.92285
1068,290,4670,1068.88403,294.831909,4669.53271
1084,7,4672,1084.88318,22.2080441,4672.46875
1084,7,4672,1084.99805,23.1497459,4671.93799
1019,303,4841,1019.43042,309.160828,4841.90234
1103,281,4741,1103.99707,284.54776,4741.07617
1110,286,4562,1110.61328,296.659088,4562.78955
1077,-247,4482,1077.69666,-245.306152,4481.28271
1076,-188,4472,1076.65833,-179.028503,4471.24756
1080,-29,4469,1080.46753,-16.7690849,4468.11621
957,-236,4345,957.618225,-228.827591,4344.21436
955,44,4343,955.79248,52.8668518,4342.39014
1149,156,4514,1149.42456,173.922729,4513.09473
1047,301,4489,1047.17957,324.189972,4488.0166
1077,-247,4482,1077.69678,-245.369873,4481.28271
1076,-188,4472,1076.87671,-185.278778,4471.51904
1009,-244,4389,1009.89093,-237.244171,4388.5459
1036,-252,4446,1036.9176,-246.740753,4445.60254
1036,-252,4446,1036.88318,-247.206726,4445.53125
1047,-281,4481,1047.88354,-276.430145,4480.53174
1096,-243,4611,1096.99805,-240.035217,4611.06152
1082,-288,4571,1082.98816,-286.03479,4570.84668
1154,290,4509,1154.76904,504.834595,4509.63916
1149,156,4514,1149.87305,160.252502,4514.4873
1099,-185,4544,1099.99902,-103.38298,4544.04297
959,-171,4344,959.785217,-143.495621,4343.38086
934,-105,4297,934.860779,-67.6539383,4296.49121
995,31,4399,995.586853,42.3384628,4398.19043
1082,3,4467,1082.7887,13.5142727,4466.38525
955,44,4343,955.979553,57.087925,4342.79883
955,44,4343,955.819031,53.9187965,4342.42627
879,88,4236,879.551758,88.9991531,4235.16602
859,29,4296,859.283203,35.7494164,4295.04102
788,40,4235,788.573181,41.4039536,4234.18066
788,40,4235,788.573242,41.3356514,4234.18066
879,88,4236,879.424744,88.943779,4235.09473
934,57,4297,934.058105,62.7161026,4296.00195
797,-179,4277,797.060608,-169.714706,4276.00195
701,-165,4212,701.904297,-139.775146,4211.57324
797,-179,4277,797.551697,-122.639984,4276.16602
667,-6,4163,666.46405,2.29727793,4162.15576
204,-60,4028,204.644608,-0.0867966339,4027.2356
185,188,4128,185.987869,200.716812,4127.84473
595,119,4239,594.660034,124.834312,4238.05957
177,235,3985,177.991074,239.22142,3984.8667
267,293,3854,267.882782,295.722504,3854.46973
135,126,3875,135.843811,131.656494,3874.46338
130,161,3799,130.977646,163.976135,3798.79004
287,-219,4736,286.046021,-216.934326,4735.7002
2174,-784,6471,2174.86401,-778.884644,6470.49658
1117,-904,8160,1116.42883,-883.952942,8159.1792
1153,-897,8104,1152.16541,-881.588501,8103.44922
1218,-724,7859,1217.00098,-721.67688,7859.04248
1064,-923,8269,1063.05957,-892.008789,8268.66016
1214,-541,7610,1213.0116,-539.059021,7609.84863
1281,-674,7519,1280.01758,-666.660522,7519.18652
1276,-991,7486,1275.04883,-981.985901,7486.30859
1253,-759,7371,1252.02905,-738.296875,7371.23926
1257,-654,7444,1256.01831,-643.689392,7444.19043
1272,-937,7456,1271.14978,-932.500732,7455.47363
1260,-952,7261,1259.00769,-949.051575,7261.12354
1146,-427,7320,1145.16541,-421.682404,7320.55078
1259,-566,7278,1258.57312,-506.320618,7277.0957
1238,-402,7280,1237.58691,-377.952148,7279.08936
1180,-593,7315,1179.28418,-577.982361,7315.69824
1180,-593,7315,1179.1427,-589.47821,7314.48535
980,-815,8338,979.088867,-812.96936,8337.58789
1162,-304,7492,1161.00195,-298.277252,7492.06201
1146,-427,7320,1145.57227,-410.413177,7319.09619
1238,-402,7280,1237.03027,-394.58432,7279.75586
1180,-593,7315,1179.11182,-589.200623,7315.45947
1216,-623,7369,1215.08496,-618.543213,7369.40332
1275,-803,7453,1274.07239,-798.464172,7453.37354
1284,-809,7518,1283.1438,-742.543762,7518.5166
1281,-674,7519,1280.13574,-634.501343,7519.50293
1225,-917,7974,1224.05273,-908.299561,7973.67969
1153,-897,8104,1152.11572,-882.951477,8103.5332
1117,-904,8160,1116.15649,-890.1203,8159.46289
1223,-769,7340,1222.00098,-763.89209,7340.04395
1260,-679,7129,1259.11462,-672.675842,7129.46484
1112,-619,6911,1111.26477,-617.439148,6911.67773
1233,-767,6912,1232.0946,-766.302856,6911.57568
1211,-580,6796,1210.33972,-578.019775,6795.24902
1242,-579,6602,1241.16968,-575.275085,6601.44287
1174,-633,6964,1173.00488,-630.99762,6964.09863
1174,-633,6964,1173.01758,-631.071594,6963.81348
1236,-755,6992,1235.00098,-751.499939,6991.95605
1236,-755,6992,1235.00293,-751.310364,6992.07617
1276,-546,7208,1275.05078,-533.04895,7208.31445
1260,-679,7129,1259.0387,-672.992493,7129.27539
1189,-436,6800,1188.06799,-428.486237,6799.6377
1177,-429,6657,1176.11267,-408.365021,6657.46094
1019,-365,6349,1018.58362,-362.262268,6349.90918
1324,-692,6505,1323.00671,-675.214355,6504.88477
1232,-495,6493,1231.07397,-493.227264,6493.37744
1232,-495,6493,1231.33801,-494.204376,6493.74951
1189,-436,6800,1188.00293,-428.9151,6800.07617
1187,-499,6446,1186.33923,-491.518066,6446.75049
886,-61,6386,886.638855,33.4579468,6386.76904
1023,-448,6302,1022.58789,-398.372192,6302.91113
1187,-499,6446,1187.10669,-497.431824,6446.99414
1019,-559,6341,1018.68835,-557.684631,6341.9502
1124,-552,6383,1123.34753,-545.358215,6383.75781
1079,-582,6339,1078.62195,-567.893127,6339.92578
975,-564,6324,974.995239,-559.425415,6324.99951
1025,-588,6318,1024.64941,-575.300903,6318.93652
860,-465,6321,860.115967,-459.155243,6321.99316
851,-354,6412,851.322937,-351.694611,6412.94629
1124,-552,6383,1123.65918,-550.974609,6383.93994
1132,-629,6375,1131.8833,-625.857544,6375.99316
1082,-722,6342,1081.84119,-720.063721,6342.9873
1073,-763,6320,1072.77612,-756.246277,6320.97461
1045,-697,6317,1044.41504,-668.731812,6317.81104
996,-728,6298,995.657349,-711.593262,6298.93945
992,-668,6300,992.291016,-591.276062,6300.95654
941,-727,6314,941.262634,-696.939331,6314.96484
1258,-607,6410,1257.11487,-600.238159,6410.46533
1258,-607,6410,1257.77612,-603.733582,6410.97461
1288,-561,6527,1287.06311,-557.574463,6527.34961
1258,-607,6410,1257.50977,-595.73938,6410.87158
1324,-692,6505,1323.11414,-685.705933,6505.46387
1172,-805,6334,1171.40051,-792.354553,6334.80029
1073,-763,6320,1072.79395,-756.330994,6320.97852
1159,-746,6342,1158.77197,-740.34259,6342.97363
1045,-697,6317,1044.64844,-674.806091,6317.93604
1009,-735,6302,1008.64423,-712.689758,6302.93457
885,-693,6295,884.5625,-687.955017,6295.89893
882,-673,6297,881.569031,-666.878601,6297.90234
918,-638,6323,917.53125,-632.746887,6323.8833
869,-429,6369,869.37793,-428.324036,6369.92578
868,-360,6380,868.500793,-357.89328,6380.86523
869,-429,6369,868.36554,-427.95752,6369.77295
860,-465,6321,859.36554,-461.106445,6321.77295
872,-532,6308,871.408325,-517.247131,6308.80615
872,-532,6308,872.307983,-519.019836,6308.95117
818,-457,6331,818.184204,-452.637939,6331.98242
787,-467,6375,787.041626,-464.492371,6375.99902
834,-432,6380,834.929688,-431.33609,6380.36816
818,-457,6331,818.830078,-451.656189,6331.55762
787,-467,6375,787.899048,299.711792,6375.4375
886,-61,6386,886.369141,-47.013443,6386.9292
834,-432,6380,833.860596,-431.492615,6380.99023
738,-466,6384,738.151917,-464.784973,6384.98828
1233,-767,6912,1232.2832,-766.156433,6911.30273
1357,-783,6819,1356.34753,-781.603027,6818.24219
480,-93,6516,480.364594,-89.2427521,6516.93115
249,-246,6405,248.022934,-230.078156,6405.21289
249,-246,6405,248.052368,-242.431396,6405.31934
154,-305,6038,153.102219,-302.719971,6038.44043
150,-357,5909,149.02739,-353.395691,5909.23242
150,-357,5909,149.001907,-353.608521,5909.06152
181,-270,6180,180.027863,-269.056793,6180.23438
234,-132,6334,233.081131,-121.289711,6334.39453
181,-270,6180,180.091324,-269.111511,6180.41748
154,-305,6038,153.024887,-302.933594,6038.22168
480,-93,6516,480.041718,-88.7058945,6516.99902
868,-360,6380,868.773438,-347.994812,6380.63379
186,-3,5264,185.334717,2.53054905,5264.74658
250,-3,5356,249.172546,2.32683396,5356.56152
186,-3,5264,185.172546,2.27149034,5264.56152
250,-3,5356,249.172546,2.28127599,5356.56152
193,-128,5126,192.040955,-123.178886,5125.7168
129,-114,5037,128.046005,-111.626686,5037.2998
193,-128,5126,192.035934,-122.360176,5125.73438
191,-300,5253,190.006897,-293.153412,5253.11719
250,-3,5356,249.000931,1.29331493,5355.95703
208,127,5378,207.229721,129.212296,5377.3623
250,-19,5423,249.196075,-11.4487181,5422.40527
250,-19,5423,249.011978,-13.5448742,5422.8457
111,-368,5715,110.064575,-365.438293,5715.35352
111,-368,5715,110.171219,-364.030273,5714.44043
150,-256,5605,149.000931,-222.821396,5604.95703
158,-409,5523,157.003876,-405.739136,5522.91211
158,-409,5523,157.019852,-405.3591,5522.80176
170,-543,5559,169.035934,-536.757446,5558.73438
150,-556,5611,149.046005,-553.952698,5611.2998
134,-506,5691,133.038956,-504.646637,5691.27637
170,-543,5559,169.091095,-539.400879,5558.58301
171,-561,5668,170.001907,-321.922607,5668.06152
157,-587,5756,156.002914,-582.90509,5755.92383
157,-587,5756,156.102219,-582.33429,5755.55957
132,-585,5816,131.564926,-525.097351,5815.09961
77,-590,5939,76.000946,-581.445984,5939.04346
58,-592,6011,57.0266914,-581.258789,6011.22949
143,-640,5812,142.102463,-628.91571,5811.55908
132,-585,5816,131.06929,-578.930725,5815.63428
143,-640,5812,142.557922,-624.193726,5811.10303
78,-640,5842,77.5826797,-624.185852,5841.09131
58,-584,5847,57.594429,-564.986572,5846.08594
78,-640,5842,77.0009918,-632.959961,5842.04443
58,-584,5847,57.0158348,-581.433899,5847.17725
105,-480,6025,104.304733,-475.108185,6025.71875
65,-527,5974,64.0315094,-503.732971,5973.75098
65,-527,5974,64.0178299,-523.419495,5974.18799
61,-592,6052,60.1602478,-586.24823,6051.45703
44,-594,6146,43.0159225,-588.043274,6146.17773
43,-628,6110,42.0227127,-626.338806,6109.78809
1515,-811,6489,1514.40906,-809.025269,6489.80664
1506,-861,6449,1505.3927,-859.692078,6449.79443
1573,-910,6480,1572.06799,-906.013184,6479.6377
1514,-905,6411,1513.24854,-894.877441,6411.65967
1514,-905,6411,1513.76782,-896.249939,6411.97266
1279,-858,6406,1278.95593,-853.509521,6406.99902
1292,-806,6420,1291.92358,-802.142822,6420.99707
1559,-867,6482,1558.21863,-863.671631,6482.62402
1506,-861,6449,1505.79395,-860.030029,6449.97852
1514,-905,6411,1513.22656,-901.133911,6411.63379
1172,-805,6334,1171.33972,-800.272949,6334.75098
1172,-805,6334,1171.41235,-786.366028,6334.80908
1275,-875,6402,1274.95593,-869.589233,6402.99902
767,-532,6359,767.553711,-518.518127,6359.83252
722,-502,6398,722.614441,-489.317902,6398.78857
954,-713,6311,954.262695,-695.719177,6311.96484
936,-706,6316,936.240173,-674.202087,6316.9707
194,-297,4346,194.096375,-293.220886,4346.99512
528,-296,4391,527.283691,-289.334686,4391.69775
453,-321,4327,452.460236,-315.329437,4327.8418
497,-323,4354,496.334717,-313.238495,4354.74658
-95,-1,4174,-95.6431961,12.4213572,4174.76562
-429,153,3811,-429.947235,159.741653,3811.32007
-429,153,3811,-429.653564,159.078766,3811.75684
-517,21,3587,-517.988159,22.8429775,3587.15308
-561,42,3431,-561.980286,43.8339806,3431.19727
-488,152,3756,-488.963867,158.449905,3756.26636
-517,21,3587,-517.9646,23.3110046,3587.26367
-561,42,3431,-561.970703,43.8869667,3431.24023
-588,329,3468,-588.974426,331.992584,3468.22461
-588,329,3468,-588.982178,332.016541,3468.1875
-626,87,3293,-626.964783,88.6574631,3293.26294
2075,-738,6950,2075.13037,-725.017822,6950.99121
1244,-898,7256,1243.00073,-894.793579,7256.03613
1251,-918,7334,1250.00488,-915.792542,7334.09814
1274,-966,7334,1273.00867,-964.16803,7334.13135
1251,-918,7334,1250.06226,-915.892029,7334.34717
1276,-924,7392,1275.00293,-911.972168,7391.92383
1274,-966,7334,1273.00293,-963.921326,7333.92383
1282,-982,7334,1281.00098,-966.738892,7333.95605
1258,-943,7480,1257.21521,-937.706848,7480.61963
1278,-944,7504,1277.05847,-934.62738,7504.33691
1246,-986,7735,1245.00293,-982.771362,7735.07617
1261,-1034,7732,1260.00098,-1030.66724,7731.95605
1295,-1029,7608,1294.03503,-1025.44592,7607.73779
1246,-986,7735,1245.0437,-982.403381,7734.70801
1276,-991,7486,1275.06519,-897.654297,7486.35498
1278,-944,7504,1277.07239,-931.180847,7504.37354
1295,-858,7022,1294.255,-843.0802,7021.33301
1295,-858,7022,1294.21021,-813.323242,7021.38672
1286,-839,7125,1285.04993,-826.886108,7125.31201
1286,-839,7125,1285.00098,-823.908142,7124.95605
1272,-909,7052,1271.03015,-902.526917,7052.24365
1244,-898,7256,1243.07397,-894.672607,7255.62256
1446,-897,8158,1446.94727,-883.520508,8158.32031
820,-662,6320,820.308411,-640.847778,6320.95117
1457,-907,6399,1456.74451,-901.297791,6399.9668
1187,-463,7480,1186.16736,-458.879852,7480.55371
981,-764,8205,980.002869,-761.9198,8205.0752
1028,-755,8153,1027.28235,-751.783813,8152.30371
1051,-745,8090,1050.0885,-743.462891,8089.58887
1120,-736,8048,1119.50037,-733.532349,8047.13379
973,-671,8361,972.011536,-623.029785,8360.84863
1028,-755,8153,1027.18274,-753.251282,8152.42383
991,-773,8271,990.001953,-770.825195,8271.06152
1028,-755,8153,1027.46411,-751.830261,8152.15576
1108,-545,7994,1107.24854,-540.742493,7993.34033
1108,-545,7994,1107.15344,-539.954773,7993.46777
1214,-541,7610,1213.00867,-539.082642,7609.86865
1214,-541,7610,1213.00293,-539.302673,7610.07617
1173,-528,7859,1172.02136,-523.458862,7858.79443
1210,-568,7736,1209.14978,-565.790222,7735.47363
1187,-463,7480,1186.01245,-459.942657,7479.84277
1187,-463,7480,1186.05725,-460.29776,7480.3335
1175,-436,7360,1174.12354,-429.468719,7360.48145
1265,-336,7061,1264.29529,-325.515442,7061.70947
1157,-307,6955,1156.46411,-282.340332,6955.84424
1122,-408,6377,1121.63171,-405.273254,6377.92969
1019,-365,6349,1018.42047,-363.00824,6349.81494
920,-287,6354,919.901306,-281.568024,6354.99512
920,-287,6354,920.628113,-280.481506,6354.77783
72,-153,5956,71.0386734,-150.186935,5956.27539
72,-153,5956,71.0188751,-150.436142,5956.19336
118,-157,5804,117.000946,-149.920197,5804.04346
118,-157,5804,117.015747,-150.346939,5804.17676
56,-128,5661,55.217041,-124.531097,5660.37793
99,-115,5606,98.0038757,-112.119568,5605.91211
101,-102,5550,100.385689,-96.8843231,5549.21094
208,-36,5483,207.221741,-24.7006855,5482.37207
1178,-725,7981,1177.255,-718.226807,7980.33301
1218,-724,7859,1217.04541,-719.148987,7858.70215
1120,-736,8048,1119.099,-733.171204,8047.56641
1218,-724,7859,1217.12146,-721.174011,7858.52246
259,36,4656,258.05304,42.9017334,4656.32129
229,-60,4485,228.046005,-59.1535492,4484.7002
229,-60,4485,228.454163,-58.8561668,4485.83789
238,35,4596,237.243774,36.439743,4596.6543
-163,-112,3590,-162.147339,-102.828194,3590.52246
161,297,3794,161.480301,303.798126,3793.12305
267,293,3854,267.806061,298.803741,3854.59155
267,293,3854,267.772583,294.513794,3853.36523
267,293,3854,267.90802,294.328003,3853.5813
667,-6,4163,666.636658,-4.3136363,4162.06836
823,166,5109,823.998962,167.932785,5109.04395
894,270,5012,894.744141,271.814606,5012.66797
1764,-547,7872,1764.99915,-545.366394,7872.04004
1665,-289,6221,1665.12354,-278.814941,6220.00781
1983,-292,6490,1983.78479,-287.410187,6489.38037
781,-583,6345,781.914673,-571.410278,6345.40381
763,-584,6387,763.88324,-572.299255,6387.46875
1187,-463,7480,1186.00195,-461.022034,7479.93799
327,-314,4327,327.040131,-296.285645,4327.99902
2100,-895,6408,2100.83008,-892.878418,6407.44238
2075,-738,6950,2075.45996,-724.046265,6950.8877
1728,-433,7116,1728.99902,-429.969482,7115.95605
1783,-455,7234,1783.74304,-445.273651,7233.33105
1731,-541,7055,1731.69727,-538.990234,7055.7168
1719,-466,7163,1719.99902,-462.848267,7163.04297
1719,-466,7163,1719.79712,-455.957062,7162.39648
1676,-462,7274,1676.96252,-445.162903,7274.27051
1676,-462,7274,1676.90515,-448.396118,7274.4248
1977,-278,6700,1977.70703,-237.194214,6700.70703
1809,-380,6251,1809.83008,-377.337006,6250.44238
1909,-325,6357,1909.71216,-322.091278,6356.29834
1809,-380,6251,1809.53418,-376.928406,6250.15479
1143,-51,5713,1143.93445,-26.3648567,5713.35596
841,-200,5670,841.502747,-196.240341,5669.13574
861,-316,5719,861.411682,-314.574493,5718.08887
861,-316,5719,861.041992,-314.60199,5718.00098
856,127,5523,856.732971,130.15535,5522.31982
880,135,5432,880.97467,137.456802,5432.22363
905,48,5616,905.732056,50.8535194,5615.31885
905,48,5616,905.341736,51.6233978,5615.06055
856,127,5523,856.920532,130.010376,5522.60938
769,-157,5319,769.057983,-151.449844,5318.00195
860,124,5178,860.867554,126.34465,5178.49707
825,183,5332,825.864014,202.841156,5331.49658
814,190,5275,814.978516,195.34346,5274.79395
823,166,5109,823.629028,169.406403,5108.22266
769,-157,5319,769.973389,-155.818466,5319.22852
1048,24,4773,1048.63379,41.9022598,4773.77344
939,117,4883,939.633057,124.433281,4883.77393
894,270,5012,894.994995,271.649963,5012.09961
782,73,4975,782.984253,74.3447266,4974.82324
747,-1,4904,747.638794,11.6316748,4904.76904
627,-204,5518,627.993103,-200.2491,5517.88281
632,-214,5581,632.904724,-208.558304,5580.57422
627,-204,5518,627.9646,-198.655502,5518.26367
680,-220,5629,680.44812,-215.623886,5628.10645
1111,2,4505,1111.78906,14.1699839,4504.38574
1122,-184,4505,1122.57312,-176.161484,4504.18066
1122,-184,4505,1122.9646,-182.356918,4504.73633
1098,-244,4552,1098.96118,-241.380875,4551.72412
1105,-122,4612,1105.89807,-107.260612,4612.43945
619,-106,5069,619.945923,-100.436714,5068.67578
654,-78,4985,654.815735,-74.2018356,4985.57812
747,-1,4904,747.905212,4.74805164,4904.4248
718,-6,4961,718.131042,6.71841002,4961.99121
939,117,4883,938.901306,129.148392,4883.99512
994,15,4818,994.384644,48.1286125,4818.92285
995,31,4399,995.64502,40.1003685,4398.23584
995,31,4399,995.570312,37.8932228,4398.17871
-19,573,3428,-18.1414299,589.154053,3428.5127
87,1,3842,87.9076614,4.02306652,3841.58032
130,161,3799,130.912155,163.852905,3798.59033
140,306,3679,140.977737,308.892029,3678.79028
161,297,3794,161.653671,302.411377,3793.24341
-30,155,3659,-29.4500618,159.39888,3658.16479
-9,560,3545,-8.23562813,564.791443,3544.35522
-19,573,3428,-18.0050488,577.167114,3427.89966
-84,587,3279,-83.0875473,599.424011,3278.59082
1257,-674,7483,1256.15466,-632.542847,7483.53418
1281,-674,7519,1280.16541,-632.542847,7519.55078
1284,-809,7518,1283.23145,-779.846924,7518.63965
1257,-654,7444,1256.00195,-646.767883,7443.93799
1258,-943,7480,1257.00073,-940.44812,7480.03809
1275,-989,7474,1274.00293,-955.674988,7474.07568
1064,-923,8269,1063.04858,-872.328918,8268.69238
1064,-923,8269,1063.01758,-868.336548,8269.18652
119,-447,6520,118.502876,-419.686096,6520.86768
119,-447,6520,118.191772,-427.726349,6520.58887
779,-356,6384,779.163757,-341.210632,6384.98633
920,-287,6354,920.849182,-284.649628,6354.52783
1211,-580,6796,1210.11462,-577.293823,6795.53516
1211,-580,6796,1210.01758,-578.053467,6795.81348
1193,-581,6672,1192.02148,-579.39386,6672.20605
1193,-581,6672,1192.19043,-576.563904,6671.41309
1288,-561,6527,1287.16931,-557.108276,6526.44336
1244,-412,6614,1243.45801,-404.849792,6613.15967
180,-514,6579,179.668228,-505.203918,6579.94336
27,-553,6289,26.0009251,-548.708557,6288.95703
27,-553,6289,26.0118237,-546.849548,6289.15332
72,-499,6453,71.0466156,-426.850311,6453.30176
291,-488,6626,291.169434,-476.767426,6626.98535
180,-514,6579,179.203033,-504.629669,6579.604
327,-555,6636,326.437317,-474.603699,6636.82666
291,-488,6626,290.518646,-480.07666,6626.87646
435,-499,6645,435.218872,-470.636597,6645.97559
435,-499,6645,434.730133,-460.464142,6645.96289
1019,-365,6349,1018.95587,-363.105316,6349.99902
195,-93,4856,194.066254,-89.3063583,4855.64209
129,-114,5037,128.062027,-110.377037,5036.65332
245,32,4752,244.15036,40.8276024,4751.47266
195,-93,4856,194.206375,461.880646,4855.3916
245,32,4752,244.038956,38.6196594,4751.72363
238,35,4596,237.018021,41.9791794,4596.18896
326,-143,4555,325.664673,-137.932404,4554.05811
376,-147,4506,375.273834,-144.434311,4505.3125
417,-140,4467,416.15036,-137.298553,4466.47266
417,-140,4467,416.095184,-137.801895,4466.57422
416,-208,4355,415.454163,-205.452881,4355.83789
417,-133,4423,416.286072,-131.459991,4423.7002
416,-208,4355,415.399109,-205.562149,4355.79932
-561,42,3431,-561.979309,44.0279999,3431.20215
197,-488,5442,196.079254,-484.133942,5441.60986
197,-488,5442,196.102463,-483.951477,5441.55908
-561,316,3242,-561.614868,995.714294,3241.21143
-949,329,2761,-949.780457,892.718506,2761.625
1312,-1086,8441,1312.53296,-1083.99414,8441.8457
894,-783,8394,893.360229,-779.814453,8393.23145
1039,-932,8336,1038.64429,-878.851257,8335.06543
885,-693,6295,884.114624,-692.474426,6294.53516
899,-276,4848,899.323059,-271.295654,4848.94629
904,-345,4425,904.586853,-342.873779,4425.80957
892,-345,4434,892.598083,-342.873779,4434.80127
875,-356,4292,875.990234,-355.159363,4291.86084
875,-356,4292,875.98822,-355.158325,4291.84717
890,-357,4429,890.997131,-354.073212,4428.92432
888,-357,4404,888.997131,-354.073395,4403.92432
957,-314,4345,957.996033,-313.36322,4344.91113
957,-314,4345,957.99408,-313.486633,4344.8916
888,-357,4404,888.833191,-355.189056,4403.44727
888,-357,4404,888.993164,-355.097656,4403.8833
884,-358,4374,884.803406,-356.945862,4373.40479
884,-358,4374,884.94989,-356.908417,4373.6875
904,-345,4425,904.995972,-344.079193,4424.91113
945,-325,4411,945.95874,-324.453278,4411.28418
890,-357,4429,890.286011,-346.411865,4428.04199
