-735,166,995,-735.889465,166.643219,994.54303
-2421,721,1524,-2421.74414,724.92395,1524.66797
-2156,337,1106,-2155.84668,339.22049,1105.01184
-2160,737,834,-2160.07568,739.565979,833.002869
-2408,845,667,-2407.57446,846.49292,666.095093
1298,876,414,1298.68652,877.600037,414.72699
-1474,823,1537,-1474.67871,827.535278,1537.73438
-861,636,1233,-860.574402,648.541138,1233.90491
820,1137,-1434,820.338867,1137.70154,-1434.9408
-475,955,-1115,-475.397766,957.036377,-1115.91748
-1411,506,567,-1411.99207,509.929413,567.124878
-1388,416,564,-1388.86438,421.37381,563.497192
-1636,342,893,-1636.50793,345.357605,892.138611
397,743,1423,397.811035,746.100525,1423.58496
-697,720,-970,-696.088623,1119.88745,-970.41156
-1142,718,-1530,-1142.90491,5451.8335,-1529.57446
-843,720,-904,-843.905212,792.85083,-903.575073
152,1,56,152.218445,1.59352291,55.0241508
200,-101,453,200.920212,-100.011246,452.608582
196,1,225,196.969635,2.26054835,224.755447
152,1,56,152.967041,2.26137161,55.7453804
-206,108,-122,-206.802887,108.757057,-121.403877
-346,448,1074,-346.374603,456.618256,1074.92712
1041,370,764,1041.75122,384.179321,764.660034
1360,415,70,1360.99902,427.701874,69.9558182
-185,139,57,-185.965683,139.768616,56.7402802
-212,139,161,-212.967529,139.766861,160.747253
602,1,504,602.231079,2.00188899,503.027069
919,1,373,918.415039,2.10232711,372.188965
1143,-101,56,1142.0116,-100.10218,55.8481522
985,-101,-326,984.182251,-100.083229,-325.424438
602,-101,-485,601.845032,-100.093643,-484.012085
738,-101,-463,737.844849,-100.094383,-462.012115
467,-101,-463,467.153137,-100.095619,-462.01181
602,-101,-485,602.153503,-100.096649,-484.011871
150,-139,-1170,150.952957,-133.847855,-1169.6969
172,-170,-1260,172.561264,-167.59938,-1259.17236
-28,0,57,-28.2074356,0.597273827,56.0217514
-167,1,-254,-167.311874,1.99511051,-253.049881
-1128,-100,-356,-1128.86853,-92.6477203,-356.495453
-1054,-100,-485,-1054.86865,-92.6459122,-485.4953
-1303,568,-720,-1303.97839,574.227539,-720.206543
-1175,895,-763,-1175.55371,900.679932,-763.832703
-557,638,-1040,-557.48938,643.360046,-1040.87207
-1471,228,1339,-1470.24158,271.889984,1339.65173
-1459,318,716,-1459.86365,447.061462,715.496094
1317,348,233,1316.62805,413.785767,233.928238
1211,302,190,1210.60852,354.452789,190.920181
1211,302,190,1210.61035,333.826965,190.920959
1001,225,101,1000.62891,257.372498,101.928589
291,181,-78,291.539825,203.068954,-78.841774
290,169,-78,290.560974,210.28064,-78.8278275
291,181,-78,291.561035,202.454224,-78.8277817
176,167,-155,176.545929,213.185211,-155.83783
4,153,-194,3.4450655,198.69519,-194.831894
2,165,-193,1.4470377,210.702484,-193.833206
-55,145,-155,-55.5446167,188.677322,-155.838684
-217,139,-187,-216.42691,247.553909,-186.180511
-276,139,-146,-275.425079,247.570511,-145.181793
-609,142,490,-609.901001,173.972015,489.566193
-718,142,439,-717.112793,172.270966,439.461365
-787,145,578,-786.102905,175.804703,578.441833
-786,159,576,-785.095642,2342.12842,576.426758
-746,200,772,-746.910706,241.607437,771.586975
-859,186,731,-858.094299,454.252808,731.423889
2,165,-193,2.80841851,215.180176,-193.588608
-32,165,-240,-31.1912384,215.228943,-240.588135
-360,107,367,-360.563507,107.801476,366.173889
-254,107,296,-254.562958,107.801407,295.173523
-562,1,479,-561.72168,1.9548775,478.03952
-736,139,-53,-735.045654,139.944519,-52.7012978
-771,139,57,-770.046631,139.944107,57.3017807
-590,139,-211,-589.382812,139.919327,-210.213196
-676,139,-142,-675.374023,139.917252,-141.220169
-369,139,-207,-369.198792,139.966202,-206.019958
-475,139,-228,-475.19339,139.967941,-227.01889
839,147,-180,838.13916,148.20015,-179.491135
906,147,-69,905.143311,148.197571,-68.484169
602,195,-237,601.763672,196.213593,-236.028336
712,195,-210,711.763672,196.214066,-209.028336
395,195,-151,395.525726,196.219223,-150.149353
492,195,-210,492.525726,196.220871,-209.149353
334,195,-49,334.895935,196.191284,-48.5558167
395,195,264,395.850067,196.189972,263.473328
336,195,166,336.849884,196.191696,165.473038
602,195,350,602.230774,196.216461,349.027008
492,195,323,492.235168,196.215515,322.028046
810,195,264,809.480469,196.200668,263.145569
712,195,323,711.480469,196.202377,322.145569
937,147,56,936.038696,148.116516,55.7245102
919,147,119,918.04071,148.116425,118.717583
-993,719,-1603,-993.432678,839.811401,-1603.90149
-1142,718,-1530,-1142.43481,791.116882,-1530.90051
-1132,320,324,-1132.40845,321.023743,323.087219
-1410,320,448,-1410.4082,321.029449,447.087128
-1410,320,448,-1410.40845,321.017212,447.087219
-935,560,-525,-934.08844,561.010193,-525.411133
-1060,560,-805,-1059.08887,561.014526,-805.412109
-1060,560,-805,-1059.0885,561.017944,-805.411255
-1208,440,-55,-1207.63672,441.017181,-55.9316521
-1492,440,-165,-1491.63281,441.020294,-165.930145
-1492,440,-165,-1491.64111,440.999451,-165.93338
-661,720,-986,-661.920959,791.635559,-985.610352
-681,720,-933,-680.084534,1135.0271,-933.402344
-697,720,-970,-696.084717,1135.29871,-970.402771
-771,785,-937,-771.521484,785.639587,-937.853149
605,431,1103,605.585999,437.499359,1103.8103
605,431,1103,605.174988,438.052002,1103.9845
719,430,1018,719.550781,433.451202,1018.83459
877,404,894,877.282288,409.666107,894.95929
705,-100,991,705.362305,-93.6417084,991.932007
584,-99,1052,584.4245,-92.8892899,1052.9054
447,1,1042,446.937561,15.9315929,1042.99805
526,1,1047,525.937561,15.9352646,1047.99805
804,141,937,804.424133,409.450928,937.905579
448,121,1046,447.860596,133.994339,1046.99023
448,121,1046,448.138153,150.057968,1046.99036
531,119,1057,530.595825,126.313026,1057.91467
593,119,1084,592.595825,126.306595,1084.91467
526,1,1047,525.716187,9.91689301,1047.95886
589,1,1065,588.716187,9.90971661,1065.95886
584,-99,1052,583.812744,-95.8305817,1052.9823
523,-101,1040,523.282898,-86.2313004,1040.95911
324,237,1069,324.106781,259.625458,1069.99426
592,227,1085,591.595825,309.810089,1085.91467
452,224,1054,451.860596,237.960373,1054.99023
452,224,1054,452.138062,236.175476,1054.99036
593,283,1084,593.712952,2320.9292,1084.70117
468,289,1112,467.438019,289.689026,1112.82715
451,279,1083,451.060455,280.907288,1083.99817
326,298,1113,326.131256,299.355469,1113.99133
451,279,1083,450.345428,279.565613,1083.75598
479,461,1144,479.388916,465.010345,1144.92126
479,461,1144,479.250793,465.000519,1144.96802
1097,480,640,1097.96265,485.338745,640.270508
1097,480,640,1097.8833,485.039886,640.46875
1198,541,439,1198.90894,567.388611,439.416901
1316,-100,270,1316.95447,-92.5208588,270.298309
1355,-100,143,1355.95496,-92.5126648,143.296722
1389,466,-141,1389.99902,481.33963,-141.042847
1389,466,-141,1389.90808,480.329224,-140.581207
1433,90,-411,1433.99011,106.226974,-411.139862
1434,109,-270,1434.99915,114.862442,-269.958679
1371,110,-139,1371.89246,116.686264,-138.548874
1361,-100,0,1361.91956,-91.036644,0.392929912
1417,-100,-133,1417.91663,-91.0255432,-132.600266
1259,-100,388,1259.88733,-89.4635391,388.461029
1316,-100,270,1316.89075,-89.4752731,270.454498
1178,-100,508,1178.82642,-89.1602554,508.562988
1259,-100,388,1259.82703,-89.1575699,388.562134
1078,-100,626,1078.76282,-95.9474564,626.646484
1178,-100,508,1178.755,-95.9515915,508.655609
1036,132,761,1036.92542,143.883255,761.378845
933,134,890,933.772949,149.182968,890.63446
1095,250,630,1095.90283,254.65387,630.429688
1075,481,780,1075.98816,484.093964,780.153076
1172,356,509,1172.90894,362.006897,509.416809
1210,609,441,1210.58008,616.85675,441.814514
1198,541,439,1198.51819,626.732178,439.855255
1195,478,440,1195.51941,492.399261,440.854523
1250,478,406,1250.51941,492.394806,406.854523
1248,413,402,1248.74585,420.239471,402.666107
1253,348,383,1253.91663,359.212433,383.399689
1271,348,342,1271.91663,359.21106,342.399689
1375,241,144,1375.82654,248.700211,144.562836
1375,241,144,1375.99915,249.671707,144.039566
1381,220,-139,1381.99622,231.153183,-138.913101
1381,220,-139,1381.89746,232.1604,-138.558914
1435,282,-413,1435.9823,286.749023,-413.18689
1435,282,-413,1435.99402,286.636932,-413.108521
1415,187,-409,1415.99902,210.335098,-408.956665
1478,336,-269,1478.97742,340.057312,-269.210968
1478,336,-269,1478.88647,339.868561,-268.537231
1382,358,-144,1382.99902,480.989136,-144.04364
1360,415,70,1360.92932,433.224762,70.3692245
1385,352,-3,1385.92542,376.400024,-2.62109995
1385,352,-3,1385.99915,370.475952,-2.95907545
1353,543,63,1353.93811,615.692993,63.3462257
1347,585,147,1347.99609,692.913086,147.087234
1346,613,-18,1346.98511,623.815552,-18.1714172
1400,616,-141,1400.99622,629.496033,-140.913101
1400,616,-141,1400.96753,630.149841,-140.747253
1475,352,-466,1475.97778,353.427246,-466.209534
1475,352,-466,1475.99902,353.661804,-466.042267
1284,-100,-634,1284.6582,-93.6071701,-634.752808
1157,-100,-745,1157.6582,-93.5944366,-745.752808
1409,-100,-269,1409.98328,-93.0657959,-268.817902
1436,-100,-413,1436.98267,-93.0770874,-412.814636
1417,-100,-133,1417.99792,-91.7693329,-133.062958
1409,-100,-269,1409.99792,-91.7857513,-269.063019
1154,162,-737,1154.61328,176.670166,-737.789856
1172,259,-758,1172.61328,262.419678,-758.789795
1228,359,-744,1228.47754,361.10257,-744.878479
1429,727,-527,1429.995,731.379822,-526.900391
1336,491,-652,1336.71008,500.868103,-652.703979
1267,601,-765,1267.71204,604.885376,-765.702026
1417,-100,-540,1417.56934,-93.5387878,-540.822083
1284,-100,-634,1284.57227,-93.5355453,-634.820007
1414,83,-549,1414.51257,90.8802795,-549.858643
1284,161,-634,1284.52637,175.335327,-634.85022
1414,264,-563,1414.58606,370.099457,-563.810242
1337,329,-666,1337.61365,330.896576,-666.789551
1325,730,-642,1325.39551,732.283569,-642.918396
916,890,-1065,916.743286,892.296997,-1065.66895
892,424,-954,892.526367,426.462982,-954.85022
884,301,-899,884.501953,335.392303,-899.864868
1027,-99,-831,1027.55078,-92.4442062,-831.834534
1094,85,-795,1094.66711,93.3021774,-795.744934
1115,278,-815,1115.65845,281.551178,-815.752625
1233,335,-904,1233.99805,335.524109,-903.937561
1256,595,-901,1256.94897,599.378052,-901.315247
884,301,-899,884.205078,357.608459,-899.978699
957,426,-908,957.205078,431.1763,-908.978699
901,509,-1010,901.205078,509.951447,-1010.9787
1031,632,-998,1031.28223,636.848083,-998.959229
784,868,-1198,784.130859,870.029175,-1198.99133
748,400,-1018,748.488281,403.213348,-1018.87256
740,287,-982,740.658203,291.922058,-982.752808
1203,527,-1015,1202.875,528.316895,-1015.99213
1023,499,-972,1022.89252,500.369385,-972.994202
1021,329,-899,1020.70605,334.016235,-899.95575
1024,296,-893,1024.87158,301.234772,-893.490173
1030,91,-869,1030.97437,94.7960434,-869.224487
1325,730,-642,1325.62915,736.014038,-642.777283
1325,730,-642,1325.92053,754.742065,-642.390503
1209,636,-1006,1209.91016,697.362976,-1006.41425
1043,770,-1003,1042.95508,800.388794,-1003.99896
1282,728,-743,1282.99707,737.577942,-743.075806
1267,601,-765,1267.99707,604.564819,-765.07605
143,-135,-1075,142.846954,-122.882683,-1075.98816
-316,-102,-1078,-316.042267,-87.9765854,-1078.99902
-90,-95,-1067,-89.8287659,-86.567131,-1067.98523
-907,-100,-539,-907.349609,-90.4003677,-539.936829
-1054,-100,-485,-1054.34729,-90.38591,-485.937744
-1215,-100,191,-1215.88086,-85.9113922,191.473358
-1050,101,564,-1050.91467,112.632637,564.404053
-406,530,-808,-406.972534,561.984802,-808.232422
-402,530,-824,-402.972626,561.982849,-824.232361
-434,-100,-794,-434.990845,-83.413147,-794.134644
-423,-99,-932,-423.89682,-90.7418823,-931.557617
602,1,-1073,601.860596,14.9776897,-1073.99023
451,1,-1052,450.867096,15.0109053,-1052.99109
445,904,-1257,445.097443,906.173889,-1257.99524
263,878,-1137,262.557922,880.150513,-1137.89697
263,878,-1137,262.828827,881.308044,-1137.98523
138,876,-1116,137.955826,879.260925,-1116.99902
8,876,-1114,7.95581722,879.257202,-1114.99902
-101,772,-1184,-101.404327,772.968994,-1184.91455
-337,759,-1131,-336.589783,761.907837,-1131.91199
-422,95,-933,-422.89682,132.104156,-932.557617
-400,93,-1072,-400.061401,104.513252,-1072.99805
-478,93,-1068,-478.061401,104.522942,-1068.99805
133,95,-1077,132.867096,105.584648,-1077.99109
133,95,-1077,132.955826,105.490219,-1077.99902
370,95,-1088,370.279144,99.7951126,-1088.96021
453,95,-1072,452.852997,99.8514557,-1072.98914
-89,186,-1088,-88.9225922,211.423904,-1088.99695
-2,178,-1064,-1.7100153,202.681122,-1064.95703
129,303,-1089,128.911713,312.26236,-1089.99609
210,303,-1102,210.106781,306.444153,-1102.99426
-478,420,-1068,-477.891907,445.64801,-1068.99414
-94,425,-1076,-93.7798462,442.026093,-1076.97546
-94,425,-1076,-93.8178864,442.776886,-1076.98328
119,426,-1103,118.797562,433.896057,-1103.97925
610,429,-1088,609.911743,434.518158,-1088.99609
-419,421,-928,-419.783722,432.544342,-927.378906
-448,491,-995,-448.924225,500.713074,-994.618164
-419,421,-928,-419.996948,433.199615,-927.921936
-408,421,-856,-408.879608,439.518677,-856.475586
-410,305,-933,-410.996918,342.457306,-932.921875
-403,304,-852,-403.89682,357.108704,-852.442383
-400,188,-853,-400.93338,198.953842,-852.641113
-400,188,-853,-400.89679,194.384064,-853.442383
-798,498,-597,-798.362427,507.740082,-597.932007
-524,425,-723,-524.506897,436.140167,-723.862
-796,436,-591,-796.479492,457.673309,-591.877502
-796,436,-591,-796.282288,468.844543,-591.95929
-667,310,-677,-667.239258,363.86557,-677.970947
-667,310,-677,-667.5271,363.848633,-677.849792
-1164,324,-206,-1164.96448,704.11969,-206.263763
-525,189,-717,-525.632874,201.416489,-717.774231
-666,191,-675,-666.086975,223.782547,-675.996155
-786,194,-601,-786.526367,223.538376,-601.85022
-786,194,-601,-786.322266,228.074371,-601.946594
-922,197,-555,-922.411133,215.75705,-555.91156
-1128,209,-354,-1128.91162,227.715393,-354.410767
-588,95,-679,-588.075439,99.7563019,-679.997131
-783,96,-599,-783.526917,117.989693,-599.849915
-917,102,-553,-917.3396,107.833961,-553.940552
-917,102,-553,-917.411133,107.890442,-553.91156
-1109,100,-350,-1109.94226,105.547325,-350.334869
-1210,105,-76,-1210.97937,115.673004,-76.2018661
-519,1,-714,-519.697266,145.450912,-714.716736
-519,1,-714,-519.412109,249.022247,-714.911133
-649,1,-655,-649.411133,249.141647,-655.91156
-649,1,-655,-649.411133,248.864578,-655.91156
-778,1,-597,-778.411682,249.195404,-597.911316
-1179,1,-222,-1179.90002,6.66956902,-222.435837
-1114,1,-353,-1114.89795,6.66670179,-353.440002
-1132,320,324,-1132.92346,1133.86536,324.383575
-1132,320,324,-1132.91174,685.845764,324.410675
-1241,211,-11,-1241.94299,224.901138,-11.3326807
-1191,218,186,-1191.92053,1009.04236,186.390564
-1042,151,562,-1042.88745,173.502899,562.460815
-1041,1,563,-1041.85205,6.1597743,563.523315
-1041,1,563,-1041.88635,25.6371098,563.462891
-981,1,680,-981.885376,25.6371098,680.464844
-316,-126,907,-315.963379,-119.885376,907.999329
-712,100,798,-712.151367,109.004417,798.988464
-981,1,680,-981.534241,4.73904705,680.845276
-858,1,758,-858.537964,4.73434782,758.842957
-617,-78,830,-617.411133,-59.7410812,830.91156
-705,1,788,-705.437805,60.9369888,788.899048
-618,1,831,-618.4245,60.8794365,831.905396
-526,-31,870,-526.307678,-21.4796505,870.951477
-853,150,729,-853.362305,180.116272,729.932007
-982,150,679,-982.362305,180.038788,679.932007
-981,200,680,-981.367188,255.462097,680.930115
-858,200,728,-858.367188,255.513733,728.930115
187,459,1228,186.955826,460.840668,1228.99902
187,459,1228,186.846954,460.887451,1228.98804
-80,447,1086,-80.7352982,450.851929,1086.67773
-80,447,1086,-80.2231903,452.637421,1086.97473
-255,424,1110,-254.720291,428.229187,1110.96008
-591,511,1068,-591.151367,517.657288,1068.9884
-662,571,1074,-662.098206,575.847107,1074.99512
-734,516,1164,-733.115784,1325.39856,1164.46704
33,1,1121,33.2953491,5.50262213,1121.95532
-91,1,1068,-91.3934708,210.796112,1068.91931
33,1,1121,32.6125145,210.923492,1121.92188
-686,166,1034,-686.168945,205.267517,1034.9856
-737,199,998,-737.613281,208.259857,998.789856
-790,228,970,-790.511719,238.086777,970.859131
-860,231,964,-860.0979,245.80928,964.995178
-907,262,913,-907.751038,284.020874,913.660095
19,439,1191,18.9558182,442.689606,1191.99902
181,354,1170,180.936584,371.296356,1170.99792
181,354,1170,180.937546,371.759674,1170.99805
-80,447,1086,-80.6352005,456.737305,1086.77234
326,298,1113,325.937561,299.383545,1113.99805
94,298,1113,94.6681213,319.171906,1113.74402
169,281,1090,169.106781,296.443146,1090.99426
169,281,1090,169.292084,296.959503,1090.9563
91,130,1105,91.4028091,144.002411,1105.91528
31,138,1160,31.6582069,142.889999,1160.75281
451,279,1083,451.060425,280.880341,1083.99817
324,237,1069,324.106781,259.249542,1069.99426
169,311,1120,168.955826,311.990814,1120.99902
169,311,1120,169.074814,312.013397,1120.99719
94,298,1113,94.272377,317.443329,1113.96216
31,138,1160,30.3989277,142.240921,1160.79919
91,130,1105,91.2982864,142.561325,1105.95447
96,-34,1093,96.0415573,29.7079048,1093.99902
96,-34,1093,95.9558182,17.1288147,1093.99902
33,1,1121,32.7449188,4.94820929,1121.96692
-158,434,1065,-158.10672,441.872986,1065.99426
-526,343,1068,-526.205322,351.641296,1068.97864
-158,434,1065,-157.628357,439.717621,1065.92834
-244,154,1082,-243.747253,165.663284,1082.96753
-218,421,1087,-217.600266,426.908783,1087.91663
-313,160,1067,-313.222534,170.952866,1067.97485
-507,499,1079,-507.074493,515.500183,1079.99719
-346,448,1074,-345.788696,482.524628,1074.97742
-415,304,1085,-414.797943,338.411285,1085.97937
-388,168,1075,-387.901306,192.6828,1075.99512
-388,168,1075,-387.891907,193.03125,1075.99414
-389,42,1070,-388.911713,61.789608,1070.99609
-388,168,1075,-388.062042,194.045517,1075.99805
-415,304,1085,-415.200592,313.010986,1085.97961
-526,343,1068,-526.115234,351.766785,1068.99329
-507,499,1079,-507.292084,529.755737,1079.9563
-684,280,1037,-684.131348,321.752625,1037.99133
-591,511,1068,-591.115234,517.469482,1068.99329
-681,410,1061,-680.937561,413.127167,1061.99805
-766,491,1096,-766.808838,491.901367,1096.58789
-603,378,1046,-603.044128,390.523468,1046.99902
-742,281,1005,-742.479492,290.734711,1005.8775
-742,426,1008,-742.679138,431.015686,1008.73401
-742,426,1008,-742.495117,430.389984,1008.86877
-662,571,1074,-661.154785,575.719543,1074.53442
-800,432,992,-800.310608,434.217194,992.9505
-876,482,1013,-876.313477,483.17041,1013.94958
-766,491,1096,-766.9646,491.880737,1096.26343
-733,478,1162,-732.115906,527.23468,1162.46729
-729,612,1168,-728.190796,627.090759,1168.58752
-866,563,1229,-865.587646,577.347778,1229.91101
-729,612,1168,-728.574402,629.045715,1168.90491
-868,525,1227,-867.574951,552.451355,1227.90515
-1032,580,1253,-1031.86719,606.230103,1253.99109
-861,636,1233,-860.867188,651.993591,1233.99109
-1032,580,1253,-1031.32104,616.705994,1253.73413
-847,532,1148,-847.910645,532.485596,1147.58691
-825,509,1068,-825.098083,509.539124,1068.99512
-825,509,1068,-825.789001,509.614197,1068.61438
-805,482,1020,-805.322266,483.78717,1020.94659
-766,491,1096,-766.833496,491.945129,1096.55249
-876,482,1013,-876.108032,483.785522,1013.99414
-805,482,1020,-805.097656,483.783569,1020.99518
-889,517,1064,-889.261719,517.641785,1064.96509
-1063,568,1154,-1062.11572,568.561707,1154.46692
-1069,545,1080,-1068.51855,545.716187,1080.87646
-876,482,1013,-876.644531,483.222809,1013.76453
-1094,516,1048,-1093.49622,517.076477,1048.86377
-889,517,1064,-889.713928,517.787537,1064.7002
-866,563,1229,-865.867188,579.610291,1229.99109
-1130,555,1343,-1129.3208,558.428101,1343.73389
-1120,462,1017,-1119.41211,463.777985,1017.8089
-1025,462,948,-1024.41248,463.778229,948.809204
-1044,341,896,-1043.36536,345.805878,896.772766
-1474,823,1537,-1474.13086,828.793335,1537.99133
-1436,412,1393,-1435.57495,419.95578,1393.90515
-1222,436,1231,-1221.0155,440.729706,1230.82471
-1214,460,1163,-1213.00085,463.676514,1163.03906
-1214,460,1163,-1213.11572,462.992371,1163.46692
-1176,460,1091,-1175.11609,462.993622,1091.46765
-1143,396,988,-1142.15479,398.636292,988.534424
-1120,462,1017,-1119.1897,463.723785,1017.586
-1718,394,1447,-1718.04382,396.586975,1447.99902
-1718,394,1447,-1717.71741,396.931213,1447.95923
-1825,506,1438,-1825.1748,800.605225,1438.9845
-1958,538,1436,-1957.40076,542.737976,1436.80054
-2373,530,1505,-2372.93774,538.267761,1505.99805
-2091,516,1530,-2090.96289,519.914246,1530.99927
-2306,522,1500,-2306.04321,528.167114,1500.99902
-2431,517,1439,-2431.94702,521.134521,1439.32104
-2515,504,1385,-2515.66699,506.404877,1385.745
-1958,538,1436,-1957.53467,549.052856,1436.88513
-2316,347,1472,-2316.16309,354.924347,1472.98657
-2374,354,1483,-2373.84668,361.563599,1483.98816
-2316,273,1463,-2316.26221,281.826813,1463.96497
-2316,273,1463,-2315.84668,281.284698,1463.98816
-771,785,-937,-771.322266,785.607544,-937.946594
-844,780,-904,-843.922852,780.560608,-904.996948
-698,779,-969,-698.733459,779.463989,-969.679626
-844,780,-904,-843.412109,780.569092,-904.808838
-844,780,-904,-844.402344,780.514954,-904.915466
-755,761,-900,-755.402344,849.739746,-900.915405
-827,761,-869,-827.402527,849.717957,-869.915405
-755,761,-900,-755.411133,808.897034,-900.911499
-681,761,-933,-681.413086,808.972412,-933.910645
-557,638,-1040,-557.413086,648.900574,-1040.91064
-1019,882,-889,-1018.86731,886.751648,-889.99115
-1019,882,-889,-1019.55682,885.428894,-889.830627
-1175,895,-763,-1175.49512,900.573547,-763.868652
-1343,874,-626,-1343.91455,880.33667,-626.404236
-1427,897,-471,-1427.77466,906.65564,-471.632324
-1427,897,-471,-1427.99902,930.041138,-471.042267
-1493,496,383,-1493.74622,496.97171,383.665649
-1488,499,445,-1488.99121,499.897583,445.132263
-1466,517,500,-1466.73157,517.860229,500.681763
-1593,659,182,-1593.77466,660.54248,182.632355
-1605,662,-53,-1605.93127,670.454102,-53.3641319
-1317,711,-620,-1317.9054,813.949829,-620.424561
-1303,568,-720,-1303.53418,573.790466,-720.845276
-1579,662,269,-1579.98523,663.261475,269.170654
-1583,672,339,-1583.99414,672.817871,339.106476
-1529,676,375,-1529.51758,677.161316,375.85556
-1529,676,375,-1529.88757,678.959656,375.460663
-1487,657,442,-1487.995,659.883179,441.90033
-1540,588,-49,-1540.96655,621.200195,-49.2561035
-1580,584,15,-1580.92053,589.263794,14.609334
-1646,597,69,-1646.64648,600.233215,69.7628708
-1577,577,119,-1577.99402,581.280518,119.108299
-1537,596,269,-1537.99915,610.830322,269.041138
-1537,596,269,-1537.82837,613.161194,269.559967
-1388,416,564,-1388.99902,420.181305,563.955872
-1424,396,451,-1424.98035,503.339478,451.197021
-1528,460,268,-1528.70312,650.333069,268.710968
-1415,491,509,-1415.99902,493.711151,508.955841
-1456,463,373,-1456.98035,467.397675,373.196991
-1456,463,373,-1456.7749,468.062134,373.63205
-1528,460,268,-1528.85498,464.748016,268.518646
-1491,460,329,-1491.85498,464.746277,329.518616
-1462,550,558,-1462.84424,551.176025,558.535889
-1505,561,608,-1505.86792,561.889404,607.503296
-1411,506,567,-1411.78845,511.546326,566.384949
-1505,561,608,-1505.78064,562.132935,607.375061
-1537,658,672,-1537.76794,685.12738,671.359497
-1583,519,734,-1583.57251,521.700317,733.180115
-1532,403,755,-1532.61353,408.980499,754.210327
-1591,614,738,-1591.8092,637.64093,737.412476
-1670,596,849,-1670.88391,599.409912,848.532349
-1636,342,893,-1636.93127,346.60437,892.635742
-1522,662,606,-1522.97449,667.969299,605.775574
-1500,502,683,-1500.84961,504.680573,682.472595
-1583,519,734,-1583.63281,521.441956,733.225708
-1527,311,768,-1527.15137,319.092316,767.011536
-1580,406,762,-1580.15137,412.755127,761.011536
-1646,477,875,-1646.90479,484.90097,874.574219
-1748,341,959,-1747.72949,352.424744,958.037292
-1807,307,945,-1807.69739,313.022919,944.283325
-1957,319,1037,-1957.34961,321.659821,1036.06311
-1957,319,1037,-1956.95605,321.754089,1036.00098
-2057,275,1094,-2057.78931,282.506104,1093.38611
-2057,275,1094,-2057.41211,281.761536,1093.08887
-1646,477,875,-1646.40405,480.792725,874.085266
-1760,448,933,-1759.59583,453.621948,932.085327
-1890,380,980,-1890.69751,382.297211,979.283447
-1890,380,980,-1890.3623,382.047913,979.067993
-2035,333,1010,-2034.78418,334.611572,1009.02362
-2061,340,1067,-2061.93164,342.096405,1066.63672
-2061,340,1067,-2061.37695,342.478882,1066.07385
-1670,596,849,-1670.40234,599.539917,848.084534
-1813,596,896,-1812.62622,606.5755,895.07251
-1813,596,896,-1813.0614,611.705688,895.001892
-1944,494,911,-1944.52661,494.917542,910.149902
-1944,494,911,-1944.09802,494.591064,910.004822
-2076,472,988,-2076.85815,474.673248,987.486633
-2163,472,1010,-2163.37207,473.245148,1009.07184
-1829,419,908,-1829.6582,421.649231,907.247192
-1906,452,940,-1906.42651,453.698792,939.09552
-2041,410,975,-2040.69043,412.50473,974.049133
-2073,418,1022,-2073.92944,420.872986,1021.63104
-2163,439,1039,-2163.32251,440.511475,1038.05347
-1952,265,1057,-1952.42456,273.727997,1056.0946
-1804,254,954,-1804.67847,261.702332,953.265381
-1878,254,1024,-1878.69678,261.709747,1023.28271
-1746,271,966,-1745.75537,278.155396,965.030396
-1627,271,913,-1627.41113,310.099884,912.08844
-1746,271,966,-1746.41113,310.153687,965.08844
-1524,229,778,-1524.40234,238.294449,777.084534
-1524,229,778,-1524.71497,239.052979,777.300842
-1629,235,907,-1629.90491,240.377991,906.574402
-1576,226,801,-1576.46716,229.748474,800.115845
-1746,236,967,-1746.5022,252.59642,966.135254
-1363,234,558,-1363.85828,262.888824,557.486816
-1363,234,558,-1363.84937,324.221924,557.472229
-1877,227,1026,-1877.46741,258.097656,1025.11597
-1877,227,1026,-1877.58594,259.676453,1025.1897
-1746,271,966,-1745.84668,306.10321,965.011841
-1879,306,1014,-1879.67859,312.583618,1013.2655
-1878,254,1024,-1878.67773,266.589935,1023.26471
-1746,236,967,-1746.04407,254.098038,966.000977
-1746,236,967,-1745.79297,238.482605,966.021667
-1803,227,958,-1803.67773,229.310013,957.264709
-1877,227,1026,-1877.67786,229.308609,1025.26489
-1952,265,1057,-1952.42419,276.815277,1056.09448
-2327,334,1094,-2326.38477,338.899536,1093.21167
-2453,281,1010,-2452.2666,286.968048,1009.32025
-2497,283,951,-2496.68164,286.830597,950.052063
-2616,287,898,-2615.37012,294.689789,897.223328
-2328,268,1110,-2327.38525,273.481171,1109.2113
-2328,268,1110,-2327.88281,272.821838,1109.00696
-2453,281,1010,-2452.39648,286.331512,1009.2027
-2150,274,1136,-2149.84668,281.784241,1135.01184
-2163,472,1010,-2162.91113,473.095642,1009.00397
-2417,491,917,-2416.47168,492.21167,916.151001
-2468,493,868,-2467.32031,494.243286,867.266541
-2534,494,851,-2533.75879,495.842407,850.029541
-2582,497,818,-2581.46387,499.225403,817.155884
-2598,376,872,-2597.35938,378.866577,871.232178
-2551,374,913,-2550.84668,377.082062,912.011841
-2443,415,975,-2442.14087,417.824951,974.488281
-2443,415,975,-2442.41235,417.609314,974.190918
-2163,439,1039,-2163.04395,440.518463,1038.00098
-2323,460,1007,-2322.9375,460.965698,1006.00201
-2323,460,1007,-2322.44434,461.116455,1006.16864
-2327,407,1063,-2326.92285,409.372406,1062.00305
-2073,418,1022,-2073.36255,419.646271,1021.06805
-2163,472,1010,-2163.24316,473.61731,1009.03003
-2076,472,988,-2076.24316,473.617004,987.030029
-2156,337,1106,-2156.41211,339.182556,1105.08887
-2150,274,1136,-2150.37744,283.836273,1135.07397
-2156,337,1106,-2155.92285,341.155365,1105.00305
-2327,407,1063,-2326.42578,409.800598,1062.1814
-2454,361,993,-2453.41895,367.0867,992.186157
-2454,361,993,-2453.21411,369.429016,992.381653
-2551,374,913,-2550.77539,377.952759,912.025574
-2468,493,868,-2467.79297,494.873016,867.021667
-2468,493,868,-2467.13525,495.685333,867.497803
-2489,367,930,-2488.1438,371.829529,929.483398
-2566,286,939,-2565.8291,293.165131,938.014771
-2566,286,939,-2565.39258,293.99762,938.205627
-2551,374,913,-2550.3855,376.877228,912.211121
-2534,494,851,-2533.35376,496.140656,850.236877
-2404,353,1399,-2404.93433,400.583282,1399.35608
-2477,353,1335,-2477.6582,375.86145,1335.75281
-2404,353,1399,-2404.6582,375.878021,1399.75281
-2623,353,1285,-2623.31934,358.929108,1285.94763
-2477,353,1335,-2477.32227,358.929108,1335.94653
-2670,419,1210,-2670.79736,441.374054,1210.60339
-2373,530,1505,-2373.74414,542.474792,1505.66797
-2374,354,1483,-2373.8291,361.871979,1483.98523
-2431,517,1439,-2431.50195,520.321106,1439.86487
-2374,354,1483,-2374.94604,379.885193,1483.32385
-2477,353,1335,-2477.77271,360.668915,1335.63452
-2628,429,1299,-2628.32227,434.135559,1299.94653
-2515,504,1385,-2515.42822,506.414154,1385.90356
-2628,429,1299,-2628.90503,436.385376,1299.42529
-2735,484,1141,-2735.78931,492.395935,1141.61389
-2623,353,1285,-2623.18579,387.31015,1285.98254
-2670,419,1210,-2670.87158,443.180511,1210.49011
-1825,506,1438,-1825.74329,576.171265,1438.66882
-1801,353,1457,-1801.67969,378.873688,1457.7334
-1044,341,896,-1044.28223,344.519806,896.95929
-1191,483,1219,-1190.00964,484.468842,1218.86157
-1025,462,948,-1024.4657,464.288849,948.845276
-1094,516,1048,-1093.41223,517.347473,1048.80896
-1110,558,1206,-1109.11584,558.588989,1206.46716
-1110,558,1206,-1109.02905,558.598511,1205.76074
-1157,519,1153,-1156.15479,520.171997,1153.53442
-1157,519,1153,-1156.00684,520.37085,1153.11658
-1110,558,1206,-1109.00195,558.778687,1206.06091
-1069,545,1080,-1068.16748,545.721497,1080.55396
-1157,519,1153,-1156.00098,520.033691,1152.95593
-1094,516,1048,-1093.1897,517.348633,1048.58594
-1176,460,1091,-1175.05347,461.935394,1091.32251
-1232,395,1151,-1231.00098,399.898926,1150.95593
-1219,397,1299,-1218.3208,402.492676,1299.73389
-1120,462,1017,-1119.21411,463.786499,1017.61835
-1203,395,1064,-1202.05347,399.598145,1064.32239
-1235,379,1225,-1234.00098,383.784851,1224.95593
-1232,395,1151,-1231.05078,399.144012,1151.31445
-1203,395,1064,-1202.04968,399.144012,1064.31116
-1222,436,1231,-1221.00098,440.349274,1230.95593
-1157,519,1153,-1156.11572,520.274414,1153.46692
-1309,332,1196,-1308.57422,335.577728,1196.90479
-1373,332,1256,-1372.32104,335.701691,1256.73413
-1309,332,1196,-1308.32104,335.704041,1196.73413
-1214,232,1055,-1213.2478,234.939056,1055.65894
-1238,366,1147,-1237.05359,370.263336,1147.32288
-1232,393,1226,-1231.00098,397.625763,1225.95593
-1219,397,1299,-1218.01562,400.839172,1298.82397
-1232,393,1226,-1231.0116,397.994385,1225.84827
-1235,379,1225,-1234.30176,379.650604,1225.71582
-1281,376,1276,-1280.32104,376.588837,1276.73413
-1235,379,1225,-1234.21033,379.605804,1225.61353
-1332,407,1342,-1331.82947,412.373779,1342.98535
-1335,383,1338,-1334.35352,383.588867,1338.76282
-1309,332,1196,-1308.32166,335.720459,1196.73474
-1143,396,988,-1142.21033,400.115051,988.613525
-1203,264,1059,-1202.16943,266.862915,1059.55688
-1243,265,1144,-1242.09656,267.735657,1144.42859
-1243,232,1144,-1242.05273,234.68634,1144.32031
-1214,232,1055,-1213.05078,234.690247,1055.31445
-1380,229,1236,-1379.2478,271.518188,1236.65894
-1049,233,874,-1049.30847,240.49617,874.951233
-1049,233,874,-1048.30212,240.553284,874.716187
-883,231,938,-883.750977,246.097672,938.660034
-860,231,964,-860.751038,246.094009,964.660156
-1049,265,880,-1049.28223,270.536743,880.95929
-1032,397,918,-1031.46558,399.218079,918.845215
-1044,341,896,-1044.24316,346.285431,896.969971
-1044,341,896,-1043.44519,466.61972,896.83197
-1143,396,988,-1142.44446,398.637146,988.831482
-988,509,978,-988.044067,510.603088,978.999023
-1032,397,918,-1032.07532,399.669342,918.997131
-793,314,973,-793.556641,334.445892,973.830688
-861,321,970,-861.043945,335.801147,970.999023
-915,325,929,-915.613281,328.632751,929.789795
-800,432,992,-800.061218,434.335144,992.998108
-863,441,980,-863.658203,445.834229,980.752686
-918,450,944,-918.075195,452.948822,944.997131
-988,509,978,-988.338928,510.065704,978.940735
-934,500,988,-934.618347,501.160461,988.785889
-1025,462,948,-1025.04297,464.173218,948.999023
-918,450,944,-918.58606,453.072357,944.810242
-863,441,980,-863.213928,445.410767,980.976807
-681,410,1061,-681.658203,413.902069,1061.75281
-679,353,1043,-679.488281,378.682373,1043.87268
-742,281,1005,-742.526367,290.675018,1005.85016
-790,228,970,-790.087158,241.009308,970.996155
-793,314,973,-793.097656,340.193359,973.995178
-861,321,970,-861.751038,340.293182,970.660156
-1049,233,874,-1049.26892,304.461823,874.963135
-684,280,1037,-684.585999,367.563721,1037.8103
-788,200,968,-788.501953,209.11348,968.864807
-735,166,995,-735.62915,213.830505,995.777283
-686,166,1034,-686.632812,213.82457,1034.77429
-1373,332,1256,-1372.21399,334.704651,1256.61816
-1502,329,1423,-1501.21033,331.294952,1423.61353
-1615,313,1431,-1615.5509,318.415863,1431.83447
-1335,383,1338,-1334.16992,383.658386,1338.55762
-1457,327,1364,-1456.24731,329.553619,1364.65833
-1373,332,1256,-1372.24731,335.923737,1256.65833
-1438,391,1391,-1437.57422,392.971893,1391.90479
-1438,391,1391,-1437.21033,393.051971,1391.61353
-1332,407,1342,-1331.5752,411.817139,1342.90527
-1438,391,1391,-1437.21045,392.989227,1391.61365
-1436,412,1393,-1435.32092,419.28244,1393.73401
-1530,368,1473,-1530.42969,413.950562,1473.90295
-1502,329,1423,-1501.00574,332.783081,1423.10645
-1620,390,1451,-1620.30762,393.636505,1451.95142
-1524,235,1480,-1523.00195,822.26062,1480.06091
-1524,235,1480,-1524.53418,274.775055,1480.84534
-1524,481,1480,-1524.22266,493.996796,1480.97485
-1800,408,1463,-1799.82324,417.00116,1463.98425
-1620,390,1451,-1620.15137,393.855164,1451.9884
-1801,353,1457,-1800.60938,373.430511,1457.92053
-1714,318,1418,-1714.14465,322.898956,1418.98938
-1714,318,1418,-1713.53333,323.180878,1418.8844
-1800,408,1463,-1800.67969,422.726379,1463.7334
-1801,277,1453,-1800.58691,301.097778,1453.91064
-1615,313,1431,-1615.13843,317.501953,1431.99036
-1831,276,1443,-1831.6134,282.496368,1443.78967
-1831,276,1443,-1831.1156,283.792633,1443.99329
-1954,274,1434,-1953.73718,278.991333,1434.96484
-1958,538,1436,-1958.0437,547.096375,1436.99902
-2096,351,1490,-2095.53223,356.608948,1490.88379
-2097,276,1475,-2096.73633,281.131134,1475.9646
-1831,276,1443,-1831.07581,281.036163,1443.99707
-1801,277,1453,-1801.32251,306.850433,1453.94653
-2230,508,1529,-2230.09839,511.195526,1529.99512
-2306,522,1500,-2306.40332,525.554016,1500.91504
-2096,351,1490,-2096.10693,356.269135,1490.99426
-2097,276,1475,-2096.96191,281.01181,1475.99927
-2306,522,1500,-2305.8291,527.942078,1500.98523
-1315,568,-621,-1315.849,578.652039,-621.528198
-1422,582,-449,-1422.99902,744.267151,-449.043701
-1531,582,-119,-1531.94214,588.895935,-119.335052
-1551,587,-179,-1551.90222,589.413086,-179.431244
-1502,724,-250,-1502.70129,731.297119,-250.712845
-1605,662,-53,-1605.99902,663.13385,-53.0436668
-1458,888,-396,-1458.7168,890.107483,-396.697266
-1614,813,-262,-1614.93616,813.848511,-262.35144
-1717,827,-133,-1717.94739,827.611511,-133.320084
-1163,729,-736,-1163.55664,739.354126,-736.830627
-686,128,1033,-686.852051,128.600082,1032.47656
-585,87,997,-585.84906,87.556839,996.471741
322,-101,-410,322.556946,-100.188797,-409.169464
322,-101,-410,322.335907,-100.21154,-409.058105
467,-101,-463,467.33667,-100.208084,-462.05838
492,195,-210,492.223572,196.216553,-209.025314
602,195,-237,602.234375,196.217636,-236.027863
712,195,-210,711.480469,196.200043,-209.145554
810,195,-151,809.480469,196.198318,-150.145554
738,-101,-463,737.609131,-100.082024,-462.079559
873,-101,-406,872.608582,-100.083138,-405.079803
873,-101,-406,872.415039,-100.076385,-405.188965
985,-101,-326,984.415039,-100.075729,-325.188965
286,1,-260,286.525726,1.93102205,-259.149353
434,1,-350,434.525879,1.93128276,-349.149445
434,1,-350,434.346466,2.08853674,-349.061951
602,1,-392,602.235168,1.99972284,-391.028046
434,1,-350,434.226288,1.99961472,-349.02594
602,1,-392,601.763733,2.00460315,-391.02832
770,1,-350,769.759766,2.00641704,-349.029297
770,1,-350,769.608398,2.1328969,-349.079895
919,1,-260,918.480591,2.01189852,-259.145477
770,1,-350,769.480469,2.0094285,-349.145569
743,99,-284,742.48114,100.397606,-283.145142
868,99,-209,867.480774,100.397606,-208.14537
602,99,-319,601.763733,100.402191,-318.02832
743,99,-284,742.763733,100.403969,-283.02832
461,99,-284,461.223511,100.385086,-283.025299
602,99,-319,602.234497,100.383492,-318.027893
337,99,-209,337.525757,100.393822,-208.149368
461,99,-284,461.526031,100.395393,-283.149536
839,147,-180,838.480469,148.216354,-179.145554
602,147,-278,601.763733,148.216919,-277.02832
602,147,-278,602.235291,148.198975,-277.028076
366,147,-180,366.526031,148.20079,-179.149536
810,195,-151,809.480469,196.203094,-150.145554
602,195,-237,601.763733,196.218399,-236.02832
602,195,-237,602.235168,196.204941,-236.028046
395,195,-151,395.525726,196.207291,-150.149353
366,147,-180,366.525757,148.192093,-179.149368
477,147,-247,477.520691,148.189484,-246.146255
477,147,-247,477.223511,148.218033,-246.025299
602,147,-278,602.235168,148.219589,-277.028046
602,147,-278,601.759766,148.208115,-277.029297
728,147,-247,727.759766,148.208206,-246.029297
728,147,-247,727.481567,148.237717,-246.144882
839,147,-180,838.480469,148.239349,-179.145554
868,99,-209,867.480652,100.407959,-208.145447
602,99,-319,601.759766,100.395538,-318.029297
602,99,-319,602.235291,100.378525,-318.028076
337,99,-209,337.525726,100.396309,-208.149353
919,1,-260,918.415039,2.10223603,-259.188965
985,-101,-326,984.415771,-100.107864,-325.188416
738,-101,-463,737.609985,-100.086327,-462.079193
602,1,-392,601.844727,2.11959219,-391.012146
602,1,-392,602.153809,2.11718535,-391.011902
467,-101,-463,467.221741,-100.084152,-462.024902
160,-135,-352,160.649612,-133.881073,-351.239746
286,1,-260,286.501831,1.92588449,-259.13504
602,-101,-485,601.844727,-100.098228,-484.012146
602,-101,-485,602.154968,-100.096855,-484.012085
810,195,-151,809.139038,196.228622,-150.491333
869,195,-54,868.147827,196.230347,-53.4767418
896,195,56,895.05249,196.13356,55.680275
877,195,112,876.050476,196.134308,111.68631
978,99,56,977.02417,100.418571,55.7814713
961,99,127,960.02417,100.418472,126.781471
868,99,-209,867.139099,100.401428,-208.491241
943,99,-85,942.142944,100.404068,-84.4847794
919,1,-260,918.182007,2.09372592,-259.424774
1029,1,140,1028.03125,2.15018773,139.751968
1050,1,56,1049.03296,2.15203023,55.7453804
896,195,56,895.024231,196.204544,56.2186508
869,195,-54,868.026123,196.203781,-53.7729263
937,147,56,936.032898,148.22998,56.2543106
906,147,-69,905.029846,148.228745,-68.757515
943,99,-85,942.028992,100.433815,-84.7609558
978,99,56,977.029846,100.431709,56.2423782
1008,1,-112,1007.07043,2.12757897,-111.631348
1065,-101,-215,1064.07581,-100.091949,-214.618088
1050,1,56,1049.03296,1.98653519,56.2545891
1008,1,-112,1007.03082,1.98662162,-111.753639
1143,-101,56,1142.0116,-100.102013,56.1517296
896,195,56,895.028076,196.192551,56.2352715
810,195,-151,809.139038,196.201096,-150.491333
937,147,56,936.029846,148.2034,56.242321
839,147,-180,838.139038,148.210938,-179.491333
978,99,56,977.032898,100.416328,56.2543144
868,99,-209,867.139221,100.420601,-208.491028
919,1,-260,918.139709,1.9970032,-259.490204
1008,1,-112,1007.14294,1.99924815,-111.484779
1065,-101,-215,1064.07886,-100.085793,-214.610779
1121,-101,-79,1120.07007,-100.083893,-78.6322708
1121,-101,-79,1120.0116,-100.089333,-78.8481522
1143,-101,56,1142.01453,-100.090324,56.1697083
1050,1,56,1049.0116,2.09720325,56.15168
985,-101,-326,984.181946,-100.093651,-325.424866
1065,-101,-215,1064.18201,-100.093239,-214.424774
858,195,168,857.053406,196.135147,167.677582
877,195,112,876.050476,196.134308,111.68631
839,147,293,838.14209,148.212204,292.486206
943,99,197,942.141968,100.400482,196.486404
868,99,322,867.141968,100.399117,321.48642
919,1,373,918.181885,2.0955472,372.424957
1065,-101,328,1064.18188,-100.094147,327.424957
985,-101,439,984.182007,-100.094482,438.424774
1121,-101,192,1120.07886,-100.073524,191.610779
1065,-101,328,1064.07288,-100.075172,327.625275
1008,1,225,1007.03204,2.00209904,224.748886
1029,1,140,1028.02808,2.00209904,139.764709
961,99,127,960.032959,100.437805,126.745384
943,99,197,942.031982,100.438751,196.74913
919,147,119,918.03302,148.114471,118.745155
901,147,183,900.034912,148.116119,182.738083
712,195,323,711.767761,196.213837,322.027344
602,195,350,601.763733,196.213348,349.02832
602,1,504,601.767578,2.00188851,503.027405
770,1,463,769.603516,2.09975743,462.08197
492,195,323,492.514404,196.222992,322.142456
395,195,264,395.513184,196.221359,263.141724
434,1,463,434.513031,1.99432147,462.141632
286,1,373,286.514099,1.99699497,372.142273
434,1,463,434.377686,2.12989736,462.074066
461,99,397,461.51358,100.394119,396.141968
337,99,322,337.513947,100.392548,321.142181
602,99,432,602.231323,100.384827,431.02713
461,99,397,461.235779,100.386658,396.028198
743,99,397,742.763672,100.405273,396.028351
602,99,432,601.767883,100.403496,431.027313
868,99,322,867.492188,100.398964,321.13855
743,99,397,742.480713,100.399071,396.145416
839,147,293,838.480469,148.21669,292.145569
602,147,391,601.767761,148.216263,390.027344
602,147,391,602.231018,148.198318,390.027069
366,147,293,366.513123,148.201355,292.141693
331,-101,519,331.461365,-100.090179,518.112793
200,-101,453,200.455215,-100.09082,452.109619
467,-101,575,467.381897,-100.080383,574.075806
331,-101,519,331.382355,-100.082367,518.075989
602,-92,599,602.243164,-91.1013947,598.030029
602,-92,599,601.754883,-91.0868683,598.030518
873,-101,519,872.609375,-100.086815,518.079468
738,-101,575,737.610779,-100.084496,574.078857
985,-101,439,984.427795,-100.10733,438.179901
395,195,264,395.512665,196.206635,263.141418
602,195,350,602.232361,196.203064,349.027374
602,195,350,601.767578,196.219971,349.027405
810,195,264,809.48053,196.202438,263.145538
810,195,264,809.13031,196.205048,263.506409
901,147,183,900.130371,148.097687,182.506302
839,147,293,838.130371,148.100418,292.506317
839,147,293,838.475952,148.240402,292.148315
728,147,360,727.480652,148.23877,359.145447
602,147,391,601.767883,148.206573,390.027313
728,147,360,727.767578,148.206619,359.027405
602,147,391,602.230652,148.221893,390.026978
477,147,360,477.235138,148.220566,359.028046
366,147,293,366.512665,148.191559,292.141418
477,147,360,477.513947,148.188904,359.142181
337,99,322,337.513794,100.395195,321.14209
602,99,432,602.232239,100.391533,431.027344
602,99,432,601.767761,100.408585,431.027344
868,99,322,867.480652,100.406067,321.145447
868,99,322,867.139038,100.419136,321.491333
1008,1,225,1007.07281,2.12630272,224.625397
919,1,373,918.141968,1.99518991,372.48642
1008,1,225,1007.14197,1.99752128,224.486404
919,1,373,918.475769,2.01033854,372.148438
770,1,463,769.481995,2.00791192,462.144623
770,1,463,769.767761,2.02749324,462.027344
602,1,504,601.767639,2.02563024,503.027374
602,1,504,602.232239,2.0091784,503.027344
434,1,463,434.235016,2.00805044,462.028015
286,1,373,286.456238,1.93744338,372.110168
331,-101,519,331.38266,-100.087212,518.076111
602,-92,599,602.151367,-90.9923782,598.011536
602,-92,599,601.823608,-91.0179443,598.015686
873,-101,519,872.621094,-100.091934,518.074585
985,-101,439,984.427917,-100.074287,438.17981
873,-101,519,872.412109,-100.074944,518.191101
985,-101,439,984.181885,-100.084297,438.424957
200,-101,453,200.462524,-100.076012,452.113403
366,147,293,366.850067,148.222763,292.473328
299,147,182,299.850342,148.221085,181.47377
337,99,322,337.852936,100.375221,321.477997
262,99,197,262.850464,100.37645,196.473969
309,195,56,309.971649,196.212723,55.7635803
336,195,166,336.970612,196.213226,165.759354
268,147,56,268.970673,148.216965,55.7595978
299,147,182,299.969604,148.217056,181.755325
262,99,197,262.969604,100.380608,196.755325
227,99,56,227.971695,100.382118,55.7637634
309,195,56,309.97168,196.200348,55.7636986
395,195,264,395.84967,196.208557,263.472687
268,147,56,268.971649,148.211868,55.7635803
366,147,293,366.864563,148.20845,292.497498
227,99,56,227.966705,100.347244,55.7441101
337,99,322,337.84967,100.399643,321.472687
309,195,56,309.972626,196.197601,56.2323036
227,99,56,227.966599,100.349632,56.2562637
268,147,56,268.97168,148.21022,56.2362747
309,195,56,309.972626,196.220306,56.232296
334,195,-49,334.972656,196.21933,-48.7677536
268,147,56,268.972656,148.218613,56.2322273
298,147,-67,298.97168,148.21991,-66.7637024
227,99,56,227.972656,100.385559,56.2322464
262,99,-85,262.972656,100.387306,-84.7677536
810,195,264,809.102173,196.048874,263.559662
858,195,168,857.100098,196.048798,167.563919
395,195,-151,395.818115,196.187363,-150.424957
294,99,-151,294.808167,100.400703,-150.411057
337,99,-209,337.808044,100.39975,-208.410889
262,99,-85,262.898865,100.41185,-84.5617905
294,99,-151,294.899902,100.41217,-150.563919
943,99,197,942.030945,100.399612,196.753159
978,99,56,977.033142,100.413704,55.7446861
1029,1,140,1028.01086,2.04215169,139.852997
1143,-101,56,1142.01257,-100.090546,55.8419266
1121,-101,192,1120.01062,-100.091377,191.85466
1065,-101,328,1064.073,-100.10331,327.624969
-360,107,367,-360.198395,107.873528,366.019897
-480,107,391,-480.198425,107.875465,390.019897
-381,139,331,-381.562958,139.771149,330.173523
-292,139,270,-292.563232,139.771423,269.173706
-381,139,331,-381.2034,139.804062,330.020905
-340,74,403,-340.188416,75.0816269,402.017914
-481,74,430,-481.188538,75.0797348,429.017944
-216,74,322,-216.544891,75.1354141,321.161499
-340,74,403,-340.544891,75.1342621,402.161499
-311,1,461,-311.217621,1.91882777,460.023987
-478,1,498,-478.217499,1.91575289,497.023956
-167,1,368,-167.5448,1.94161153,367.161438
-311,1,461,-311.54541,1.94100225,460.161835
-392,-101,592,-392.292175,-100.310799,591.04364
-244,-101,546,-244.296341,-100.308113,545.044922
-80,-101,458,-80.4633026,-100.046326,457.1138
-244,-101,546,-244.473602,-100.043755,545.119263
-244,-101,546,-244.600327,-100.275871,545.200256
-392,-101,592,-392.219299,-100.24147,591.024353
-311,1,461,-311.291077,2.01886559,460.043304
-216,74,322,-216.5448,75.1140518,321.161438
-167,1,368,-167.477493,1.84705412,367.121368
-340,74,403,-340.217499,75.1590958,402.023956
-254,107,296,-254.5448,107.778214,295.161438
-360,107,367,-360.188354,107.847427,366.017914
-292,139,270,-292.562958,139.756271,269.173523
-381,139,331,-381.2034,139.832382,330.020905
-479,139,351,-479.2034,139.834198,350.020905
-776,107,177,-775.130432,107.867699,176.506195
-715,107,286,-714.13031,107.868866,285.506409
-879,1,229,-878.072815,2.06528831,228.625397
-811,107,57,-810.04071,107.888458,56.7175789
-776,107,177,-775.039734,107.887077,176.720917
-549,-101,595,-549.043884,-100.021828,594.000977
-392,-101,592,-392.042267,-100.023186,591.000916
-718,1,414,-717.492371,1.93725741,413.138428
-718,1,414,-717.46582,1.9731102,413.154633
-645,1,461,-644.46582,1.97268295,460.154633
-562,1,479,-561.785339,1.90894198,478.023315
-478,1,498,-477.776489,1.90969014,497.025299
-531,139,328,-530.603516,139.733856,327.08197
-479,139,351,-478.601166,139.733551,350.082977
-551,74,414,-550.785217,75.108551,413.023346
-481,74,430,-480.785461,75.1097336,429.023285
-480,107,391,-479.776398,107.857559,390.02533
-620,74,399,-619.785217,75.1180801,398.023346
-551,74,414,-550.785156,75.1165771,413.023376
-679,74,355,-678.405273,75.0294495,354.196075
-620,74,399,-619.405273,75.0294495,398.196075
-739,74,312,-738.415222,75.0496597,311.188812
-679,74,355,-678.427734,75.0484314,354.179962
-598,107,353,-597.785156,107.677856,352.023376
-657,107,320,-656.405273,107.809387,319.196075
-715,107,286,-714.415222,107.927269,285.188812
-577,139,309,-576.632812,139.648499,308.069855
-531,139,328,-530.603516,139.648544,327.08197
-641,139,282,-640.511719,139.782532,281.127319
-691,139,261,-690.492371,139.939896,260.138428
-645,1,461,-644.785217,2.03939819,460.023346
-562,1,479,-561.7901,2.0387435,478.022278
-696,-101,552,-695.736755,-100.083237,551.035278
-739,74,312,-738.46582,74.9846039,311.154633
-790,1,368,-789.465942,1.90663445,367.154572
-718,1,414,-717.465881,1.9081254,413.154602
-696,-101,552,-695.531311,-100.066574,551.116638
-840,-101,468,-839.492188,-100.111862,467.13855
-696,-101,552,-695.496094,-100.115273,551.136292
-549,-101,595,-548.716187,-100.034714,594.041138
-696,-101,552,-695.71582,-100.031113,551.04126
-478,1,498,-478.043396,2.07913876,497.000946
-620,74,399,-619.46582,75.1156769,398.154633
-620,74,399,-619.785217,75.1225052,398.023346
-481,74,430,-480.785461,75.1124344,429.023285
-539,107,372,-538.698242,107.745255,371.046631
-480,107,391,-479.688782,107.745674,390.049683
-598,107,353,-597.698242,107.744835,352.046631
-539,107,372,-538.698242,107.745255,371.046631
-657,107,320,-656.509766,107.654282,319.128418
-598,107,353,-597.51062,107.654175,352.12793
-715,107,286,-714.492188,107.793228,285.13855
-657,107,320,-656.492188,107.792603,319.13855
-742,139,163,-741.112793,139.875397,162.538635
-691,139,261,-690.112732,139.874634,260.538757
-771,139,57,-770.032959,139.871841,56.7453804
-742,139,163,-741.034912,139.87291,162.738083
-691,139,261,-690.603516,139.759552,260.08197
-641,139,282,-640.608704,139.760239,281.079742
-479,139,351,-478.689117,139.833496,350.049561
-739,74,312,-738.161438,75.0024109,311.4552
-771,139,57,-770.040955,139.829285,56.7167511
-691,139,261,-690.130249,139.973465,260.506531
-811,107,57,-810.03302,108.038048,56.7451515
-715,107,286,-714.146851,107.977219,285.478363
-811,74,192,-810.026184,74.9574051,191.772675
-919,1,57,-918.02417,1.98100853,56.7814713
-879,1,229,-878.025208,1.97861016,228.776901
-790,1,368,-789.199402,2.0315001,367.400818
-811,74,192,-810.146851,74.9301529,191.478348
-739,74,312,-738.146851,74.9331741,311.478363
-811,74,192,-810.031982,75.0189209,191.74913
-844,74,57,-843.032959,75.0183182,56.7453804
-1028,-99,57,-1027.03198,-98.028862,56.7491188
-939,-101,336,-938.072815,-100.030113,335.625397
-840,-101,468,-839.206299,-100.054665,467.391693
-790,1,368,-789.161438,1.96203017,367.4552
-879,1,229,-878.161438,1.96152687,228.4552
-939,-101,336,-938.073059,-100.055099,335.624817
-990,-101,209,-989.072876,-100.053078,208.625259
-840,-101,468,-839.206299,-100.048943,467.391693
-939,-101,336,-938.199402,-100.046097,335.400818
-919,1,57,-918.032959,1.95130575,56.7453804
-1028,-99,57,-1027.03296,-98.0458527,56.7453804
-736,139,-53,-735.168518,139.953583,-52.4444504
-676,139,-142,-675.17218,139.952652,-141.439011
-791,1,-255,-790.28418,2.085639,-254.301727
-768,107,-65,-767.168335,108.004433,-64.444725
-700,107,-167,-699.17218,108.005852,-166.439011
-811,107,57,-810.058716,107.937866,57.3375816
-768,107,-65,-767.058289,107.93824,-64.6635818
-801,74,-78,-800.175049,74.8070374,-77.4347992
-723,74,-192,-722.172302,74.8077393,-191.438828
-844,74,57,-843.046509,74.89814,57.3014107
-801,74,-78,-800.047485,74.9007797,-77.6955109
-791,1,-255,-790.13031,1.8965857,-254.506409
-880,1,-95,-879.131287,1.89625788,-94.5046921
-919,1,57,-918.032898,1.94403005,57.2543106
-880,1,-95,-879.032898,1.94150794,-94.7456131
-919,-101,-259,-918.269531,-100.018356,-258.317078
-817,-101,-365,-816.274414,-100.021584,-364.31189
-985,-101,-119,-984.092102,-100.109848,-118.580811
-919,-101,-259,-918.087524,-100.111969,-258.590881
-1028,-99,57,-1027.03296,-98.0817871,57.2544632
-985,-101,-119,-984.077637,-100.039978,-118.613678
-919,1,57,-918.032959,1.95916677,57.2545433
-1028,-99,57,-1027.026,-98.0297699,57.2263794
-919,-101,-259,-918.311646,-100.08329,-258.274628
-880,1,-95,-879.09137,1.95335352,-94.5824051
-844,74,57,-843.032898,75.0082703,57.2543106
-801,74,-78,-800.119812,74.9609833,-77.5253754
-811,107,57,-810.046631,108.032364,57.3017273
-768,107,-65,-767.168701,107.957008,-64.4441757
-771,139,57,-770.058533,139.836014,57.337101
-736,139,-53,-735.168335,139.969391,-52.444725
-590,139,-211,-589.865356,139.950272,-210.009109
-475,139,-228,-474.857971,139.950912,-227.010147
-605,107,-248,-604.910339,107.866325,-247.004028
-605,107,-248,-604.330261,107.871078,-247.257416
-620,74,-285,-619.910339,74.8357239,-284.004028
-476,74,-297,-475.910675,74.8376389,-296.003998
-723,74,-192,-722.330078,75.1649933,-191.257584
-620,74,-285,-619.330078,75.1663971,-284.257599
-478,1,-384,-477.785461,1.94847095,-383.023285
-645,1,-347,-644.480591,1.98047876,-346.145477
-478,-101,-493,-477.785767,-99.895401,-492.023224
-686,-101,-446,-685.776489,-99.8910751,-445.025299
-817,-101,-365,-816.480469,-99.9183044,-364.145569
-686,-101,-446,-685.480469,-99.9227753,-445.145569
-478,-101,-493,-477.714966,-100.053825,-492.041504
-817,-101,-365,-816.526367,-100.047249,-364.119293
-791,1,-255,-790.466614,1.94569969,-254.154129
-645,1,-347,-644.470703,1.94763982,-346.151581
-723,74,-192,-722.46582,74.8240433,-191.154633
-700,107,-167,-699.349609,107.966148,-166.240402
-605,107,-248,-604.350037,107.967209,-247.240036
-605,107,-248,-604.899475,107.953278,-247.005066
-475,107,-262,-474.890259,107.951851,-261.006042
-620,74,-285,-619.776367,75.1016541,-284.02533
-478,1,-384,-477.785461,1.96386194,-383.023285
-645,1,-347,-644.777832,1.96454108,-346.024994
-590,139,-211,-589.899414,139.841476,-210.005081
-590,139,-211,-589.349609,139.838669,-210.240402
-276,139,-146,-276.547821,139.936813,-145.163406
-369,139,-207,-369.547821,139.93895,-206.163406
-311,1,-347,-311.432159,2.0634954,-346.098206
-174,107,-64,-174.884796,107.759064,-63.5340233
-212,139,-43,-212.973602,139.768265,-42.7717514
-245,107,-177,-245.488373,107.950035,-176.127365
-355,107,-239,-355.486542,107.950783,-238.126343
-355,107,-239,-355.193359,107.972275,-238.018875
-475,107,-262,-475.193451,107.973549,-261.01889
-214,74,-207,-214.547913,75.1215363,-206.163467
-476,74,-297,-476.212708,74.8552933,-296.022888
-311,1,-347,-311.548309,1.98908877,-346.163727
-167,1,-254,-167.547821,1.9881891,-253.163406
-478,1,-384,-478.193726,1.95191896,-383.018951
-35,-135,-353,-35.5352936,-133.840836,-352.155334
-340,-101,-467,-340.416931,-100.032906,-466.091064
-478,-101,-493,-478.193542,-100.077148,-492.018921
-276,139,-146,-276.48645,139.758865,-145.126297
-355,107,-239,-355.193359,107.96347,-238.018875
-476,74,-297,-476.193604,74.9067307,-296.018921
-341,74,-271,-341.19339,74.9082947,-270.01889
-214,74,-207,-214.460281,74.9000244,-206.112228
-341,74,-271,-341.460236,74.9003906,-270.112213
-245,107,-177,-245.460281,107.805069,-176.112228
-369,139,-207,-369.19342,139.935852,-206.01889
-478,1,-384,-478.21283,1.93179119,-383.022919
-311,1,-347,-311.221527,1.92816305,-346.024872
-340,-101,-467,-340.43222,-100.056061,-466.098236
-210,-101,-405,-210.432022,-100.056755,-404.098145
-478,-101,-493,-478.193573,-100.071838,-492.018921
-340,-101,-467,-340.19342,-100.071335,-466.01889
-212,139,161,-212.82515,139.764999,160.435089
-174,107,180,-174.83725,107.792892,179.453186
-174,107,180,-174.975662,107.803436,179.780731
-136,74,198,-136.837631,75.1042862,197.453766
-216,74,322,-216.837509,75.1062927,321.453583
-104,74,57,-104.974197,75.102623,56.7743034
-136,74,198,-136.975616,75.1055756,197.780533
-74,1,224,-74.8424683,2.16063166,223.461258
-167,1,368,-167.838089,2.16134429,367.454468
-74,1,224,-74.9678345,2.23615599,223.748413
-80,-101,458,-80.9346848,-100.049088,457.644531
-216,74,322,-216.838226,75.0977554,321.454681
-104,74,57,-104.965767,75.0092926,56.740593
-145,107,57,-145.972778,107.826729,56.7682648
-174,107,180,-174.972961,107.825943,179.769043
-185,139,57,-185.972687,139.819702,56.7678795
-212,139,161,-212.810959,139.693253,160.414917
-292,139,270,-292.799988,139.691727,269.399994
-174,107,180,-174.825134,107.718491,179.435074
-254,107,296,-254.82515,107.719536,295.435089
-167,1,368,-167.933167,1.90352345,367.640564
-74,1,224,-74.9572449,2.25058627,223.710724
-212,139,-43,-212.96553,139.827805,-42.7397118
-185,139,57,-185.96553,139.829071,57.2602501
-136,74,-85,-136.973724,75.1107483,-84.7722778
-104,74,57,-104.974113,75.1093063,57.226059
-174,107,-64,-174.973572,107.82991,-63.7716751
-145,107,57,-145.973572,107.828163,57.2283134
-104,74,57,-104.96579,75.009201,57.2593079
-174,107,-64,-174.974014,107.792389,-63.7735138
-170,74,-149,-170.885727,75.1278076,-148.535797
-136,74,-85,-136.884705,75.1258926,-84.5338516
-214,74,-207,-214.790787,75.1201859,-206.387909
-170,74,-149,-170.790985,75.1198196,-148.388168
-136,74,-85,-136.876617,75.1020584,-84.5188141
-214,74,-207,-214.805099,75.1126404,-206.40686
-80,-101,458,-80.9226227,-100.037537,457.614319
200,-101,453,200.925156,-100.006935,452.620422
8,-121,291,7.37399101,-120.252205,290.220184
112,-120,292,112.635651,-119.208,291.228027
286,1,373,286.925446,1.93452632,372.621124
286,1,373,286.849518,2.13160658,372.472443
196,1,225,196.850342,2.13337255,224.47377
-7,-74,209,-7.5760417,-73.3809586,208.182587
128,-77,209,128.545013,-76.4466248,208.161575
196,1,225,196.974716,2.24884629,224.776566
-28,0,57,-28.6132183,0.555309236,56.2100868
61,-90,193,61.6614723,-89.2538528,192.250031
61,-90,193,60.3593559,-89.2651062,192.232162
152,1,56,152.541397,1.55456352,55.1592331
-167,1,-254,-167.432022,1.86978447,-253.098145
-55,-74,-296,-55.4583626,-72.9773636,-295.111237
-210,-101,-405,-210.461365,-100.063484,-404.112793
178,-76,-294,178.525879,-75.000946,-293.149445
-55,165,-296,-54.0740547,211.781036,-296.377655
-32,165,-240,-31.0739479,211.771042,-240.377396
178,165,-294,177.097168,178.194351,-294.429993
153,165,-241,152.097168,178.1875,-241.429993
153,165,-241,152.188889,177.839233,-241.584885
118,165,-193,117.197151,177.840424,-193.596176
337,99,-209,337.818115,100.374374,-208.424957
-1187,1048,-901,-1187.67773,1049.37402,-901.735291
-1004,1117,-1134,-1004.48828,1117.68567,-1134.87268
-412,1111,-1343,-412.579132,1112.0592,-1343.81519
-761,1109,-1252,-761.495178,1109.6803,-1252.86877
-1416,1110,-889,-1416.58594,1110.54822,-889.810242
-1187,1048,-901,-1187.6582,1049.40295,-901.752747
-800,998,-1044,-800.427734,998.88678,-1044.90381
-800,998,-1044,-800.48938,998.822632,-1044.87207
965,1046,-1245,965.772766,1047.04004,-1245.63464
1342,1143,-1254,1341.85352,1143.59229,-1254.98914
1119,1155,-1407,1119.55103,1155.50562,-1407.83447
1662,1103,-1225,1662.89441,1104.31165,-1225.44714
1714,1010,-958,1714.99109,1023.99518,-958.132751
801,1049,-1310,801.349731,1050.61084,-1310.93677
1122,1068,-1192,1122.46411,1068.85461,-1192.88574
1252,1061,-1097,1252.24316,1062.04712,-1097.96997
-1187,1048,-901,-1187.3623,1050.30994,-901.932007
-1312,1014,-731,-1312.4668,1017.57397,-731.884338
-1004,1117,-1134,-1004.55371,1117.74536,-1134.83264
-1004,1117,-1134,-1004.4328,1117.68799,-1134.90149
-412,1111,-1343,-412.250732,1111.69543,-1343.96802
-475,955,-1115,-475.374725,956.96582,-1115.92712
-407,1046,-1271,-407.575012,1047.0033,-1271.81812
-478,1009,-1178,-478.220093,1009.87256,-1178.97546
-1088,897,-844,-1088.5946,900.652649,-844.804016
-1088,897,-844,-1088.67773,900.699707,-844.735291
-1187,1048,-901,-1187.74329,1049.49438,-901.668823
-991,720,-850,-991.556641,730.158875,-850.830688
-1060,720,-803,-1060.57227,730.158875,-803.819946
-911,722,-873,-911.268555,757.045776,-873.963196
-778,934,-972,-778.37207,935.548889,-972.928162
-935,934,-910,-935.37207,935.551758,-910.928162
-962,997,-964,-961.792969,998.346802,-964.978271
-935,934,-910,-934.911133,935.784302,-910.995972
-962,997,-964,-962.363831,998.017029,-964.931458
-778,934,-972,-778.488281,936.903259,-972.87262
-778,934,-972,-778.423828,936.675903,-972.905701
-800,998,-1044,-800.466919,998.882996,-1044.88428
-778,934,-972,-778.423828,936.815063,-972.905701
-632,717,-999,-632.402344,816.329041,-999.915466
-627,929,-1042,-627.338867,931.456482,-1042.9408
-639,990,-1121,-639.239258,990.774902,-1121.97095
-761,1109,-1252,-761.205139,1109.7821,-1252.97864
-627,929,-1042,-627.322449,931.508301,-1042.94653
-630,639,-999,-630.489807,1356.31421,-999.871826
-557,638,-1040,-557.413086,648.900574,-1040.91064
-911,722,-873,-911.412109,763.99231,-873.911133
-697,720,-970,-697.412109,813.666138,-970.911133
-697,720,-970,-697.411133,894.646484,-970.91156
-196,572,-1066,-196.374603,585.997681,-1066.92712
1,555,-1143,0.662044644,559.165894,-1143.94116
355,574,-1134,354.286072,583.494812,-1134.7002
-1315,568,-621,-1315.99304,579.750793,-621.116699
-1303,568,-720,-1303.99304,579.752258,-720.117065
-1317,711,-620,-1317.94006,804.873169,-620.34082
-1362,577,-522,-1362.90479,3555.52783,-522.42572
-1343,874,-626,-1343.76282,880.875671,-626.646362
-1399,891,-565,-1399.78821,894.039062,-565.615234
-1422,582,-449,-1422.99902,755.150879,-449.042267
-1427,582,-348,-1427.99902,755.194336,-348.04245
-1427,897,-471,-1427.9646,900.642456,-471.263702
-1427,897,-471,-1427.90247,899.352051,-471.430756
-1510,757,-282,-1510.79224,758.315613,-282.610168
-1502,724,-250,-1502.79224,730.569214,-250.610214
-1426,724,-349,-1426.79236,730.580811,-349.610046
-1479,585,-246,-1479.89807,591.537231,-246.439819
-1551,587,-179,-1551.68652,596.067078,-179.727066
-1566,753,-184,-1566.7334,764.545898,-184.679703
-1555,629,-180,-1555.68567,641.352417,-180.727905
-1566,753,-184,-1566.94214,763.641541,-184.335037
-1668,743,72,-1668.92444,750.251709,71.6186752
-1668,743,72,-1668.87939,749.927795,72.4760361
-1590,718,271,-1590.9873,722.893616,271.158417
-1590,718,271,-1590.99902,723.157043,270.955841
-1550,899,-334,-1550.61523,900.49762,-334.7883
-1614,813,-262,-1614.64258,814.114685,-262.766144
-1603,1021,-383,-1603.4082,1022.87921,-383.912872
-1550,899,-334,-1550.26599,900.65509,-334.963959
-1627,765,-67,-1627.89258,768.90686,-67.4508743
-1627,765,-67,-1627.948,769.074707,-67.3181229
-1610,748,180,-1610.88147,754.464355,180.472122
-1610,748,180,-1610.9873,753.495605,180.158783
-1551,587,-179,-1551.95581,589.830994,-178.706024
-1540,588,-49,-1540.99207,627.166809,-49.1254196
-1540,588,-49,-1540.84216,593.718567,-49.5391273
-1646,597,69,-1646.66858,600.159302,68.2563629
-1577,577,119,-1577.86792,581.817566,119.496704
-1543,459,179,-1543.99512,475.564972,179.097626
-1528,460,268,-1528.98621,477.344849,268.165192
-1179,1,-222,-1179.9646,6.61470509,-222.263458
-1128,-100,-356,-1128.92676,-92.9858093,-356.375641
-1054,-100,-485,-1054.87268,-91.4178619,-485.488251
-1128,209,-354,-1128.88623,214.81543,-354.463043
-778,1,-597,-778.411133,253.780136,-597.91156
-664,87,-672,-664.411133,91.0115967,-672.91156
-1180,102,-217,-1180.98914,476.794434,-217.146866
-1128,209,-354,-1128.94214,214.795197,-354.335175
-922,197,-555,-922.411133,221.080887,-555.91156
-922,197,-555,-922.323181,223.671432,-555.946289
-917,102,-553,-917.411133,107.845604,-553.911499
-1215,-100,191,-1215.95581,-86.0940552,191.293732
-783,96,-599,-783.423889,120.197823,-599.905701
-666,191,-675,-666.53418,219.663773,-675.845337
-524,425,-723,-524.239258,435.937866,-723.970947
-666,191,-675,-666.292786,196.155777,-675.956177
-525,189,-717,-525.427795,203.151474,-717.90387
-518,-100,-714,-518.349609,-89.4798431,-714.93689
-653,-100,-664,-653.349609,-89.4587326,-664.93689
-653,-100,-664,-653.411133,-89.8112106,-664.91156
-434,-100,-794,-434.679138,-89.2344208,-794.734009
-518,-100,-714,-518.697327,-89.2317734,-714.716736
-417,93,-787,-417.498718,99.9782639,-787.86676
-400,188,-853,-400.93338,200.149078,-853.358887
-431,187,-792,-431.600494,194.545242,-792.799622
-464,423,-758,-464.85437,433.077454,-758.519531
-438,420,-800,-438.912109,431.164612,-800.409912
-417,93,-787,-417.993896,99.7230148,-787.110291
-487,-98,-1076,-487.042267,-85.2507629,-1076.99902
-76,0,-1102,-75.8178864,2.59240127,-1102.98328
-422,95,-933,-422.960663,127.511047,-932.72229
-492,304,-1065,-492.91217,310.975189,-1064.59021
-463,304,-1000,-463.912109,310.969666,-999.590088
-423,-99,-932,-423.996948,-91.8781357,-932.077881
-487,-98,-1076,-487.91803,-77.7501755,-1075.60352
-410,305,-933,-410.783783,308.580688,-932.378967
-419,421,-928,-419.98703,448.268829,-927.839478
-408,421,-856,-408.987946,448.254822,-855.845215
-448,491,-995,-448.9534,501.012024,-994.698303
1027,-99,-831,1027.55078,-92.3893204,-831.834595
751,-100,-998,751.495117,-94.6907806,-998.868713
1027,-99,-831,1027.52637,-92.6657028,-831.85022
604,95,-1083,604.550781,104.942566,-1083.83459
1041,88,-817,1041.37695,100.489731,-817.926208
1041,88,-817,1041.38867,101.163651,-817.921265
610,429,-1088,610.424011,434.515961,-1088.90564
455,189,-1077,454.923523,208.254776,-1077.99707
892,424,-954,892.427734,427.223297,-954.903809
610,429,-1088,609.923523,434.189941,-1088.99707
740,287,-982,740.376953,291.386566,-982.926208
453,95,-1072,453.185333,99.6628876,-1072.98267
455,189,-1077,455.106781,206.882828,-1077.99426
370,189,-1086,370.106781,206.876175,-1086.99426
454,428,-1076,454.042938,433.073822,-1076.99902
451,1,-1052,451.180634,15.9514551,-1052.98352
368,1,-1068,368.18042,15.9403648,-1068.98352
369,427,-1080,369.157135,437.133392,-1080.98755
369,427,-1080,369.180298,437.111603,-1080.98352
453,95,-1072,453.185333,99.6628876,-1072.98267
370,95,-1088,370.185547,99.6664047,-1088.98254
759,465,-1078,759.282959,466.063477,-1078.95911
901,509,-1010,901.572266,510.629333,-1010.82001
751,-100,-998,751.644531,-94.5532761,-998.764465
604,95,-1083,603.922852,104.467606,-1083.99695
453,95,-1072,452.937561,104.478172,-1072.99805
963,92,-869,963.501953,98.4384766,-869.864807
960,183,-876,959.900696,195.531494,-876.995056
960,299,-882,959.823242,318.357178,-882.984253
957,426,-908,956.812744,430.790405,-908.9823
901,509,-1010,901.579102,510.663574,-1010.81519
1023,499,-972,1022.82428,500.438049,-972.984436
957,426,-908,957.579102,428.56778,-908.815186
960,299,-882,960.25824,318.86911,-882.966064
1021,329,-899,1020.81366,334.092133,-899.982483
1011,427,-918,1010.81433,431.868927,-918.982605
1204,454,-959,1203.79297,468.484406,-959.978333
1192,347,-949,1191.71655,366.918365,-949.958984
1011,427,-918,1010.73718,431.667084,-918.964844
960,183,-876,960.349609,199.859283,-876.93689
1024,296,-893,1023.90039,306.294495,-893.994995
963,92,-869,962.955872,93.8864059,-869.999023
1025,181,-882,1024.95593,187.949463,-882.999023
1038,177,-823,1038.42383,199.242905,-823.905701
1052,288,-841,1052.35107,293.115723,-841.93634
1115,278,-815,1115.42407,281.80661,-815.905579
1172,259,-758,1172.6582,262.411224,-758.752747
1154,162,-737,1154.76282,171.592773,-737.646484
1154,162,-737,1154.60693,172.647659,-737.794739
1284,-100,-634,1284.6582,-93.3127289,-634.752808
1281,77,-629,1281.65137,85.2270889,-629.758728
1433,90,-411,1433.99512,97.5749817,-411.098541
1445,210,-275,1445.99951,219.312317,-274.969757
1414,83,-549,1414.50684,91.5411835,-549.861938
1418,172,-559,1418.48828,180.266281,-559.872681
1172,259,-758,1172.6582,263.78363,-758.752747
1436,-100,-413,1436.99915,-93.341217,-412.959686
1416,1,-270,1416.99902,15.6959248,-269.955841
1421,1,-410,1421.99915,15.6817226,-409.958679
1433,90,-411,1433.99902,97.5959167,-410.955841
1405,1,-133,1405.99609,15.6699209,-132.911713
1416,1,-270,1416.99597,15.6932068,-269.911346
1361,116,136,1361.99915,136.18573,136.041046
1361,116,136,1361.92346,156.039627,136.383652
1378,227,1,1378.99902,233.666306,1.0426122
1381,220,-139,1381.91174,232.924545,-138.589249
1473,343,-383,1473.99707,344.675385,-383.07547
1438,338,-592,1438.99426,340.808899,-592.106934
1438,338,-592,1438.61328,339.986938,-592.789856
283,1,-1093,282.675995,53.1403351,-1093.94604
283,94,-1111,282.675995,99.3979568,-1111.94604
210,303,-1102,209.834869,312.223206,-1102.98621
129,303,-1089,128.846954,312.231079,-1089.98816
210,303,-1102,209.484573,306.834015,-1102.85693
211,1,-1068,210.66478,60.2615051,-1068.94214
283,1,-1093,282.664795,60.3291206,-1093.94214
211,1,-1068,211.032944,46.6670837,-1068.99939
-2,178,-1064,-2.13106298,198.184189,-1064.99133
-76,0,-1102,-75.8185425,2.56529975,-1102.9834
-48,-87,-1062,-47.8746185,-67.6721344,-1062.99207
-48,-87,-1062,-48.1806068,-12.7867947,-1062.98352
-6,-140,-1066,-6.10762739,-132.90712,-1066.99414
-1,-112,-1070,-1.10695827,-103.73172,-1070.99426
12,-140,-1099,11.1224546,-137.316406,-1099.47949
-6,-140,-1066,-6.87646198,-137.317963,-1066.48145
12,-140,-1099,11.0009613,-137.543289,-1099.04382
18,-140,-1218,17.000988,-137.547302,-1218.04443
2,-168,-1063,1.15836012,-160.040955,-1063.54004
58,-140,-1340,57.035656,-133.461365,-1340.26465
58,-140,-1340,57.0471992,-137.478699,-1340.30359
18,-140,-1218,17.0470428,-137.476852,-1218.3031
-6,-140,-1066,-6.84077644,-136.631546,-1066.54138
12,-140,-1099,11.002943,-136.275772,-1099.07666
143,-135,-1075,143.786789,-129.733215,-1075.61719
131,-137,-1090,131.971817,-132.001511,-1089.76428
172,-170,-1260,172.958878,-165.902954,-1259.71619
257,-80,-1480,256.453186,-73.6655426,-1480.83716
1298,876,414,1298.76306,877.217773,414.64624
1766,1004,-533,1766.81494,1005.76813,-532.420471
1430,826,196,1430.88623,826.736023,196.463226
1298,876,414,1298.76282,877.202759,414.646545
1347,536,141,1347.10864,549.427124,140.00592
1371,412,142,1371.26587,424.32547,141.035995
1361,414,130,1361.74719,419.094879,129.335403
1496,582,189,1496.06287,612.940491,188.001984
1449,523,169,1449.23059,528.034912,168.026962
1397,477,151,1397.30127,488.97757,150.046463
1642,479,212,1642.26172,503.410797,211.034866
1498,412,178,1498.26599,425.878174,177.036026
1643,416,215,1643.26697,424.46582,214.036301
1642,479,212,1642.25391,507.162292,211.032776
1643,416,215,1643.26562,426.616119,214.035934
1548,416,190,1548.26172,426.630005,189.034866
1548,416,190,1548.23083,426.87558,189.027008
1449,523,169,1449.13281,528.856812,168.008865
1389,523,161,1389.13281,528.852478,160.008865
1545,477,187,1544.95691,496.98877,186.000931
1490,477,188,1489.95691,496.991211,187.000931
1496,582,189,1496.2439,614.268127,188.030212
1498,412,178,1498.08789,425.290771,177.003876
1397,477,151,1397.4718,492.00119,150.118301
1360,602,72,1360.99011,609.052612,72.1398087
1353,543,63,1353.99695,609.153564,63.0770569
1361,414,130,1361.99902,425.059784,129.955826
1250,478,406,1249.84485,495.527435,406.987885
1248,413,402,1247.8064,416.319885,402.981079
1323,542,409,1322.91016,552.235291,409.995941
1318,413,413,1317.76428,416.751099,413.971802
1385,542,434,1384.95605,544.454407,434.999023
1452,542,441,1451.71521,544.313782,441.958588
1451,477,411,1450.81543,495.290283,411.982819
1553,414,426,1552.95605,425.06366,426.999023
1658,542,440,1658.06067,554.871948,440.998138
1550,479,442,1550.06055,483.115479,442.998138
1553,414,426,1552.9104,424.8172,426.995972
1323,542,409,1322.62805,544.851868,409.928253
1385,542,434,1384.62793,544.85437,434.928192
1383,477,408,1382.95654,497.182159,408.999054
1451,477,411,1450.95605,497.161224,411.999023
1249,542,403,1248.9104,551.956665,403.995972
1323,542,409,1322.9104,551.954224,409.995972
1248,413,402,1247.84521,416.845428,402.987946
1318,413,413,1317.84521,416.84845,413.987946
1385,542,434,1384.89978,544.19696,434.994965
1452,542,441,1451.89954,544.198425,441.994934
1550,479,442,1549.71484,483.081207,442.958466
1548,543,452,1548.09863,549.665588,452.995117
1548,543,452,1547.89062,549.328796,452.993988
1360,610,74,1360.99805,612.74646,74.061142
1360,610,74,1360.98523,634.284058,74.1709518
1399,599,163,1399.29028,603.146545,162.04306
1447,599,176,1447.26611,640.35437,175.036072
1399,599,163,1399.26562,640.384277,162.035934
1399,599,163,1399.16016,604.121887,162.012909
1447,599,176,1447.23206,640.524353,175.027298
-1633,854,1500,-1632.71655,855.536682,1500.95898
-1729,854,1529,-1728.71655,855.537048,1529.95898
1918,607,256,1918.58301,629.070984,256.812439
1820,607,158,1819.7334,627.110107,157.036194
1820,607,158,1819.80957,615.987732,157.018311
1324,778,258,1324.74561,780.296021,258.666382
1263,770,334,1263.8501,781.543518,334.52652
1298,876,414,1298.86877,877.512573,414.495117
1298,876,414,1298.85596,877.512634,414.517029
1291,775,293,1291.95581,779.110718,293.293701
1233,766,383,1233.79907,772.392151,383.601166
1291,775,293,1291.99902,777.973389,292.955841
1291,775,293,1291.82715,786.638428,293.56192
1324,778,258,1324.79553,780.133118,258.605896
1324,778,258,1324.9552,782.279297,258.295959
1355,759,143,1355.98328,761.732788,143.181641
1378,227,1,1378.99951,233.601074,1.02774656
1335,238,203,1335.82202,254.36525,203.569443
1335,238,203,1335.88623,254.153,203.463196
1266,121,383,1266.88696,127.236496,383.461823
1295,235,262,1295.99414,242.73558,262.107788
1280,232,385,1280.70349,241.564697,385.710693
1158,124,494,1158.70215,131.768433,494.711945
1316,-100,270,1316.91199,-92.6104279,270.410217
1178,-100,508,1178.76294,-95.9397125,508.646423
1172,356,509,1172.90808,361.992615,509.418793
1041,370,764,1041.90393,383.585938,764.427551
1095,250,630,1095.90479,254.57489,630.425781
1036,132,761,1036.78442,144.124344,761.620117
958,498,888,958.658447,502.544098,888.752625
1075,481,780,1075.69629,484.162384,780.717651
871,137,904,871.423828,417.559906,904.905701
871,137,904,871.200195,144.484146,904.979736
815,-100,931,815.322266,-93.9175262,931.946594
950,-100,884,950.316406,-93.9167786,884.948608
950,-100,884,950.829712,-94.3525696,884.558167
1034,-100,759,1034.82947,-94.3511887,759.558472
817,422,949,817.579102,425.239349,949.815186
804,141,937,804.349609,228.535034,937.93689
593,119,1084,593.632812,125.875725,1084.77429
584,-99,1052,584.307617,-96.1840897,1052.95142
589,1,1065,589.62793,8.6171999,1065.7782
695,1,978,695.62793,8.61347485,978.778198
531,119,1057,530.716553,133.442276,1057.95898
526,1,1047,525.812744,17.1059666,1047.9823
448,121,1046,447.937561,151.357315,1046.99805
719,430,1018,719.696289,433.549347,1018.71771
877,404,894,877.378357,409.530609,894.925659
817,422,949,817.613281,425.159424,949.789734
-316,-126,907,-315.957245,-119.869362,907.999084
-617,-78,830,-617.32251,-59.3819427,830.946533
-575,1,850,-575.411133,59.9177284,850.91156
-618,1,831,-618.412109,59.9031029,831.911133
-526,-31,870,-526.362366,-21.4157925,870.932007
-575,1,850,-575.402527,41.5191307,850.915405
-526,-31,870,-526.261719,26.2005901,870.965088
-431,-36,895,-431.074646,19.2990742,895.997192
-392,-101,592,-391.875275,-100.218346,591.007812
-322,291,1064,-322.389709,451.986206,1064.9209
-280,278,1082,-280.218506,293.92041,1082.97583
-292,425,1093,-292.429993,434.691437,1093.90283
-292,425,1093,-292.436035,434.769104,1093.8999
-255,424,1110,-254.489685,429.430115,1110.85999
-389,42,1070,-389.042267,62.6765251,1070.99902
-523,92,860,-523.883545,92.5609665,859.531677
-568,92,947,-568.883362,92.5608597,946.531311
-658,146,912,-658.888672,146.541992,911.541504
-614,146,824,-614.903931,146.543427,823.572327
-706,200,788,-706.910706,200.566696,787.586975
-747,200,878,-747.910828,200.566864,877.587219
-568,92,947,-568.876465,92.5640793,946.518555
-672,137,973,-672.883301,137.577591,972.53125
-523,92,860,-523.876831,92.5501251,859.519226
-585,87,997,-585.87207,87.5724945,996.51062
-672,137,973,-672.883362,137.555923,972.531311
-568,92,947,-568.871582,92.5779343,946.509766
-658,146,912,-658.883545,146.556992,911.531677
-614,146,824,-614.884094,146.56781,823.532715
-706,200,788,-706.901367,200.530914,787.566956
-747,200,878,-747.905457,200.566559,877.575562
-768,200,923,-768.904907,200.566544,922.574402
-768,200,923,-768.883301,200.573914,922.53125
-768,200,923,-768.914917,200.572601,922.596375
-788,200,968,-788.910828,200.572754,967.587219
-768,200,923,-768.921143,200.56955,922.610779
-1049,265,880,-1048.33997,272.249786,880.751221
-1368,335,560,-1368.86377,366.613708,559.496155
-1471,400,708,-1471.85815,405.789429,707.486633
-1384,410,502,-1384.82861,419.525726,502.559814
-1415,491,509,-1415.88037,493.597382,509.474152
-1437,473,454,-1437.76294,479.668457,454.646423
-1384,410,502,-1384.99316,418.423004,502.116669
-1413,350,448,-1413.82654,361.916687,448.562866
-1384,410,502,-1384.75513,414.494141,502.655518
-1368,335,560,-1368.995,354.092712,560.098877
-1363,234,558,-1363.93652,249.098633,558.350586
-1424,396,451,-1424.94604,400.034576,451.324005
-1491,460,329,-1491.79907,464.27597,329.601227
-1493,496,383,-1493.99902,528.72937,382.955841
-1488,499,445,-1488.91235,499.607635,445.409393
-1437,473,454,-1437.96875,478.80246,454.248016
-1413,350,448,-1413.93616,360.507477,448.351501
-1246,260,440,-1246.40845,260.992645,439.087219
-1246,260,440,-1246.4082,261.010681,439.087128
-1386,260,503,-1386.40857,261.011871,502.08728
-1246,260,440,-1246.41711,261.040436,439.091156
-1132,320,324,-1132.40833,321.022797,323.087189
-1487,642,496,-1487.99109,648.004883,495.867096
-1473,651,555,-1473.97046,661.364685,555.241028
-1522,662,606,-1522.74353,669.452576,605.331299
-1466,517,500,-1466.88623,517.628174,500.463074
-1466,517,500,-1466.73157,517.860229,500.681763
-1495,598,315,-1495.99902,630.610352,314.955841
-1487,642,496,-1487.98914,648.12793,496.146484
-1473,651,555,-1473.77258,660.786621,554.365234
-1537,658,672,-1537.99207,662.068298,671.875
-1537,658,672,-1537.55664,663.243652,671.16925
-1583,519,734,-1583.90479,526.420898,733.574219
-1580,406,762,-1580.91077,427.007843,761.587097
-1582,304,778,-1582.93616,309.68338,777.648438
-1670,596,849,-1670.31421,598.911926,848.050659
-1813,596,896,-1813.31714,598.916382,895.051636
-1829,419,908,-1828.63586,423.109558,907.068665
-1646,477,875,-1646.50195,483.634094,874.135132
-1807,307,945,-1806.75879,313.454224,944.029541
-1748,341,959,-1748.4115,350.684021,958.088623
-1944,494,911,-1944.76318,494.877136,910.353821
-1906,452,940,-1906.58752,453.68512,939.190796
-1964,392,1007,-1964.40234,394.349854,1006.08453
-1964,392,1007,-1963.73633,394.713989,1006.0354
-2073,418,1022,-2073.85205,421.374084,1021.47656
-1977,462,971,-1977.46741,463.824341,970.115967
-1977,462,971,-1976.71582,464.355286,970.04126
-2076,472,988,-2076.6333,476.926727,987.226135
-2044,471,962,-2043.90039,475.974609,961.005005
-2061,340,1067,-2061.78833,343.307037,1066.38477
-1952,265,1057,-1951.95703,274.641998,1056.00098
-1879,306,1014,-1879.42651,311.439514,1013.09552
-2022,275,1050,-2021.92358,282.261505,1049.00293
-2022,275,1050,-2022.78882,282.424194,1049.38538
-2057,275,1094,-2057.78833,282.417633,1093.38477
-1580,406,762,-1580.16321,412.736481,761.013428
-1527,311,768,-1527.69702,319.956696,767.282959
-1532,403,755,-1532.60193,410.012573,754.201477
-1582,304,778,-1582.38892,307.316345,777.078735
-1583,519,734,-1583.15723,522.955078,733.012451
-1529,676,375,-1529.95972,677.514771,375.280884
-1529,676,375,-1529.95569,677.538574,375.294067
-1579,662,269,-1579.73047,664.193359,269.6828
-1579,662,269,-1579.99805,663.633911,269.061035
-1593,659,182,-1593.88025,666.390808,182.474319
-1605,662,-53,-1605.82361,663.277405,-53.5670013
-1605,662,-53,-1605.72266,663.18927,-53.6911545
-1605,662,-53,-1605.97546,662.913208,-52.7798424
-1605,662,-53,-1605.94202,672.087585,-53.3353271
-1593,659,182,-1593.70312,660.420471,182.710968
370,95,-1088,370.246765,100.416595,-1088.96899
-315,201,-1075,-315.200836,206.877121,-1075.97961
-317,421,-1059,-316.958679,441.226135,-1059.99915
-317,421,-1059,-316.955841,435.421722,-1059.99902
-400,93,-1072,-399.939514,104.614082,-1072.99817
-317,421,-1059,-317.222687,436.501495,-1059.97485
-201,257,-1092,-201.061951,262.6633,-1092.99805
-312,93,-1057,-312.298279,95.6569443,-1057.95447
-180,-100,-1082,-180.044128,-85.6772156,-1082.99902
-180,-100,-1082,-179.958679,-93.4289551,-1082.99915
-315,201,-1075,-315.295044,206.93663,-1075.95544
-90,-95,-1067,-89.9235916,-83.5428085,-1067.99707
-90,-95,-1067,-89.8466339,-86.0771942,-1067.98816
0,0,-1063,0.445774525,3.81644583,-1063.89514
-76,0,-1102,-75.5386353,3.817168,-1102.88721
-89,186,-1088,-88.7327423,239.785797,-1088.96362
-94,425,-1076,-94.0435715,430.548798,-1076.99902
1,555,-1143,0.955816984,557.07489,-1143.99902
-8,421,-1077,-8.24705696,426.604828,-1077.96899
1,555,-1143,0.823915303,557.143311,-1143.98438
119,426,-1103,118.846573,433.942078,-1103.98816
1024,296,-893,1024.97437,376.950897,-893.224609
759,465,-1078,759.522034,466.134003,-1078.85291
-201,257,-1092,-201.086838,262.511597,-1092.99622
-190,88,-1093,-190.37529,90.637146,-1093.92688
1302,256,-645,1302.48828,261.123047,-645.87262
1228,359,-744,1228.64453,362.83078,-744.764404
1228,359,-744,1228.99316,360.701355,-743.883301
1235,487,-755,1235.99902,506.147736,-754.957031
1204,454,-959,1204.7168,460.920471,-959.697266
1192,347,-949,1192.71399,353.999451,-949.700073
1304,348,263,1304.82642,361.927765,263.562958
901,147,183,900.031982,148.076157,182.74913
937,147,56,936.02417,148.211075,55.7814713
858,195,168,857.036865,196.067078,167.730988
896,195,56,895.04071,196.224335,55.7175789
330,150,-125,330.81308,151.155548,-124.41787
330,150,-125,330.896912,151.167328,-124.557793
366,147,-180,366.808014,148.181564,-179.410843
298,147,-67,298.898895,148.1884,-66.5618439
262,99,-85,262.887268,100.385078,-84.5387497
334,195,-49,334.898895,196.218704,-48.5618401
360,195,-103,360.898865,196.218033,-102.56179
360,195,-103,360.808044,196.216049,-102.410881
395,195,-151,395.808014,196.216904,-150.410843
-93,531,-1103,-92.9006042,534.997009,-1103.995
-413,529,-784,-413.74939,588.384216,-784.662109
-798,498,-597,-798.349609,507.751587,-597.93689
-320,602,-1064,-319.958679,639.161499,-1064.99915
-525,543,-711,-525.413635,572.351929,-711.9104
-406,530,-808,-406.960999,672.226318,-808.27655
-406,530,-808,-406.963531,1841.06384,-808.267517
-402,530,-824,-402.960449,672.490112,-824.278259
-395,530,-848,-395.960449,672.52417,-848.278259
-454,543,-736,-454.333313,578.923889,-736.94281
-525,543,-711,-525.339722,578.959167,-711.940491
-525,543,-711,-525.412231,569.459351,-711.911072
-662,543,-649,-662.411133,569.441467,-649.91156
-662,543,-649,-662.377258,572.587891,-649.926086
-1213,381,-62,-1213.82361,389.252563,-62.5671577
-1152,440,-202,-1152.90112,447.851776,-202.433533
-1242,321,-8,-1242.995,487.385132,-8.09943962
-1241,211,-11,-1241.94629,225.060028,-11.3233118
-1239,1,-16,-1239.94202,7.48564529,-16.3352947
-1210,105,-76,-1210.84216,118.233681,-76.5391464
-1132,320,324,-1132.91187,382.667847,324.410461
-1191,320,190,-1191.91663,382.760529,190.399719
-1191,320,190,-1191.91663,382.329254,190.399658
-1241,211,-11,-1241.99207,274.269745,-11.1254454
-1244,106,22,-1244.9364,120.253395,21.6490707
-1244,106,22,-1244.99695,119.374283,22.0771198
-1081,1,433,-1081.98816,11.0561037,433.152832
-1070,1,499,-1070.98523,11.0536499,499.170959
-1070,1,499,-1070.91162,10.3704405,499.410919
-1041,1,563,-1041.91077,10.375082,563.412842
-1050,101,564,-1050.84912,113.024956,564.528137
-981,1,680,-981.389465,26.8315964,680.921021
-1041,1,563,-1041.93616,6.16188765,563.351379
-1061,200,497,-1061.95581,252.947403,497.293732
-1081,200,433,-1081.95581,252.940994,433.293976
-981,200,680,-981.367249,286.568787,680.930115
-1061,200,497,-1061.96753,258.291046,497.252411
-1134,213,319,-1134.91199,584.746216,319.410217
-1370,380,-54,-1369.64453,380.992798,-54.9346848
-1513,380,-109,-1512.64453,380.993713,-109.934669
-1228,380,1,-1227.63708,381.005371,0.0681777894
-1370,380,-54,-1369.64453,381.005798,-54.9346771
-1370,380,-54,-1369.64453,380.992798,-54.9346848
-1208,440,-55,-1207.63672,441.017181,-55.9316521
-431,38,896,-431.04248,75.2180481,896.999084
-431,38,896,-431.316193,76.3092041,896.948669
-431,38,896,-431.322876,82.2471542,896.946411
-712,100,798,-712.411804,108.212303,798.911255
-742,1,782,-742.205078,4.45308971,782.978699
-858,1,758,-858.205261,4.45221663,758.978699
-712,100,798,-712.282227,114.320312,798.95929
-746,100,788,-746.283997,114.313278,788.958801
-742,1,782,-742.378784,15.4364567,782.925476
-746,100,788,-746.205078,115.085258,788.978699
-641,139,282,-640.603516,139.655884,281.08197
-577,139,309,-576.603516,139.65625,308.08197
-531,139,328,-530.698242,139.730988,327.046631
-797,200,752,-797.367554,266.86911,752.929993
-858,200,728,-858.377563,253.878418,728.925964
-797,200,752,-797.362366,249.643616,752.932007
-746,200,772,-746.362305,249.674484,772.932007
-840,188,735,-840.362366,232.001053,735.932007
-753,188,769,-753.362732,231.982086,769.931885
-276,139,-146,-276.789886,139.753189,-145.386749
-239,139,-98,-239.790863,139.754303,-97.3880081
-239,139,-98,-239.899826,139.767181,-97.5637894
-212,139,-43,-212.899902,139.767807,-42.5639114
-245,107,-177,-245.791351,107.770096,-176.388641
-206,108,-122,-206.884811,108.760544,-121.534058
-212,139,-43,-212.884689,139.733917,-42.5338211
-276,139,-146,-276.808014,139.737167,-145.410843
1325,730,-642,1325.96948,734.855835,-642.245117
1487,371,-537,1487.9884,371.825989,-537.151672
1256,595,-901,1256.99414,597.999634,-901.107239
1535,845,-1035,1534.68469,845.539307,-1035.94897
1714,1010,-958,1714.48828,1016.95581,-958.87262
1766,1004,-533,1766.99902,1005.99377,-533.043823
1696,864,-569,1696.69678,864.864319,-568.282715
1545,865,-84,1545.87585,865.958496,-83.5174255
1537,883,-242,1537.98523,884.072449,-242.171005
1578,861,-407,1578.91187,861.753601,-406.589539
1429,727,-527,1429.71301,730.240234,-526.298889
-412,1111,-1343,-412.144989,1111.8822,-1343.98938
199,1297,-1331,198.901306,1298.8783,-1331.99512
518,1164,-1520,517.937561,1165.01562,-1520.99805
518,1164,-1520,517.955078,1164.98645,-1520.9989
518,1164,-1520,518.349609,1165.24841,-1520.93689
-95,1277,-1293,-94.4429016,1280.60999,-1293.83044
-407,1046,-1271,-407.662628,1047.0094,-1271.7489
324,1158,-1508,323.21167,1158.96375,-1508.61523
518,1164,-1520,518.144714,1164.69519,-1520.98938
801,1049,-1310,801.151367,1050.62976,-1310.9884
1119,1155,-1407,1119.18555,1155.57678,-1407.98254
1252,1061,-1097,1252.23926,1062.05652,-1097.97095
1122,1068,-1192,1122.69702,1068.77368,-1192.71704
1662,1103,-1225,1661.86719,1103.54187,-1225.99109
1031,632,-998,1030.79297,637.569519,-998.978333
916,890,-1065,916.378052,904.782593,-1065.92578
916,890,-1065,916.040955,894.048584,-1065.99915
-337,759,-1131,-337.292206,761.223572,-1131.9563
-484,637,-1081,-483.937561,643.231384,-1081.99805
49,836,1325,49.1574631,841.795105,1325.98743
958,498,888,958.28241,503.48465,888.95929
-1290,567,1463,-1289.41235,570.390503,1463.80908
-1311,518,1372,-1310.68762,522.279663,1372.94995
-1238,462,1334,-1237.7229,464.876404,1334.96082
-1210,440,1299,-1209.3208,447.14325,1299.73389
-1181,506,1283,-1180.02319,506.971954,1283.21387
-1290,567,1463,-1289.71582,567.522705,1463.95874
-1228,517,1344,-1227.23584,520.918091,1344.64502
-1311,518,1372,-1310.73059,521.46344,1372.96301
-1323,450,1355,-1322.59692,452.722382,1355.91516
-1432,444,1401,-1431.36548,447.712341,1401.77283
-1432,444,1401,-1431.57495,447.577209,1401.90515
-1311,518,1372,-1310.63574,521.414001,1372.93127
-1524,481,1480,-1523.38904,487.516144,1480.79163
-1427,498,1411,-1426.39331,502.977081,1411.79492
-1427,498,1411,-1426.60278,502.738647,1411.91772
-1436,566,1498,-1435.53125,566.990967,1498.8833
-1290,567,1463,-1289.75488,567.559143,1463.96948
-1436,566,1498,-1435.33105,567.164246,1498.74329
-1315,806,1554,-1314.41235,808.135315,1554.80908
-1633,854,1500,-1633.34961,855.422852,1500.93689
-1290,567,1463,-1289.70728,567.538269,1463.95618
-1210,440,1299,-1209.01172,444.846436,1298.84741
-1191,483,1219,-1190.00867,484.498291,1218.86865
-1238,462,1334,-1237.49634,463.362549,1334.86389
-2497,283,951,-2496.21021,287.057739,950.386658
-2013,1083,59,-2013.9989,1083.57202,58.9554749
-2012,1075,483,-2012.60352,1076.20227,482.202667
-2321,970,248,-2321.68555,970.465088,247.271973
-1454,1042,-566,-1454.63281,1043.17212,-566.77417
-1958,717,1552,-1957.01746,725.668823,1552.18591
-1930,860,1741,-1929.95605,880.778198,1741.99902
-2339,787,1750,-2339.86353,789.670532,1750.50391
-1997,672,1734,-1996.92383,672.717407,1734.99707
-1930,860,1741,-1929.00867,862.834961,1741.13086
-2292,657,1733,-2292.57227,657.692322,1733.81995
-2339,787,1750,-2338.98535,794.660461,1750.99988
-1729,854,1529,-1728.53516,855.627808,1529.88538
-1729,854,1529,-1728.77612,855.408081,1529.97461
-1729,854,1529,-1728.50293,855.621155,1529.86768
-1958,717,1552,-1958.04297,718.617859,1552.9989
-2292,657,1733,-2291.93945,657.760864,1733.99805
-1958,591,1470,-1958.1748,592.608521,1470.9845
-1958,591,1470,-1957.36719,592.982239,1470.77429
-1997,672,1734,-1996.12732,672.847412,1734.48828
-1930,860,1741,-1929.28809,860.916504,1741.70215
-1958,591,1470,-1958.90503,591.626831,1470.42529
-2292,657,1733,-2292.1377,657.592834,1733.99036
-2421,721,1524,-2421.71143,724.815552,1524.70276
-2339,787,1750,-2339.91748,790.778809,1750.39734
-2653,683,1338,-2653.48828,689.713196,1338.87268
-2519,681,1412,-2519.52637,687.665771,1412.85022
-2653,683,1338,-2653.99414,687.560608,1338.10596
-2653,683,1338,-2653.66699,686.050415,1338.745
-2663,671,1225,-2663.96265,678.123962,1225.27039
-2663,671,1225,-2663.47949,675.758545,1225.87744
1175,624,512,1175.87646,630.014771,512.481384
1168,839,690,1168.99402,858.033997,690.108398
1175,624,512,1175.92542,637.117188,512.378906
1175,624,512,1175.88342,636.991638,512.468567
1175,624,512,1175.90393,633.335632,512.427551
996,607,935,996.632812,608.781128,935.774292
913,684,1126,913.883301,689.245178,1126.46875
1095,730,927,1095.92053,731.369202,927.390503
1103,596,656,1103.9873,609.650879,656.158813
996,607,935,996.632812,608.777893,935.774292
996,607,935,996.989258,608.047729,935.145996
397,743,1423,397.41095,745.609802,1423.91162
872,702,1278,872.039429,705.081787,1278.99915
599,541,1242,599.04303,541.806335,1242.99902
214,515,1325,214.360504,515.555359,1325.93274
-109,570,1161,-109.749352,571.703491,1161.66211
26,551,1232,25.3905792,551.897278,1232.79285
-289,599,1238,-288.719055,600.238647,1238.95972
-109,570,1161,-109.151848,571.575928,1161.9884
-109,570,1161,-108.509972,571.270142,1161.8717
-109,570,1161,-108.52459,571.300171,1161.87976
-402,601,1161,-402.042267,602.729431,1161.99902
-402,601,1161,-402.579102,602.454102,1161.81519
-549,638,1143,-549.205566,639.971313,1143.97864
-549,638,1143,-549.243164,639.950256,1143.96997
-684,696,1312,-683.574219,696.605347,1312.90479
-842,718,1338,-842.075439,718.599487,1338.99707
-684,696,1312,-683.736328,696.572937,1312.9646
-842,718,1338,-841.755371,718.775085,1338.9696
-994,702,1356,-993.23053,702.554504,1356.63867
-194,815,1359,-193.525955,815.768188,1359.88049
-194,815,1359,-193.705902,816.526611,1359.95569
-681,837,1460,-681.195312,837.985229,1460.98071
-681,837,1460,-680.958984,837.969666,1460.99902
-681,837,1460,-680.758789,837.747009,1460.97046
-1109,754,1518,-1108.57544,754.54834,1518.9054
-1315,806,1554,-1315.04297,807.357605,1554.99902
-402,601,1161,-402.226685,602.803833,1161.97388
-549,638,1143,-549.316406,640.221069,1143.94861
-402,601,1161,-402.575012,602.513611,1161.81812
-194,815,1359,-194.575027,819.713257,1359.81812
350,487,1217,350.441315,490.15567,1217.89734
350,487,1217,350.106781,490.080719,1217.99426
872,702,1278,872.955322,705.586792,1278.29553
1095,730,927,1095.80591,731.642639,927.591797
1168,839,690,1168.9834,842.451843,690.181458
1190,815,465,1190.84814,821.400818,465.529572
1168,839,690,1168.91064,842.286743,690.413025
599,541,1242,598.793884,541.798828,1242.97852
663,691,1277,663.087769,694.66333,1277.99609
397,743,1423,397.382416,745.187012,1423.92395
384,564,1342,384.251343,564.604187,1342.9679
384,564,1342,384.381897,564.581177,1342.92419
26,551,1232,25.8178806,553.835083,1232.98328
7,602,1290,6.38597202,602.896606,1290.78918
7,602,1290,6.40797043,602.889587,1290.80591
-109,570,1161,-109.495834,573.542175,1161.86841
-194,815,1359,-194.630402,816.131958,1359.77625
-432,799,1468,-432.472687,799.703552,1468.88123
-842,718,1338,-841.758789,718.7724,1338.97046
-994,702,1356,-994.077087,702.505798,1356.99695
-681,837,1460,-680.545044,837.536194,1460.8905
-994,702,1356,-993.625977,703.228699,1356.92737
599,541,1242,599.239258,541.655334,1242.97095
958,498,888,958.579102,500.150665,888.815125
-1032,652,1253,-1031.30078,674.569153,1253.71484
-1148,642,1366,-1147.41248,652.828369,1366.8092
-1530,1113,-683,-1530.8844,1113.54688,-683.466614
-1761,1031,-353,-1761.23047,1032.59094,-353.973022
-1626,782,397,-1626.99902,783.686218,397.039276
-1695,1132,-568,-1695.71582,1132.49817,-568.698181
-1454,1042,-566,-1454.74341,1043.68152,-566.668823
-1454,1042,-566,-1454.9646,1044.80432,-566.263489
-1454,1042,-566,-1454.91064,1044.18066,-566.413086
-1454,1042,-566,-1454.77673,1045.50562,-566.629822
-1454,1042,-566,-1454.78833,1045.35181,-566.615173
-1312,1014,-731,-1312.77295,1017.26788,-731.63446
-1753,829,77,-1753.98816,829.667725,76.8465729
-2013,1083,59,-2013.90991,1083.9093,59.4146767
-1695,1132,-568,-1695.29358,1132.58154,-568.955933
-1761,1031,-353,-1761.26562,1033.59668,-353.96405
-1637,904,-298,-1636.96265,906.463623,-298.999298
-1761,1031,-353,-1760.9552,1033.41284,-353.998993
-1637,904,-298,-1637.4082,906.208435,-298.912842
-2046,1037,-132,-2046.99695,1037.81824,-131.923431
-2013,1083,59,-2013.98523,1084.45007,58.8287621
-1537,746,374,-1537.5542,765.325867,374.832367
-1846,960,240,-1846.96863,963.101746,240.248505
-1821,966,455,-1821.66931,968.398926,454.257019
-1513,741,545,-1513.95911,743.568542,545.28302
-1626,782,397,-1626.58301,782.540833,397.812347
-1836,713,838,-1836.71582,713.891296,837.301758
-1662,721,767,-1662.67773,724.923523,766.264709
-1662,721,767,-1662.95142,721.713989,766.692139
-1513,741,545,-1513.76855,743.450806,544.360229
-1513,741,545,-1513.80969,743.80365,544.413147
-1513,741,545,-1513.99805,745.335388,544.937561
-1537,746,374,-1537.86328,757.193237,374.5047
-1537,746,374,-1537.99207,748.195435,374.124878
-1627,796,538,-1627.63318,796.835449,537.226013
-1869,796,735,-1869.63977,796.836792,734.231445
-1627,796,538,-1627.7627,796.604858,537.353516
-2050,901,693,-2049.35352,902.918152,692.237122
-2331,566,871,-2330.51855,566.877869,870.123535
-2582,497,818,-2581.06323,500.581604,817.650085
-2050,901,693,-2050.66821,903.363586,692.256042
-1869,796,735,-1869.06055,796.746399,734.001892
-2170,539,911,-2170.24316,539.647522,910.030029
-2408,845,667,-2408.04297,845.656921,666.000977
-2331,566,871,-2330.95605,566.754761,870.000977
-2503,667,757,-2502.46387,668.78717,756.155884
-2331,566,871,-2330.33984,566.821777,870.248901
-2331,566,871,-2330.75879,568.374573,870.029541
-2320,737,792,-2319.75488,739.149109,791.030518
-2160,737,834,-2159.75879,739.149109,833.029541
-2408,845,667,-2407.75879,846.117065,666.029541
-2321,970,248,-2320.2356,970.882629,247.35527
-2012,1075,483,-2011.21497,1076.07446,482.380554
-1753,829,77,-1753.91492,830.169983,76.5963593
-1717,827,-133,-1717.85193,827.770874,-133.523529
-1695,1132,-568,-1695.66797,1132.59277,-568.744141
-1416,1110,-889,-1416.88464,1110.56165,-889.466248
-1884,893,-265,-1884.99902,893.680664,-264.958679
-1753,829,77,-1753.86499,830.132751,77.5017548
-1753,829,77,-1753.98804,829.631226,77.1530685
-2013,1083,59,-2013.99036,1083.94324,59.1385422
-1627,796,538,-1627.99695,796.480347,538.077148
-1836,713,838,-1836.31348,714.852051,837.050415
-1836,713,838,-1835.77539,715.275513,837.025574
-2160,737,834,-2159.82324,739.550659,833.015747
-2320,737,792,-2319.64844,739.113708,791.063843
-2058,776,772,-2058.09863,776.758789,771.004883
-2160,737,834,-2160.04297,740.105896,833.000977
-2170,539,911,-2170.2395,539.858459,910.029114
-2170,539,911,-2170.66699,539.571655,910.254944
-2170,539,911,-2169.86719,539.647461,910.008911
-2503,667,757,-2502.70605,668.689392,756.044189
-2013,1083,59,-2013.90869,1084.7218,59.4171982
-1821,966,455,-1821.99109,967.84906,455.132782
-101,772,-1184,-101.461807,772.948425,-1184.88696
-216,719,-1061,-216.26886,1107.09875,-1061.96313
-320,602,-1064,-319.958679,639.469299,-1064.99915
-320,602,-1064,-320.042267,613.301331,-1064.99902
-348,916,-1148,-348.493439,923.744263,-1148.86963
-348,916,-1148,-348.75528,924.155396,-1148.6554
-407,1046,-1271,-407.5448,1046.97766,-1271.8385
-277,1109,-1360,-277.354462,1110.70544,-1360.93506
110,1044,-1186,109.955818,1046.43213,-1186.99902
199,1297,-1331,198.066528,1299.55371,-1331.35864
110,1044,-1186,109.840538,1046.27698,-1186.98718
-80,1041,-1204,-79.6047668,1044.50598,-1204.91858
-80,1041,-1204,-79.4828339,1044.41223,-1204.85583
-95,1277,-1293,-94.9013062,1279.68726,-1293.99512
110,1044,-1186,110.097244,1046.01697,-1186.99524
199,1297,-1331,198.504593,1299.98193,-1331.86865
286,1049,-1287,285.504547,1050.38818,-1287.86853
133,722,-1068,133.508606,729.267334,-1068.86096
289,724,-1068,289.004913,729.77478,-1068.99988
445,904,-1257,444.334595,906.852844,-1257.74646
289,724,-1068,288.828827,1168.43005,-1068.98523
289,724,-1068,288.286072,831.288147,-1068.7002
263,878,-1137,263.02124,880.199097,-1137.99976
286,1049,-1287,285.512604,1050.37842,-1287.87317
445,904,-1257,444.505249,905.980652,-1257.86902
618,853,-1214,617.955872,856.47168,-1214.99902
618,853,-1214,618.322388,856.732971,-1214.94653
1044,937,-1028,1044.31641,943.717651,-1028.94861
1217,930,-977,1217.2627,937.347961,-977.964844
1217,930,-977,1217.04102,937.82196,-977.999084
1395,825,-954,1395.99695,825.953186,-953.922852
916,890,-1065,916.572388,894.180481,-1065.81995
362,476,-1126,361.52597,484.013428,-1126.88049
756,514,-1129,756.534607,524.243164,-1129.84509
756,514,-1129,756.632812,524.044128,-1129.77429
442,478,-1129,442.680054,478.597778,-1129.73315
610,505,-1142,610.043457,506.423584,-1142.99902
610,505,-1142,609.955078,505.55899,-1142.9989
901,509,-1010,901.696594,509.915466,-1010.71741
905,739,-1028,905.05957,743.779968,-1028.99817
905,739,-1028,905.553772,744.054443,-1028.83264
-277,1109,-1360,-276.438019,1111.97388,-1360.82715
1122,1068,-1192,1122.53418,1068.73083,-1192.84521
1044,937,-1028,1044.26184,943.853333,-1028.96509
1383,1001,-1003,1382.53235,1004.72913,-1003.88391
1662,1103,-1225,1661.46387,1105.74841,-1225.84412
1383,1001,-1003,1382.95508,1004.60571,-1003.99896
355,574,-1134,354.453247,583.251099,-1134.83728
442,478,-1129,441.955841,488.334137,-1129.99902
442,478,-1129,442.060211,478.963135,-1129.99817
442,478,-1129,441.936584,478.904205,-1129.99792
610,505,-1142,610.239258,506.468628,-1142.97095
1535,845,-1035,1535.90393,846.191345,-1034.57239
1431,815,-685,1431.92749,815.703613,-685.373535
1402,731,-452,1402.93945,744.385071,-451.657349
1413,736,-136,1413.99805,744.840881,-135.937546
1413,736,-136,1413.91211,744.69165,-135.590057
1495,836,51,1495.93811,836.731445,51.3458176
1495,836,51,1495.995,836.592651,51.0988503
1355,759,143,1355.99792,761.738037,143.061142
1361,755,0,1361.98914,766.781189,-0.146795526
1545,865,-84,1545.99902,865.590271,-83.9558182
1361,755,0,1361.92249,761.849487,0.385901153
1416,750,-270,1416.99902,766.182251,-269.955841
1537,883,-242,1537.99719,884.112427,-242.074493
1405,744,-364,1405.99902,754.371094,-364.042267
1578,861,-407,1578.9823,861.711792,-406.812714
1766,1004,-533,1766.93127,1005.07336,-532.635742
1416,750,-270,1416.99316,765.742188,-270.116638
1537,883,-242,1537.99792,884.068665,-242.062668
1537,883,-242,1537.91663,883.814636,-241.600266
1405,744,-364,1405.98914,754.574219,-364.146759
1402,731,-452,1402.99915,746.29834,-451.958679
1696,864,-569,1696.81421,864.671204,-568.419434
1402,830,-788,1402.90393,830.81897,-788.427612
1696,864,-569,1696.5166,865.273071,-569.856018
1431,815,-685,1431.36243,816.043518,-685.932007
1271,348,342,1271.92041,361.05426,342.390717
1304,348,263,1304.92346,361.043121,263.383545
-2730,661,1146,-2730.79736,667.120239,1146.60339
-2408,845,667,-2407.0144,847.149841,667.168945
-2321,970,248,-2320.06519,973.939514,248.354797
-2321,970,248,-2320.00293,972.204224,248.075485
-2503,667,757,-2502.00659,669.500183,757.114258
-2721,411,1144,-2721.75098,463.351562,1144.66016
-2735,484,1141,-2735.97046,489.933075,1141.24097
-2721,411,1144,-2721.91064,498.255615,1144.41296
-2918,634,895,-2918.79443,640.537292,895.607056
-2949,666,501,-2949.99707,671.343872,501.074371
-2602,397,613,-2601.09619,403.111542,613.427917
-2582,497,818,-2581.00586,499.467407,818.10675
-2616,287,898,-2615.09912,297.049103,897.565979
-2598,376,872,-2597.06348,379.535583,871.649414
