426,30,2007,425.484985,31.7744827,2006.14282
759,94,1569,758.264709,95.4649887,1568.32227
-232,-184,2921,-232.993988,-180.82309,2920.89062
57,-30,2331,56.1910629,-26.2619076,2330.41211
-1983,970,-2650,-1982.80762,974.784485,-2649.0188
-1659,878,-2345,-1659.99316,881.541077,-2344.8833
-1481,854,-2058,-1481.80884,855.848328,-2057.41211
-2456,900,-2932,-2456.62329,904.47229,-2931.21802
-3380,1086,-4384,-3380.85815,1087.26404,-4384.51318
-2949,1004,-3303,-2949.42676,1006.51538,-3302.0957
-916,599,-394,-916.920654,606.486694,-393.60965
-792,543,-258,-792.370178,546.71698,-257.071045
-914,608,-576,-914.998047,616.822815,-576.062134
-233,446,-42,-233.28598,447.327881,-41.0417671
503,358,609,502.027222,362.119232,609.231689
391,439,133,390.068115,440.291687,133.362732
242,441,65,241.582092,442.206879,65.9084702
135,447,22,134.335358,449.318451,22.7471542
687,313,1196,686.08844,315.719086,1196.41113
759,94,1569,758.017578,95.3817368,1568.81335
-1363,846,-1925,-1363.97644,850.546204,-1924.7843
-1161,869,-1309,-1161.90491,937.019226,-1308.57446
-2295,821,-3577,-2294.5625,826.960876,-3577.89917
-2680,947,-4031,-2679.19043,950.374695,-4031.58691
-2923,998,-4534,-2922.09473,1003.89868,-4534.4248
-339,1407,-3258,-339.180237,1408.35034,-3258.9834
-1155,1232,-2959,-1155.41211,1232.81616,-2959.91113
-1833,724,-3128,-1832.57422,730.667725,-3128.90479
-1324,1232,-3035,-1323.59668,1232.68677,-3035.91504
-1155,1232,-2959,-1154.5957,1232.68982,-2959.91455
-1256,877,-2772,-1255.83533,897.303406,-2772.98633
-1130,757,-2744,-1129.56848,758.925903,-2744.9021
1323,32,1294,1323.92932,35.723732,1294.36914
1347,41,1185,1347.23926,43.3383751,1185.97095
1254,508,1623,1254.7511,510.561859,1623.66016
1254,508,1623,1254.99316,509.982941,1623.11646
1234,496,1750,1234.97656,497.547363,1750.21521
1268,103,1404,1268.67834,184.438812,1404.73474
1079,102,1706,1079.96948,109.391129,1706.24512
827,26,2210,827.819214,29.5105247,2210.57349
1563,73,1106,1563.93652,75.5821228,1106.35059
1981,334,956,1981.83167,338.130249,956.555237
450,-59,2759,450.971832,-55.8044968,2759.2356
1405,-28,1140,1404.79443,-19.4647675,1140.97864
2901,1001,34,2901.99121,3097.90552,33.8677101
2851,465,-329,2851.99512,473.965454,-329.09848
2801,327,-692,2801.77271,338.824036,-692.63446
2578,-70,669,2578.84448,-57.2080917,669.535522
2848,-70,-349,2848.95386,-58.4286308,-349.299683
1479,691,-2240,1479.901,694.55481,-2240.43359
935,398,-2933,935.652405,401.837402,-2933.75781
2084,691,-1614,2084.82983,2161.6731,-1614.55798
1786,1291,-2075,1786.82935,2618.16016,-2075.55859
2084,691,-1614,2084.82959,1664.18445,-1614.55823
2382,349,-1153,2382.69629,359.097717,-1153.71765
1442,75,-2260,1442.46289,1913.35339,-2260.88623
-28,1010,-3003,-28.2264252,1012.88556,-3003.97388
635,555,-2993,635.041687,558.423401,-2993.99902
-883,786,-2684,-882.759766,788.008301,-2684.9707
2901,1001,34,2901.90796,1034.61621,34.4187889
2607,464,644,2607.47876,468.304199,644.87793
1529,-48,1062,1529.41125,-44.6678123,1062.9115
-3486,1658,-3437,-3486.77246,1658.72412,-3436.36523
-3486,1658,-3437,-3486.71582,1659.70776,-3436.30176
-3065,1615,-3055,-3065.67969,1630.41467,-3054.2666
-2162,1496,-2384,-2162.29224,1498.77673,-2383.0437
-1669,1084,-2339,-1669.92542,1114.60339,-2339.37891
-2832,804,-4245,-2831.03491,805.089478,-4245.26172
-3256,804,-4397,-3256.98438,804.907349,-4397.17529
-2902,626,-3362,-2902.91821,626.674805,-3361.604
-2443,688,-3710,-2442.30176,688.837708,-3710.71582
-2094,600,-3297,-2093.35938,601.062744,-3297.76782
-2409,598,-2994,-2409.61328,599.081909,-2993.21021
-1844,562,-3107,-1843.67676,563.39502,-3107.94629
-1984,559,-2781,-1984.46692,560.123779,-2780.11572
-1250,450,-2767,-1249.57104,451.086029,-2767.90332
-1644,496,-2534,-1644.98254,497.028503,-2533.81421
-1488,442,-2229,-1488.92542,442.765076,-2228.62109
-1492,1224,227,-1492.99927,1225.59998,227.035507
-1254,926,-1326,-1254.98816,926.616333,-1326.1532
258,1038,1411,257.17337,1039.69885,1410.43726
242,961,844,241.066071,964.018738,844.357422
242,961,844,241.002914,963.800232,844.076172
291,764,579,290.095184,764.793762,579.425781
175,764,333,174.097198,764.789734,333.430054
175,764,333,174.850983,765.296265,333.988831
-1039,979,38,-1039.70288,980.161011,38.7112732
-809,886,150,-809.911743,887.258179,150.410721
-460,1471,1101,-460.218506,1471.6897,1101.97583
-460,1471,1101,-460.599426,1472.83362,1101.80042
-460,1471,1101,-459.499481,1471.65063,1101.86572
-460,1471,1101,-460.042267,1471.5553,1101.99902
-460,1471,1101,-460.388702,1471.51514,1101.92126
-460,1471,1101,-460.917999,1473.23486,1100.60352
-460,1471,1101,-460.879669,1474.10352,1100.52441
-460,1471,1101,-460.947174,1472.00195,1101.32031
-460,1471,1101,-460.972565,1472.00098,1100.76758
-460,1471,1101,-460.933044,1472.03552,1100.64062
-460,1471,1101,-460.436035,1471.84106,1100.1001
538,88,195,537.024292,89.2457581,195.219025
538,88,195,537.112793,89.2230453,195.461334
149,147,-116,148.284637,148.070282,-115.301247
47,147,-141,46.7635803,148.121765,-140.028351
149,147,-116,148.776459,148.12233,-115.025307
-223,163,-125,-223.287674,163.988708,-124.042274
-921,309,-435,-921.997986,310.118622,-435.062744
-672,227,-186,-672.49707,228.016434,-185.132294
-936,323,-604,-936.946045,324.230286,-604.323975
-1043,438,-1088,-1043.98828,439.01712,-1087.84741
-1043,438,-1088,-1043.67834,438.608856,-1087.26526
-1229,450,-1589,-1229.86792,450.705963,-1588.5033
-1362,445,-1923,-1362.92554,445.835999,-1922.62146
-1362,445,-1923,-1362.93652,445.801147,-1922.64941
674,83,1041,673.084595,84.4242783,1041.40247
784,90,1455,783.000977,92.3468475,1455.0437
258,1038,1411,257.215881,1039.56433,1410.37939
37,750,2087,36.0778046,751.188293,2086.61328
1029,26,992,1028.4978,26.9935455,991.135254
1029,26,992,1028.49609,27.0567188,991.136292
857,26,1094,856.487061,27.0553284,1093.1416
857,26,627,856.150085,72.8012238,627.526917
857,26,627,856.486328,104.360451,626.142029
685,26,729,684.481445,104.121223,728.144958
685,26,729,685.501953,26.9911366,729.864868
685,26,729,685.502625,26.9833546,729.864502
857,26,627,857.495117,26.9817028,627.868774
-1179,400,-2026,-1178.5874,400.945648,-2025.08911
-1179,400,-2026,-1178.57422,401.046997,-2025.09521
-999,400,-2112,-998.574219,401.04837,-2111.09521
-999,400,-2112,-999.4375,409.074768,-2112.89917
-1179,400,-2026,-1179.42786,409.106079,-2026.90381
-999,400,-2112,-999.855042,409.385254,-2111.48145
-860,400,-1734,-860.427856,400.983673,-1734.90381
-860,400,-1734,-860.424805,401.001007,-1734.90527
-1041,400,-1647,-1041.43555,401.001526,-1647.90015
720,-360,-1154,720.857849,-350.769775,-1154.51367
696,-360,-1195,696.858276,-350.766418,-1195.51318
696,-360,-1195,696.857849,-350.722687,-1195.51367
768,-360,-1154,767.955872,-350.697601,-1154.99902
720,-360,-1154,719.955872,-350.697601,-1154.99902
720,-360,-1154,719.955872,-350.697601,-1154.99902
792,-360,-1195,791.135254,-351.020203,-1195.5022
768,-360,-1154,767.135132,-351.022919,-1154.50195
792,-360,-1195,791.135193,-350.910706,-1195.50208
768,-360,-1237,767.127319,-351.274811,-1236.51172
792,-360,-1195,791.127319,-351.268372,-1194.51172
792,-360,-1195,791.127319,-351.465637,-1194.51172
827,360,-1283,826.210144,870.259155,-1282.38672
865,360,-1235,864.210144,870.513123,-1234.38672
720,-360,-1237,719.955872,-351.330536,-1236.00098
768,-360,-1237,767.955872,-351.330536,-1236.00098
768,-360,-1237,767.955872,-351.330536,-1236.00098
717,360,-1305,717.174988,365.231934,-1304.0155
696,-360,-1195,696.863892,-351.016113,-1194.49634
720,-360,-1237,720.864746,-351.013916,-1236.4978
720,-360,-1237,720.863892,-350.950439,-1236.49634
637,360,-1225,637.90509,366.262604,-1224.57483
662,360,-1279,662.904907,366.263947,-1278.57446
172,-138,2900,172.583206,-47.3763313,2900.81226
-53,-72,2499,-53.8664589,-64.2761154,2498.50098
-148,-143,2679,-148.930145,-139.065536,2678.63281
215,36,3129,215.991989,37.5820847,3128.87378
57,-30,2331,56.5037231,-23.8938732,2330.13184
480,1,2559,480.69751,12.257906,2559.71655
337,12,2126,336.317322,19.1051292,2125.26929
607,27,2439,607.716797,36.4959297,2439.69727
827,26,2210,827.730591,29.4694042,2210.68262
543,74,1920,542.586914,75.808548,1919.08936
543,74,1920,542.16925,75.3237915,1919.44336
695,73,1699,694.16925,74.3113251,1698.44336
918,42,2106,918.950073,46.6089211,2106.31201
960,57,1968,960.883911,62.4334221,1968.46765
1054,95,1849,1054.93616,97.8222733,1849.35144
1347,41,1185,1347.97839,44.7264595,1185.20667
770,94,1316,769.040955,96.9644165,1316.2832
776,93,1389,775.004822,96.0385132,1389.09778
770,94,1316,769.002869,97.0075836,1316.0752
751,89,1244,750.029297,91.1475906,1244.24023
490,263,1899,489.35498,267.046967,1898.23584
490,263,1899,489.320343,266.889587,1898.26648
241,455,2104,240.373657,466.968903,2103.22046
121,597,2235,120.256035,998.669495,2234.33179
-54,716,2380,-54.7919388,718.427002,2379.3894
-54,716,2380,-54.8124161,718.461853,2379.41699
-114,536,2591,-114.829422,540.593933,2590.44141
-306,206,3005,-306.83609,216.111618,3004.45142
-306,206,3005,-306.956482,211.055283,3004.70825
-268,-51,2932,-268.996948,-47.0656357,2931.92212
-237,33,2713,-237.95636,35.3882637,2712.70801
-73,65,2494,-73.7942886,72.4825821,2493.39258
-73,65,2494,-73.8254242,72.1713715,2493.43555
165,171,2219,164.537231,174.903702,2218.11353
297,187,2110,296.31839,191.389938,2109.26831
403,201,2005,402.286072,210.614182,2004.2998
403,201,2005,402.29776,204.496628,2004.28809
516,168,1909,515.165405,171.351807,1908.44922
659,165,1688,658.14679,167.660294,1687.47852
733,171,1577,732.221741,176.014359,1576.37207
675,211,1093,674.094543,216.917053,1093.42444
162,275,-54,161.695892,281.735016,-53.0473633
162,275,-54,161.778442,277.20816,-53.0248528
-1061,573,-1060,-1061.95081,578.141907,-1059.69043
-1061,573,-1060,-1061.78833,577.263367,-1059.38477
-1191,568,-1400,-1191.99707,575.418274,-1399.92358
-1375,601,-1913,-1375.93152,610.870667,-1912.63635
-1435,597,-2074,-1435.95898,610.021301,-2073.71655
-1708,643,-2490,-1708.90527,644.805359,-2489.5752
-2125,813,-2800,-2125.39209,819.383301,-2799.08008
-2433,738,-2961,-2433.59131,741.543945,-2960.1936
-2898,847,-3353,-2898.4248,850.298645,-3352.09473
-3243,956,-4386,-3243.87207,957.5802,-4386.48926
161,-41,3105,161.980774,-37.709301,3105.19507
268,2,2882,268.4935,6.38124037,2882.86963
591,128,2639,591.994995,129.235916,2638.90039
591,128,2639,591.78833,128.949097,2639.61523
645,164,2461,645.550781,167.602478,2461.83447
920,147,2274,920.818848,148.051682,2274.57397
920,147,2274,920.809021,148.099274,2274.58765
1057,152,2022,1057.98145,152.932022,2022.19165
1057,152,2022,1057.92578,152.869644,2022.37793
1146,226,1752,1146.99121,227.653656,1752.13171
1179,237,1615,1179.97937,238.665543,1615.20178
1302,221,1445,1302.65149,223.279617,1445.75854
1329,209,1313,1329.94116,212.832108,1313.33765
1329,209,1313,1329.7511,210.684631,1313.66016
1475,203,1194,1474.73633,209.985275,1194.9646
1569,272,1231,1568.80273,275.753021,1231.98035
1764,524,1268,1764.20544,525.906006,1268.97864
307,98,2945,307.958466,99.6910477,2945.28516
307,98,2945,307.461304,99.2731781,2945.88721
591,128,2639,591.993103,129.467117,2639.11719
716,292,2529,716.984375,293.6427,2529.17603
716,292,2529,716.831787,293.242676,2529.55493
957,297,2299,957.337219,301.252594,2299.94141
980,273,2149,980.958679,278.150299,2149.28418
980,273,2149,980.742249,277.444122,2149.66992
1143,337,1882,1143.98914,344.544525,1882.14648
1163,386,1756,1163.96948,395.373596,1756.24512
1199,398,1622,1199.84229,405.767731,1622.53894
1296,384,1491,1296.81873,392.491913,1491.5741
1379,341,1361,1379.73254,350.800842,1361.68054
1581,353,1220,1581.94006,363.497955,1220.34082
733,171,1577,732.078735,174.764984,1576.61108
782,167,1464,781.050659,183.074127,1464.31421
749,243,1453,748.053467,245.700638,1453.32251
757,165,1388,756.011719,168.693542,1387.84741
738,237,1387,737.002869,240.756317,1386.92432
769,161,1318,768.021301,209.436584,1318.2052
745,229,1317,744.011536,231.83046,1317.15137
736,226,1251,735.04071,229.852692,1251.28235
1113,114,1571,1113.67773,121.89328,1571.73523
1179,237,1615,1179.76782,238.553177,1615.64062
480,469,1899,479.095184,471.894165,1898.57422
480,469,1899,479.353485,472.196899,1898.23718
241,455,2104,240.288223,465.1091,2103.29761
140,371,2215,139.286057,375.84433,2214.2998
575,312,1746,574.154663,312.985687,1745.46582
643,321,1575,642.000977,321.754272,1574.95593
-244,-253,3232,-244.992874,-248.99295,3231.88086
-148,-143,2679,-148.958694,-136.034531,2678.71558
-148,-143,2679,-148.879974,-138.025528,2678.52515
-282,-97,3241,-282.995941,-92.9095917,3240.91016
-267,63,2971,-267.953339,65.3895569,2970.69824
-237,33,2713,-237.827286,36.3390083,2712.43823
-53,-72,2499,-53.7694054,-61.6086578,2498.36133
233,-69,2240,232.484573,-60.0366592,2239.14307
233,-69,2240,232.34584,-62.1848373,2239.24365
337,12,2126,336.337189,16.6175499,2125.25122
218,-8,2242,217.518646,3.65527749,2241.12354
-7,149,2315,-7.87673235,151.889343,2314.51904
-195,377,2771,-195.851379,382.510406,2770.47559
140,371,2215,139.518646,384.07196,2214.12354
140,371,2215,139.36763,381.451782,2214.22534
297,187,2110,296.209381,191.126434,2109.3877
426,30,2007,425.214722,33.8387985,2006.38086
297,187,2110,296.373962,190.50354,2109.22021
165,171,2219,164.526169,175.057404,2218.11938
-268,-51,2932,-268.930145,-46.6055756,2931.63281
262,345,2099,261.317322,349.86734,2098.26929
403,201,2005,402.423218,212.262634,2004.18311
543,74,1920,542.532349,75.8895035,1919.11609
592,160,1799,591.190186,162.605957,1798.41333
575,312,1746,574.320496,312.903137,1745.26636
372,433,2004,371.518646,435.750366,2003.12354
372,433,2004,371.318237,435.35849,2003.26843
574,423,1739,573.06311,454.161163,1738.65039
574,423,1739,573.067993,454.539978,1738.63757
643,321,1575,642.025269,322.021698,1574.77673
709,297,1393,708.094666,298.06189,1393.42468
709,297,1393,708.021362,299.074738,1393.20557
258,1038,1411,257.015076,1039.51086,1410.82703
241,625,2099,240.248886,676.373108,2098.33984
364,678,1637,363.026947,678.584045,1636.76953
576,618,1529,575.000977,619.341614,1529.04395
660,498,1397,659.017395,499.202362,1397.18567
674,83,1041,673.094543,84.4304199,1041.42444
618,81,919,617.074097,82.4266434,919.377747
603,205,893,602.068054,233.02504,893.362549
653,384,999,652.006714,392.774628,998.884338
674,83,1041,673.094604,84.5943832,1041.42456
736,83,1168,735.094543,84.5952377,1168.42444
422,540,1873,421.334351,541.688232,1872.25378
531,520,1714,530.210144,522.042114,1713.38672
652,519,1559,651.000977,527.712585,1558.95593
356,641,846,355.127319,642.918213,846.488281
291,764,579,290.006012,765.296509,578.890564
624,571,1224,623.000977,573.157654,1224.04321
409,573,866,408.102783,574.182007,866.441528
415,614,454,414.002014,617.22345,454.063324
415,614,454,414.30423,615.45697,454.718262
-149,734,258,-149.124878,736.299622,258.992157
517,655,1162,516.165405,656.519531,1162.55078
624,571,1224,623.149841,572.938904,1224.52649
716,221,1179,715.094543,226.971741,1179.42444
709,297,1393,708.000977,299.111328,1392.95593
696,263,1289,695.063843,263.725922,1289.35156
696,263,1289,695.0177,263.799225,1289.18726
687,313,1196,686.001892,316.281616,1195.9386
422,540,1873,421.430206,541.352844,1872.17822
422,540,1873,421.046021,541.173706,1872.7002
652,519,1559,651.115662,527.369873,1558.5332
490,263,1899,489.335541,265.741608,1898.25269
601,258,1805,600.154724,260.55011,1804.4657
736,249,1578,735.004822,255.512772,1577.90198
736,249,1578,735.122498,256.466125,1577.52051
643,321,1575,642.08844,321.839447,1574.58887
643,321,1575,642.088867,321.822113,1574.58789
670,257,1698,669.122559,265.653381,1697.52039
733,171,1577,732.16925,177.981873,1576.44336
714,84,1627,713.06311,85.3204956,1626.65039
629,62,1812,628.177917,63.3478203,1811.43066
659,165,1688,658.154724,167.56543,1687.4657
659,165,1688,658.048828,167.433868,1687.69141
695,73,1699,694.14978,74.3672333,1698.47363
695,73,1699,694.06311,74.3115616,1698.65039
759,94,1569,758.254944,95.5062561,1568.33301
782,167,1464,781.021301,3124.99561,1463.7948
749,243,1453,748.015442,245.257095,1452.82495
757,165,1388,756.004822,168.868622,1388.0979
749,243,1453,748.017395,246.955383,1453.18567
745,229,1317,744.011658,231.839111,1316.84778
769,161,1318,768.002869,218.317841,1318.07532
736,226,1251,735.025391,229.746674,1251.22388
784,90,1455,783.023254,92.4314651,1455.21423
770,94,1316,769.004822,97.1015854,1316.0979
751,89,1244,750.006714,91.2547989,1244.11523
736,83,1168,735.002869,84.7664185,1168.07556
716,221,1179,715.063477,227.135498,1179.35059
364,678,1637,363.335815,678.639465,1636.25244
422,540,1873,421.13739,541.902405,1872.49414
660,498,1397,659.034912,499.302063,1396.73816
915,-14,1060,915.502197,3025.3623,1060.86475
677,-12,893,676.089172,980.454956,893.412781
1333,490,1519,1333.76782,492.331207,1519.64062
1572,549,1364,1572.37219,550.59967,1364.9281
670,257,1698,669.122498,265.976166,1697.52051
133,710,1817,132.008865,710.569641,1816.86719
52,996,1709,51.04076,998.625671,1708.71741
37,750,2087,36.3748665,750.892761,2086.21948
37,750,2087,36.004879,750.60907,2086.90137
241,625,2099,240.205627,681.363831,2098.39258
-195,377,2771,-195.81192,382.846985,2770.41626
121,597,2235,120.169907,646.333191,2234.44238
-114,536,2591,-114.794914,540.902588,2590.39331
30,519,2405,29.0335464,2597.42065,2404.74316
52,996,1709,51.3488083,998.178284,1708.24109
133,710,1817,132.263016,710.666443,1816.3241
172,-138,2900,172.95845,126.910858,2900.28516
268,2,2882,268.938599,3.626966,2882.34497
450,-59,2759,450.525665,-55.8433151,2759.85059
543,87,2818,543.402588,88.6264877,2818.91528
215,36,3129,215.951462,37.3420525,3129.30762
161,-41,3105,161.92421,-35.0702286,3104.61816
480,1,2559,480.990814,13.5450764,2559.13477
607,27,2439,607.696411,36.6196136,2439.71753
630,265,2674,630.981201,267.981628,2674.19238
645,164,2461,645.96936,167.133865,2461.24512
764,50,2339,764.569336,52.9330711,2339.82202
764,50,2339,764.863525,52.5953636,2339.50391
918,42,2106,918.762878,46.8056412,2106.64648
716,292,2529,716.883362,294.727661,2529.46851
843,340,2394,843.849426,341.356171,2394.52759
843,340,2394,843.4776,341.637756,2394.87842
1060,385,2182,1060.95874,386.273132,2182.28394
1060,385,2182,1060.94897,386.347412,2182.31519
764,214,2348,764.696411,240.185211,2348.71753
764,214,2348,764.411499,234.240875,2348.91138
957,297,2299,957.978577,300.649719,2299.20581
1127,220,1884,1127.9823,221.647629,1884.18713
1079,102,1706,1079.98425,109.271225,1706.17676
962,156,2131,962.9646,158.306915,2131.26367
960,57,1968,960.9646,62.4139748,1968.26355
962,156,2131,962.733459,158.250305,2131.67969
1054,95,1849,1054.82935,97.948761,1849.55859
1143,337,1882,1143.74329,348.029144,1882.66895
1163,386,1756,1163.99304,395.417145,1756.11719
1146,226,1752,1146.98718,227.738525,1752.15918
1199,398,1622,1199.9646,405.669312,1622.26355
1179,237,1615,1179.97827,238.696991,1615.20703
1113,114,1571,1113.97046,121.804802,1571.24121
1179,237,1615,1179.82947,238.847763,1615.55847
1236,232,1522,1236.71008,233.821243,1522.7041
1187,119,1485,1187.7511,143.501236,1485.66016
1187,119,1485,1187.69678,145.666901,1485.71729
1302,221,1445,1302.96948,223.837418,1445.24512
1451,272,1271,1451.74377,272.951172,1271.66833
1451,272,1271,1451.33887,273.036804,1271.9408
1296,384,1491,1296.7511,390.255371,1491.66016
1199,398,1622,1199.78821,403.370239,1622.61523
1367,272,1364,1367.73389,273.00885,1364.6792
1451,272,1271,1451.73352,273.012146,1271.67957
1296,384,1491,1296.81873,391.718201,1491.5741
1333,490,1519,1333.76306,492.214386,1519.64624
1572,549,1364,1572.66699,550.649841,1364.745
1234,496,1750,1234.99902,497.624329,1749.95593
1104,436,2058,1104.80884,437.491913,2058.58789
1196,426,1915,1196.99805,427.829193,1914.93762
1104,436,2058,1104.98816,437.983673,2058.15332
1104,436,2058,1104.84412,437.751709,2058.53613
1646,74,1076,1646.20532,76.1755981,1076.97864
1606,-57,1024,1606.13086,-53.5944214,1024.99133
1488,529,1424,1488.69629,529.990662,1424.71753
1488,529,1424,1488.63281,530.541199,1424.77429
1572,549,1364,1572.73352,550.412903,1364.67957
1472,343,1263,1472.73401,350.258026,1263.67908
1764,524,1268,1764.42419,525.41394,1268.90552
1451,272,1271,1451.30823,273.038574,1271.95129
1569,272,1231,1569.31641,273.040009,1231.94861
1594,200,1139,1594.3396,203.161911,1139.94055
1355,112,1191,1355.97681,119.633766,1191.21411
1355,112,1191,1355.25854,121.135994,1191.96594
1436,92,1167,1435.73633,103.359047,1167.9646
1432,37,1161,1431.76074,41.6543884,1161.97095
1519,72,1187,1518.79333,76.9078979,1187.97839
1563,73,1106,1563.87646,76.3725967,1106.48145
1563,73,1106,1563.40247,75.2651138,1106.91541
1646,74,1076,1646.33594,76.109787,1076.94177
1594,200,1139,1594.88342,202.949875,1139.46851
1886,119,1012,1886.30762,122.238045,1012.95148
1496,-42,1158,1496.94006,-34.9385452,1158.34082
1529,-48,1062,1529.91809,-40.8897018,1062.39636
1405,-28,1140,1405.77258,-11.0631866,1140.63477
1404,208,1225,1404.17053,210.296707,1225.98535
1475,203,1194,1474.80774,211.731537,1194.98132
1329,209,1313,1329.91064,212.638107,1313.41309
1268,103,1404,1268.88391,190.148041,1404.46765
1347,41,1185,1347.99524,43.1104546,1185.09729
1347,41,1185,1347.24316,43.3663139,1185.96997
1799,-34,992,1799.18555,-30.2189274,992.982544
1569,272,1231,1569.82935,274.409241,1231.55847
1594,200,1139,1594.83057,203.521774,1139.55688
1404,208,1225,1404.3623,210.71936,1225.93201
1436,92,1167,1436.26184,100.126358,1167.96509
1367,272,1364,1367.9646,273.277985,1364.26355
-211,1220,1156,-211.960587,1221.30762,1155.72205
-211,1220,1156,-211.861435,1221.25244,1155.49219
-59,1133,568,-59.9105988,1134.17493,568.413086
-59,1133,568,-59.5102844,1134.78638,568.859985
-169,1120,495,-169.238708,1121.66235,495.971069
-697,1177,728,-696.635742,1177.53687,728.931213
-697,1177,728,-697.48053,1177.63391,728.876953
-994,1306,746,-994.222656,1306.65002,746.974854
-1492,1224,227,-1492.98328,1225.67627,227.181946
-45,1074,1103,-45.6972771,1082.55969,1102.2832
-81,1106,649,-81.8073959,1107.01685,649.589783
-59,1133,568,-59.8625984,1134.18408,567.494141
-59,1133,568,-59.1694565,1134.38501,568.985474
-454,1067,393,-454.061401,1069.16272,393.998077
-454,1067,393,-454.475342,1070.90369,393.879761
-998,1124,470,-998.82843,1124.70398,470.559906
493,682,1443,492.000702,683.036377,1443.03711
493,682,1443,492.178589,682.573853,1442.42969
364,678,1637,363.384705,679.407288,1636.21179
52,996,1709,51.2549362,997.046143,1708.33301
-136,933,2006,-136.91803,933.937256,2005.60352
372,935,1164,371.000946,936.890686,1163.95654
372,935,1164,371.119293,937.213989,1164.47363
517,655,1162,516.116089,656.674988,1162.46765
537,534,1048,536.00769,535.219666,1048.12378
624,571,1224,623.12793,573.001221,1224.48938
537,534,1048,536.08844,535.207642,1048.41113
409,573,866,408.271973,574.501831,866.685547
653,384,999,652.059509,391.73822,999.339783
624,571,1224,623.034912,571.950562,1223.73816
493,682,1443,492.00592,682.867065,1443.1084
576,618,1529,575.009583,619.87616,1528.86194
493,682,1443,492.012909,682.897339,1443.16016
603,569,1311,602.017578,570.844727,1311.18652
517,655,1162,516.035156,655.684631,1161.73718
472,607,1689,471.132446,608.363464,1688.50269
472,607,1689,471.202667,608.438965,1688.39648
649,303,1103,648.114807,306.35083,1103.46521
649,303,1103,648.000916,306.506714,1103.04199
674,83,1041,673.094543,84.4615784,1041.42444
568,79,792,567.088684,80.592598,792.411682
548,210,805,547.149902,215.446732,805.526611
1764,524,1268,1764.23926,525.9729,1268.97095
1677,203,1122,1677.32324,205.413116,1122.94629
1677,203,1122,1677.20532,205.468781,1122.97864
1867,255,1101,1867.26172,256.714905,1101.96497
1886,119,1012,1886.73145,120.926765,1012.68188
1981,334,956,1981.8833,337.757751,956.468567
1799,-34,992,1799.11523,-29.9327888,992.993225
1903,18,917,1903.6582,21.9393463,917.752686
2607,464,644,2607.47754,468.3078,644.87854
1764,524,1268,1764.20642,526.056335,1268.97839
548,210,805,547.000977,216.487915,804.955872
550,80,640,549.004883,81.6369858,640.09845
492,373,482,491.000946,375.598816,482.043335
503,358,609,502.012909,361.728577,609.160156
539,204,573,538.011536,383.285004,573.151367
538,81,562,537.004822,82.5517197,562.097839
503,358,609,502.026947,363.901154,608.76947
556,82,479,555.031982,83.7449188,478.749146
501,400,332,500.003998,404.830353,331.910675
492,373,482,491.053192,375.949646,482.321747
532,207,424,531.020325,217.300034,424.2005
541,83,409,540.016418,84.4398041,409.180359
501,400,332,500.012909,411.083771,331.839844
501,400,332,500.048035,403.336365,331.693817
554,83,336,553.016418,84.6539764,335.81955
501,400,332,500.059021,404.581696,332.338409
554,207,355,553.024231,235.462112,355.218781
538,87,268,537.016418,88.1576767,267.81955
402,144,1,401.02594,145.384705,1.22627246
539,231,197,538.200195,570.9104,197.60025
469,114,105,468.139374,115.22921,105.509186
402,144,1,401.035126,145.412491,1.26270902
469,114,105,468.110168,115.25325,105.456253
538,88,195,537.000916,89.0826874,194.95723
539,231,197,538.012695,244.696991,196.841171
538,87,268,537.016479,88.3920059,268.180664
525,224,285,524.063171,231.535599,285.349701
554,207,355,553.04364,237.851379,354.707825
532,207,424,531.04364,237.815552,423.707825
541,83,409,540.020325,84.4459991,409.200531
554,83,336,553.014587,84.6358032,335.829834
541,83,409,540.014587,84.6343842,408.829834
532,207,424,531.06311,244.71463,424.349579
556,82,479,555.02417,83.796463,478.781494
538,81,562,537.011536,82.6445541,562.151367
550,206,646,549.011536,346.161102,646.151428
550,80,640,549.006714,81.6816864,640.115601
550,206,646,549.006714,385.889862,646.115662
501,400,332,500.053314,402.114899,332.322144
432,369,88,431.464264,371.613159,88.8443832
299,302,-27,298.696991,341.802673,-26.0470123
402,144,1,401.705963,144.99147,1.95578527
432,369,88,431.139343,372.755219,88.5091705
242,441,65,241.936569,442.461639,65.9979858
242,441,65,241.593185,442.297791,65.9135056
299,302,-27,298.481293,307.337616,-26.1450481
402,144,1,401.60022,145.183044,1.91659915
299,302,-27,298.811523,324.125702,-26.0179234
274,143,-39,273.740204,144.000565,-38.0343399
207,145,-60,206.674759,146.0383,-59.0543709
47,147,-141,47.1534119,148.169907,-140.011841
43,426,-73,43.274128,426.950104,-72.0383072
-504,200,-95,-503.898254,200.903976,-94.0051956
-532,488,-68,-531.87207,491.336426,-67.0082169
-223,163,-125,-223.28598,164.01001,-124.041771
-333,474,-98,-333.535339,477.600494,-97.155365
-315,178,-137,-315.29303,179.002396,-136.0439
-655,513,-212,-655.763855,536.405762,-211.354614
-672,227,-186,-672.596863,228.005737,-185.197662
-672,227,-186,-672.34375,227.89093,-185.060944
-800,256,-281,-800.888062,257.142761,-280.540283
-800,256,-281,-800.967651,257.070312,-280.747711
356,641,846,355.004883,642.249023,845.901306
409,573,866,408.006897,574.592468,865.882812
-866,542,-297,-866.344177,547.286072,-296.061096
-874,397,-329,-874.370178,405.098206,-328.071045
-828,269,-328,-828.222168,269.772339,-327.024994
-933,359,-787,-933.985352,360.243652,-787.170532
-914,608,-576,-914.987244,614.572205,-575.84082
-962,641,-734,-962.716125,643.566162,-733.302063
-1056,548,-882,-1056.67834,562.784302,-881.265259
-991,408,-945,-991.996948,409.066803,-944.922852
-1182,457,-1473,-1182.9989,457.849426,-1473.0448
-1124,589,-1342,-1124.99316,592.412231,-1342.11646
-1161,869,-1309,-1161.99707,891.664795,-1308.92358
-1144,721,-1176,-1144.86377,732.17157,-1175.49622
-1144,721,-1176,-1144.99707,759.328796,-1175.92358
-1153,704,-1298,-1153.90491,706.524353,-1297.57446
-1139,460,-1359,-1139.995,460.637848,-1358.90039
-1182,457,-1473,-1182.9563,457.836884,-1472.70764
-1216,750,-1602,-1216.97937,773.855042,-1601.79797
-1259,939,-1570,-1259.9707,942.881165,-1569.75977
-1217,913,-1429,-1217.9823,918.043274,-1428.81274
-1440,725,-2069,-1440.87158,744.126831,-2068.50977
-1620,735,-2351,-1620.83398,758.685364,-2350.44824
-1988,902,-2663,-1987.89197,902.616089,-2662.00586
-1259,939,-1570,-1259.88391,942.59436,-1569.53235
-1216,750,-1602,-1216.80896,768.61499,-1601.41223
-1229,450,-1589,-1229.92053,450.84903,-1588.60938
-484,128,-475,-484.500977,172.30014,-474.134552
-645,236,-834,-645.995056,283.819336,-834.09906
-868,360,-1733,-867.587097,3982.54517,-1732.08923
-1363,846,-1925,-1363.8186,851.797791,-1924.42578
-1375,601,-1913,-1375.93726,610.563416,-1912.65137
-1362,445,-1923,-1362.91492,445.835663,-1922.59644
-1488,442,-2229,-1488.88574,442.790375,-2228.53589
-1609,585,-2346,-1609.66907,587.633545,-2345.25684
-1620,735,-2351,-1620.80884,759.870789,-2350.41211
-1578,850,-2192,-1578.79785,851.797241,-2191.39722
-1136,360,-2047,-1136.42419,860.216187,-2047.90552
-1777,537,-2642,-1777.81885,537.868347,-2641.42603
-1708,643,-2490,-1708.73438,644.955688,-2489.32129
-1894,926,-2678,-1893.84741,1059.48145,-2677.01172
-1988,902,-2663,-1988.35059,903.251831,-2662.06348
-1819,667,-2623,-1819.67871,669.979309,-2622.26562
-1963,806,-2734,-1963.74353,810.03479,-2733.3313
-1819,667,-2623,-1819.75012,670.986694,-2622.33887
-2117,693,-2817,-2117.27539,804.823914,-2816.03882
-2274,705,-2857,-2274.28223,708.076355,-2856.04077
-2125,813,-2800,-2125.26855,819.57489,-2799.03687
-2167,881,-2678,-2167.39551,881.53064,-2677.08154
-2360,1065,-2677,-2360.13916,1066.47827,-2676.00977
-2151,1044,-2663,-2151.08789,1055.9967,-2662.00391
-2117,693,-2817,-2117.42578,699.107849,-2816.09521
-1777,537,-2642,-1777.67847,537.957031,-2641.26538
-1436,535,-2944,-1435.41919,536.037048,-2944.81396
-1863,558,-2713,-1863.5072,559.093323,-2712.13818
-1687,570,-3047,-1686.5752,571.433899,-3047.90527
-1988,575,-3179,-1987.62195,576.348816,-3179.92578
-2250,577,-2895,-2250.43188,577.94696,-2894.09814
-2255,640,-3498,-2254.23071,640.827209,-3498.63867
-2738,617,-3214,-2738.58667,618.129395,-3213.19019
-2578,768,-3083,-2578.396,770.595032,-3082.08179
-2802,971,-3134,-2802.55762,975.585815,-3133.16992
-2629,924,-3029,-2629.50244,935.36499,-3028.1355
-2578,768,-3083,-2578.90015,774.362549,-3082.56445
-2559,607,-3100,-2559.71484,608.266235,-3099.30078
-2211,627,-3422,-2210.41235,627.84198,-3422.80908
-2324,653,-3561,-2323.51074,654.050598,-3561.87207
-2902,626,-3362,-2902.71509,626.806885,-3361.30103
-2898,847,-3353,-2898.83203,971.764832,-3352.44531
-2949,1004,-3303,-2949.80078,1006.29156,-3302.40112
-2624,723,-3827,-2623.07397,723.855896,-3827.37744
-3147,710,-3672,-3147.97852,710.537415,-3671.79395
-3222,852,-3634,-3222.96606,853.759277,-3633.7417
-3309,1109,-3829,-3309.99902,1112.18298,-3829.04297
-3122,1046,-3442,-3122.83398,1054.28101,-3441.44824
-3103,839,-3457,-3103.91504,842.060669,-3456.59668
-3147,710,-3672,-3147.99512,710.646118,-3671.90137
-2624,723,-3827,-2623.57471,724.25177,-3827.90503
-2414,852,-3727,-2413.24805,857.091675,-3727.65918
-2210,807,-3532,-2209.21826,809.841675,-3532.62354
-1970,762,-3203,-1969.26562,768.320496,-3203.67871
-2089,793,-3302,-2088.28296,819.638,-3302.69702
-1833,724,-3128,-1832.65137,730.578186,-3128.93726
-1652,721,-3119,-1651.69067,722.935974,-3119.95093
-1434,712,-2968,-1433.6311,719.900452,-2968.92944
-2680,947,-4031,-2679.10938,950.25708,-4031.45459
-2832,804,-4245,-2831.15649,805.18689,-4245.53711
-3215,742,-3849,-3215.99609,742.682007,-3848.91187
-3381,909,-4079,-3381.99023,910.317505,-4078.8606
-3309,1109,-3829,-3309.84766,1111.85242,-3828.46948
-2923,998,-4534,-2922.06348,1004.19849,-4534.35059
-2949,809,-4513,-2948.03418,811.012939,-4513.25879
-3256,804,-4397,-3256.99316,805.4599,-4396.8833
-3380,1086,-4384,-3380.9873,1086.99524,-4383.84131
-28,1010,-3003,-28.0425262,1013.92944,-3003.99902
-1130,757,-2744,-1129.65942,758.862061,-2744.94019
-593,1310,-3137,-592.71991,1310.97021,-3137.95996
-695,813,-2728,-695.1698,815.518433,-2728.98535
-918,360,-2528,-918.322449,379.371765,-2528.94653
-904,1244,-2997,-904.632935,1246.08411,-2997.77417
-28,1010,-3003,-28.3135681,1013.72705,-3003.94946
-722,334,-2596,-722.322388,337.592194,-2596.94653
49,245,-2814,48.9558182,249.007248,-2814.99902
-695,813,-2728,-695.32312,816.429993,-2728.94629
-722,334,-2596,-722.042969,352.352875,-2596.99902
-1659,878,-2345,-1659.90527,881.791077,-2344.5752
-1250,450,-2767,-1249.59668,451.076385,-2767.91504
-1140,506,-2623,-1139.20508,550.06665,-2623.60669
-1140,506,-2623,-1139.90137,519.283936,-2623.99512
-1027,491,-2611,-1026.55115,497.104584,-2611.89355
-1124,565,-2662,-1123.22632,566.593323,-2662.63354
-1025,584,-2611,-1024.53967,683.176697,-2611.8877
-1025,584,-2611,-1024.81335,845.574219,-2611.98242
-908,583,-2589,-908.205139,585.652954,-2589.97852
-1024,631,-2629,-1023.48706,633.846619,-2629.8584
-906,644,-2620,-905.883301,646.031372,-2620.99316
-906,644,-2620,-906.27832,646.066345,-2620.96045
-1256,877,-2772,-1255.44751,926.175232,-2772.8335
-1447,899,-2983,-1446.84668,914.039551,-2983.98804
-1813,805,-3200,-1812.95593,806.113342,-3200.99902
-1813,805,-3200,-1812.74084,806.094971,-3200.96582
-2045,837,-3343,-2044.47266,838.006592,-3343.84961
-2045,837,-3343,-2044.09009,837.712708,-3343.41479
-2173,1012,-3563,-2172.15649,1016.50378,-3563.53711
-2272,1035,-3590,-2271.75879,1047.40149,-3590.97046
-2377,1070,-3747,-2376.19556,1075.45032,-3747.59399
-2377,1070,-3747,-2376.68774,1076.93018,-3747.94995
-2609,1138,-3950,-2608.16943,1150.82227,-3950.55688
-2869,1279,-4601,-2868.0957,1282.66907,-4601.42676
-2869,1279,-4601,-2868.05957,1283.00464,-4601.33984
-1155,1232,-2959,-1154.73718,1232.82056,-2959.96484
-1267,1099,-2817,-1266.36536,1106.54236,-2817.77271
-1459,1068,-3002,-1459.15234,1076.47253,-3002.98828
-1668,1091,-3109,-1667.44727,1097.6748,-3109.83325
-1668,1091,-3109,-1667.26746,1097.78564,-3109.68066
-1739,1128,-3225,-1738.5752,1132.96521,-3225.90527
-1965,1199,-3428,-1964.49707,1200.9939,-3428.86426
-2134,990,-3491,-2133.24829,995.113159,-3491.65942
-1965,1199,-3428,-1964.24744,1200.9397,-3428.65845
-2202,1236,-3647,-2201.42603,1240.2533,-3647.81885
-2202,1236,-3647,-2201.8186,1238.92786,-3647.9834
-2202,1236,-3647,-2201.21826,1238.2345,-3647.62354
-2336,1279,-3783,-2335.42676,1282.95337,-3783.81934
-2616,1342,-4066,-2615.44238,1344.58936,-4066.83008
-2616,1342,-4066,-2615.05151,1343.98071,-4066.31665
-2040,996,-3351,-2039.16553,1014.07361,-3351.55103
-1921,974,-3275,-1920.47266,988.504089,-3275.84961
-1781,955,-3205,-1780.53308,962.547241,-3205.88428
-1781,955,-3205,-1780.26721,960.971313,-3205.68042
-1543,1082,-3022,-1542.32129,1085.62744,-3022.73438
-1013,870,-2711,-1012.63666,878.90686,-2711.93164
-1013,870,-2711,-1012.87531,879.929871,-2711.99219
-873,857,-2729,-873.151367,858.591797,-2729.98828
-339,1407,-3258,-339.151031,1408.17944,-3258.98853
-339,1407,-3258,-339.613342,1409.75122,-3258.78979
-2615,948,-3807,-2614.00098,974.670349,-3807.04346
-2541,1109,-3874,-2540.00073,1111.15955,-3873.96191
-2507,1314,-3895,-2506.29907,1319.12817,-3895.71313
-2724,757,-3995,-2723.43164,758.05011,-3995.82275
-3052,664,-3496,-3052.8833,664.554199,-3495.53125
-2134,990,-3491,-2133.20752,994.960449,-3491.60986
-2070,1191,-3541,-2069.18018,1193.49927,-3541.57251
-2070,1191,-3541,-2069.16943,1193.54712,-3541.55688
-1842,1158,-3329,-1841.51062,1160.12769,-3329.87207
-1519,547,-2979,-1518.8186,548.144165,-2979.9834
-1410,895,-2901,-1409.03003,920.920288,-2901.24316
-1416,1091,-2935,-1415.08887,1114.57593,-2935.41211
-1519,547,-2979,-1518.71655,548.207947,-2979.95898
-1371,523,-2881,-1370.49622,524.190674,-2881.86377
-1324,1232,-3035,-1323.34082,1233.03809,-3035.75195
-1247,687,-2761,-1246.44824,695.155334,-2761.83398
-1125,641,-2674,-1124.61438,648.1521,-2674.92261
-1267,1099,-2817,-1266.73633,1104.75916,-2817.9646
-761,1211,-3089,-761.431641,1212.0155,-3089.90186
-904,1132,-2927,-904.001953,1133.40564,-2927.99976
-1134,1121,-2810,-1133.85388,1124.26672,-2810.98926
-904,1132,-2927,-904.200806,1133.3053,-2927.97949
-904,1244,-2997,-904.130859,1245.62939,-2997.99121
-904,1132,-2927,-904.424438,1133.84302,-2927.90527
-703,546,-2618,-703.36261,549.466553,-2618.93188
-718,623,-2662,-718.479492,624.751038,-2662.87744
-2708,1138,-2874,-2708.63354,1139.29565,-2873.22632
-3008,1211,-3151,-3008.73462,1212.41602,-3150.32153
-3614,1362,-4213,-3614.99902,1363.03174,-4212.95996
-3614,1362,-4213,-3614.81934,1364.39734,-4212.42676
-3614,1362,-4213,-3614.9834,1363.09448,-4212.81885
-2475,1555,-2518,-2475.4248,1558.12231,-2517.09473
-1669,1084,-2339,-1669.99512,1102.89587,-2338.90137
-2011,1143,-2560,-2011.31958,1144.79443,-2559.05249
-3030,1336,-3048,-3030.61426,1339.57629,-3047.21094
-1915,1528,-2044,-1915.99902,1533.70386,-2044.04321
-1848,1180,-2350,-1848.98816,1180.57629,-2349.84766
-1848,1180,-2350,-1848.99805,1180.58972,-2349.93848
-1370,1034,-1509,-1370.95093,1034.73926,-1508.69067
-2187,1777,-1464,-2187.99707,1778.026,-1464.07556
-1894,1307,-964,-1893.75977,1307.73108,-963.029297
-1658,1259,-1631,-1658.99902,1264.11499,-1630.95703
-1545,1238,-1153,-1545.57239,1239.26758,-1152.18005
262,520,216,261.017914,520.566284,216.188431
-359,620,40,-359.533722,620.958923,40.8456573
-699,661,-39,-699.652344,661.54834,-38.2420769
-994,759,-180,-994.994019,759.558655,-180.108551
-1483,1196,-241,-1483.82874,1196.98816,-240.440369
-981,652,-516,-981.999023,652.6651,-516.042969
-1256,1192,-765,-1256.995,1194.79749,-764.900391
-1288,1132,-1028,-1288.81384,1133.32507,-1027.41895
-1647,1330,-790,-1647.97449,1330.51843,-789.775574
-1678,1308,-257,-1678.93628,1308.61768,-256.648773
-1678,1308,-257,-1678.99707,1308.5426,-256.923523
-1774,1786,426,-1774.98547,1787.80225,426.1698
-1715,1468,-834,-1715.99133,1469.92004,-834.131348
-1715,1468,-834,-1715.7334,1468.67407,-834.679688
-1768,1357,-143,-1768.9989,1357.5293,-142.959686
-1092,859,-843,-1092.97034,862.211304,-843.241211
-3030,1336,-3048,-3030.90527,1337.87793,-3047.5752
-3489,1445,-3887,-3489.86816,1446.58789,-3886.50391
-2354,1185,-2587,-2354.17603,1186.29834,-2586.01562
-1859,1122,-2564,-1859.42578,1123.55042,-2563.09521
-1719,1106,-2483,-1719.74329,1109.22876,-2482.33105
-1679,929,-2523,-1679.99707,941.850403,-2522.92358
-1804,971,-2642,-1804.73389,975.133789,-2641.3208
-1900,1004,-2665,-1900.3114,1009.57385,-2664.0498
-1900,1004,-2665,-1899.76782,1011.16296,-2664.02734
-2011,1143,-2560,-2011.08789,1144.25574,-2559.00391
-2011,1143,-2560,-2010.66211,1145.26172,-2559.05884
-2456,900,-2932,-2456.29199,904.863098,-2931.0437
-2527,743,-2989,-2527.30786,745.733521,-2988.04858
-2491,603,-3034,-2491.48926,603.890503,-3033.12793
-2629,924,-3029,-2629.92944,926.365784,-3028.6311
-3353,1265,-3752,-3353.87183,1266.94604,-3751.51025
-3278,1392,-3451,-3278.88794,1393.65869,-3450.54028
-3112,1225,-3363,-3112.95581,1237.80981,-3362.70605
-3428,1267,-4012,-3428.96265,1269.61926,-4011.72949
-3353,1265,-3752,-3353.86816,1266.90039,-3751.50391
-3428,1267,-4012,-3428.93652,1270.46863,-4011.64941
-3489,1445,-3887,-3489.92065,1447.53638,-3886.60986
-3278,1392,-3451,-3278.87695,1393.60864,-3450.51953
-3489,1445,-3887,-3489.9646,1446.94568,-3886.73633
-3065,1615,-3055,-3065.8584,1626.00671,-3054.48706
-3486,1658,-3437,-3486.93701,1659.34644,-3436.65137
-1904,848,-2677,-1904.53467,850.464661,-2676.15503
-2360,1065,-2677,-2360.77344,1066.82764,-2676.36621
-3008,1211,-3151,-3008.75171,1212.61084,-3150.34058
-2708,1138,-2874,-2708.57251,1139.2467,-2873.18018
-2708,1138,-2874,-2708.66797,1139.40015,-2873.25586
-3008,1211,-3151,-3008.81885,1212.38525,-3150.42603
-2354,1185,-2587,-2354.58594,1186.64404,-2586.1897
-3030,1336,-3048,-3030.76343,1337.52722,-3047.35425
-2475,1555,-2518,-2475.61865,1557.82141,-2517.21436
-2334,926,-2764,-2334.61328,927.400269,-2763.21021
-2334,926,-2764,-2334.75195,927.386292,-2763.34082
425,134,66,424.148834,135.211487,66.5248871
149,147,-116,148.284332,148.06076,-115.301559
162,275,-54,161.306152,278.62674,-53.2798805
135,447,22,134.594879,449.146057,22.9142628
43,426,-73,42.7572365,442.32666,-72.0299149
43,426,-73,42.577095,438.998779,-72.0938263
-128,417,-33,-127.582207,418.345459,-32.0914612
59,270,-79,58.9526558,271.995239,-78.0011215
59,270,-79,58.7567482,272.143768,-78.0300369
149,147,-116,148.776459,148.122772,-115.025307
-130,148,-112,-129.83812,149.148056,-111.013191
-44,228,-104,-43.8506317,231.707031,-103.011223
-233,446,-42,-232.934509,447.846588,-41.0021477
-233,446,-42,-233.376617,448.001099,-41.0736313
-504,200,-95,-504.502502,200.78891,-94.1354294
-234,312,-115,-234.160095,324.92984,-114.012901
-234,312,-115,-234.147003,325.035675,-114.010864
-315,178,-137,-314.957581,179.082886,-136.0009
-333,474,-98,-332.87207,477.134277,-97.0082169
-532,488,-68,-532.640747,490.899933,-67.232254
-655,513,-212,-655.49707,531.563049,-211.132294
-828,269,-328,-828.946106,270.210571,-327.676147
-792,543,-258,-792.471985,546.800293,-257.118408
-787,413,-294,-787.354797,421.316284,-293.065063
-828,269,-328,-828.826599,270.217041,-327.437225
-866,542,-297,-866.946045,601.301819,-296.675995
-921,309,-435,-921.923462,309.807465,-434.616333
-936,323,-604,-936.984375,324.259338,-604.176025
-962,641,-734,-962.97052,644.317932,-733.759033
-914,608,-576,-914.999023,623.8703,-576.042969
-874,397,-329,-874.893433,417.728577,-328.550812
-921,309,-435,-921.999084,310.143677,-434.957245
-947,302,-519,-947.969543,302.734283,-518.755127
-933,359,-787,-933.99115,360.342926,-787.132385
-1056,548,-882,-1056.9823,549.828308,-881.812744
-1103,744,-653,-1103.99902,744.717041,-653.042969
-981,652,-516,-981.997009,652.725769,-516.076477
-1103,744,-653,-1103.99878,744.78064,-653.044922
-1092,859,-843,-1092.99939,861.757996,-842.965088
-1094,441,-1225,-1094.98633,441.714722,-1225.16467
-1142,586,-1196,-1142.86389,592.873596,-1195.49634
-933,359,-787,-933.998108,360.148254,-786.938538
-1043,438,-1088,-1043.98535,438.836426,-1088.17029
-1089,429,-1150,-1089.8092,429.525116,-1149.41248
-1142,586,-1196,-1142.99902,588.98291,-1195.95703
-1153,704,-1298,-1153.99109,708.886902,-1298.13281
-1182,457,-1473,-1182.88635,457.742798,-1472.53711
-1202,601,-1466,-1202.99609,608.149292,-1465.91174
-1124,589,-1342,-1124.65161,628.97583,-1341.24146
-1139,460,-1359,-1139.7146,460.871582,-1358.30054
-1094,441,-1225,-1094.99902,441.675049,-1225.04297
-1194,702,-1383,-1194.63306,710.682617,-1382.22595
-1217,913,-1429,-1217.91101,1048.90417,-1428.58765
-1061,573,-1060,-1061.99902,575.244019,-1060.04333
-1139,460,-1359,-1139.87207,460.914337,-1358.51062
-1139,460,-1359,-1139.82959,460.84906,-1358.44165
-1182,457,-1473,-1182.99915,457.839539,-1472.95898
-1191,568,-1400,-1191.8092,574.178772,-1399.41248
-1217,913,-1429,-1217.99109,920.187744,-1429.13257
-1194,702,-1383,-1194.98926,727.207031,-1382.85388
-1202,601,-1466,-1202.92749,607.8349,-1465.62622
-1309,567,-1752,-1309.94019,572.621277,-1751.65942
-1309,567,-1752,-1309.91504,572.744812,-1751.59668
-1435,597,-2074,-1435.93176,610.305725,-2073.63696
-1521,649,-2220,-1521.93616,650.697754,-2219.64844
-1321,689,-1749,-1321.81921,699.554871,-1748.42651
-1321,689,-1749,-1321.93652,698.688416,-1748.64941
-1440,725,-2069,-1440.93616,744.92804,-2068.64844
-1481,854,-2058,-1481.76282,857.482971,-2057.35352
-1027,491,-2611,-1026.8125,497.035431,-2611.98218
-908,583,-2589,-907.55304,585.698303,-2589.89453
-718,623,-2662,-718.261719,624.732605,-2662.96509
-913,489,-2553,-912.533081,494.434235,-2553.88428
-913,489,-2553,-913.362671,495.166626,-2553.93164
-703,546,-2618,-703.239258,549.488098,-2618.97095
-1024,631,-2629,-1023.82397,633.710815,-2629.98438
-1026,748,-2701,-1025.65137,749.800293,-2701.93726
-1026,748,-2701,-1025.8606,749.628296,-2701.99023
-695,813,-2728,-695.261719,816.197021,-2728.96509
-703,904,-2762,-703.097656,906.565857,-2762.99512
-1013,870,-2711,-1013.20569,871.709229,-2711.97852
-1410,895,-2901,-1409.36536,903.791748,-2901.77271
-1434,712,-2968,-1433.03003,735.169373,-2968.24316
-1134,1121,-2810,-1133.90137,1124.18958,-2810.99512
-1267,1099,-2817,-1266.38013,1107.59131,-2817.78467
-1535,721,-2985,-1534.84668,775.898743,-2985.98804
-1922,836,-3264,-1921.72327,837.084595,-3264.96094
-2089,793,-3302,-2088.37012,819.589783,-3302.77661
-2094,600,-3297,-2093.47656,600.868347,-3297.85205
-1984,559,-2781,-1984.48828,560.105835,-2780.12744
-1687,570,-3047,-1686.75586,571.114014,-3047.96973
-1833,724,-3128,-1832.95605,726.094543,-3128.99878
-1970,762,-3203,-1969.57263,767.958557,-3203.90405
-1988,575,-3179,-1987.65942,576.285156,-3179.94019
-1863,558,-2713,-1863.76282,559.085815,-2712.35352
-1819,667,-2623,-1819.78906,670.071289,-2622.38574
-1371,523,-2881,-1370.60278,524.278625,-2881.91772
-1559,442,-2375,-1559.90515,442.761841,-2374.57495
-1488,442,-2229,-1488.90491,442.764496,-2228.57446
-1488,442,-2229,-1488.92542,442.799805,-2228.62109
-1422,442,-2072,-1422.92114,442.799225,-2071.61084
-1422,442,-2072,-1422.9209,442.747772,-2071.61035
-1559,442,-2375,-1559.97449,442.853882,-2374.77563
-1521,649,-2220,-1521.6781,650.918396,-2219.26514
-1609,585,-2346,-1609.93652,587.499451,-2345.64941
-1644,496,-2534,-1644.84424,496.990448,-2533.46411
-1687,570,-3047,-1686.61438,571.52948,-3047.92261
-1416,1091,-2935,-1415.15515,2223.16553,-2935.53491
-1543,1082,-3022,-1542.8186,1085.15125,-3022.9834
-1739,1128,-3225,-1738.19006,1131.77856,-3225.58643
-1921,974,-3275,-1920.57422,988.079468,-3275.90479
-1842,1158,-3329,-1841.36499,1159.88416,-3329.77246
-2040,996,-3351,-2039.47168,1013.59918,-3351.84888
-2045,837,-3343,-2044.58521,837.710754,-3343.90991
-2089,793,-3302,-2088.09619,795.572021,-3302.42773
-2211,627,-3422,-2210.32031,627.973145,-3422.7334
-2114,572,-2838,-2114.4668,573.127625,-2837.11572
-2114,572,-2838,-2114.55176,573.084473,-2837.16602
-1481,854,-2058,-1481.9032,857.027344,-2057.5708
-1679,929,-2523,-1679.7522,937.295227,-2522.34106
-1963,806,-2734,-1963.3197,809.737305,-2733.05249
-2117,693,-2817,-2117.39844,699.263,-2816.08301
-2250,577,-2895,-2250.55688,577.812073,-2894.16943
-2151,1044,-2663,-2151.16309,1049.40393,-2662.01343
-1988,902,-2663,-1988.41138,903.338928,-2662.08862
-2300,837,-2824,-2300.18628,840.374146,-2823.01758
-2300,837,-2824,-2300.59082,840.20636,-2823.19336
-2433,738,-2961,-2433.4668,741.450806,-2960.11572
-2491,603,-3034,-2491.61084,603.977173,-3033.20825
-2443,688,-3710,-2442.36646,688.873169,-3710.77368
-2295,821,-3577,-2294.2478,826.397827,-3577.65869
-2173,1012,-3563,-2172.57422,1016.82593,-3563.90479
-2274,705,-2857,-2274.55762,707.874817,-2856.16992
-2409,598,-2994,-2409.55176,599.043884,-2993.16602
-2211,627,-3422,-2210.29199,627.864563,-3422.70605
-2165,792,-3467,-2164.16553,794.806885,-3467.55103
-2324,653,-3561,-2323.44531,654.055908,-3561.83203
-2210,807,-3532,-2209.37109,810.023132,-3532.77734
-2527,743,-2989,-2527.71509,745.595093,-2988.30103
-2559,607,-3100,-2559.61426,608.179871,-3099.21094
-2624,723,-3827,-2623.58789,724.155273,-3827.91113
-2414,852,-3727,-2413.47266,857.603271,-3727.84961
-2272,1035,-3590,-2271.22656,1043.29846,-3590.63379
-2336,1279,-3783,-2335.33228,1282.89465,-3783.74438
-2541,1109,-3874,-2540.47656,1110.60413,-3874.85205
-2507,1314,-3895,-2506.47778,1319.68347,-3895.85278
-2609,1138,-3950,-2608.28345,1150.64819,-3950.69751
-2619,927,-3936,-2618.03882,932.779602,-3936.27563
-2648,740,-3922,-2647.09814,741.012512,-3922.43188
-3288,785,-4101,-3288.99609,785.795776,-4100.91211
-3243,915,-3861,-3243.99902,921.105591,-3860.95703
-3112,1225,-3363,-3112.90405,1231.99744,-3362.57275
-2578,768,-3083,-2578.53516,774.482422,-3082.15527
-2738,617,-3214,-2738.76782,617.947388,-3213.35938
-2629,924,-3029,-2629.40332,926.13031,-3028.08496
-2774,757,-3170,-2774.68213,759.506592,-3169.2688
-2802,971,-3134,-2802.86841,975.893433,-3133.50415
-2898,847,-3353,-2898.66772,904.127014,-3352.25562
-3052,664,-3496,-3052.99219,664.54657,-3495.87549
-2724,757,-3995,-2723.1499,757.942444,-3995.52661
-2724,757,-3995,-2723.41309,758.142822,-3995.80957
-2619,927,-3936,-2618.3313,932.997681,-3936.74341
-2507,1314,-3895,-2506.04077,1315.95117,-3895.28223
-2807,973,-4275,-2806.12671,977.790955,-4275.48682
-2949,809,-4513,-2948.09033,811.037476,-4513.41504
-2869,1279,-4601,-2868.07397,1283.64575,-4601.37744
-3031,959,-4808,-3030.06812,964.540283,-4808.3623
-2807,973,-4275,-2806.08887,977.863525,-4275.41211
-2745,1255,-4323,-2744.09521,1258.53992,-4323.42578
-2745,1255,-4323,-2744.03125,1259.04407,-4323.24756
-2545,1293,-3992,-2544.39331,1295.33936,-3992.79492
-3256,804,-4397,-3256.99976,805.420959,-4396.98145
-3247,898,-4770,-3247.99902,909.493713,-4770.04297
-3380,1086,-4384,-3380.98242,1086.92664,-4383.81348
-3400,1113,-4074,-3400.99902,1122.875,-4074.04297
-3243,915,-3861,-3243.84473,924.808105,-3860.46484
-3400,1113,-4074,-3400.94116,1123.32617,-4073.66211
-3215,742,-3849,-3215.99219,742.77356,-3848.87549
-3222,852,-3634,-3222.85254,853.679504,-3633.47754
-3122,1046,-3442,-3122.64551,1054.22534,-3441.23633
-1859,1122,-2564,-1859.55396,1123.63074,-2563.16748
-2354,1185,-2587,-2354.15186,1186.33264,-2586.01172
-2162,1496,-2384,-2162.34692,1498.53394,-2383.06226
-1719,1106,-2483,-1719.95618,1109.56067,-2482.70728
-1915,1528,-2044,-1915.90479,1528.76746,-2044.42566
-1732,1211,-1910,-1732.92578,1232.69299,-1909.62195
-1501,1037,-1875,-1501.71631,1038.0592,-1874.30225
-1791,1175,-2056,-1791.98035,1180.19507,-2056.19678
-1719,981,-2212,-1719.79175,982.317749,-2211.38916
-1658,1259,-1631,-1658.99109,1264.12195,-1630.86719
-2187,1777,-1464,-2187.83325,1777.91516,-1463.44727
-2044,1512,-1741,-2044.96948,1512.73267,-1740.75488
-1069,902,-1030,-1069.93152,907.622375,-1029.63635
-1288,1132,-1028,-1288.8092,1133.35449,-1027.41248
-1256,1192,-765,-1256.94604,1193.13257,-764.676025
-1069,902,-1030,-1069.98926,909.799744,-1030.14612
-1545,1238,-1153,-1545.71582,1239.08704,-1152.30176
-1133,875,-664,-1133.99951,879.458008,-663.968811
-1169,931,-840,-1169.99121,931.966064,-840.131775
-1169,931,-840,-1169.93616,931.984253,-840.351501
-1180,947,-1122,-1180.849,947.998901,-1121.47168
-1259,934,-35,-1259.99304,934.641052,-34.8826141
-1483,1196,-241,-1483.99609,1197.09412,-241.087433
159,523,88,158.195633,523.538147,88.5941238
-337,553,-29,-337.323242,555.286926,-28.0536842
-548,607,-37,-548.780579,610.719238,-36.3749428
-949,741,-295,-949.967529,743.469971,-294.747253
-949,741,-295,-949.947021,743.2854,-294.678833
159,523,88,158.831848,524.236694,88.9857101
-548,607,-37,-548.100525,610.653015,-36.0050659
-359,620,40,-359.323242,620.931702,40.9463158
-669,604,-146,-669.458008,605.382263,-145.111053
-699,661,-39,-699.686523,661.569397,-38.2729492
-1706,1137,-1382,-1706.81873,1137.57495,-1381.4259
-1976,1338,-1036,-1976.95117,1338.52759,-1035.69141
-2261,2026,-1376,-2261.99707,2028.34888,-1376.0752
-1370,1034,-1509,-1370.26172,1034.86182,-1509.96509
-1706,1137,-1382,-1706.90466,1137.53442,-1381.57422
-1976,1338,-1036,-1976.8186,1348.61108,-1036.57422
-2270,1957,-868,-2270.99316,1958.60706,-867.883301
-2169,1834,-652,-2169.99707,1835.44348,-651.923828
-2055,1695,-386,-2055.93628,1696.96326,-385.648773
-1774,1786,426,-1774.92053,1787.85864,426.390594
-2169,1834,-652,-2169.53442,1835.24084,-651.154785
-1715,1468,-834,-1714.15649,1468.48889,-834.537109
-1715,1468,-834,-1714.90137,1469.05457,-833.004883
-2261,2026,-1376,-2261.98926,2028.87598,-1375.85388
-1370,1034,-1509,-1370.97046,1034.79004,-1508.75879
-1457,998,-1441,-1457.23999,999.28595,-1441.9707
-1293,984,-1469,-1293.99512,984.972229,-1468.90137
-1403,1033,-1610,-1403.69727,1034.30786,-1609.2832
-1291,984,-1223,-1291.9043,984.709045,-1222.57312
-1180,947,-1122,-1180.99902,948.309448,-1122.04297
-1168,932,-1191,-1168.96094,933.582153,-1190.72327
-1291,984,-1223,-1291.7511,984.747742,-1222.33984
-1601,1108,-1320,-1601.81873,1108.62622,-1319.4259
-1601,1108,-1320,-1601.87646,1108.60938,-1319.51855
-1623,1069,-1489,-1623.24316,1069.82825,-1489.96997
-1650,1236,-1476,-1650.82068,1247.62659,-1476.57117
-1630,1113,-1643,-1630.97437,1113.84631,-1642.77539
-1616,1093,-1868,-1616.61328,1093.76489,-1867.21021
-1791,1175,-2056,-1791.95874,1179.27917,-2055.71582
-1460,967,-1699,-1460.99316,968.071899,-1699.11646
-1432,965,-1900,-1432.76331,966.813904,-1899.354
-1432,965,-1900,-1432.98242,966.624878,-1899.81335
-1585,978,-2039,-1585.70435,979.427856,-2038.29016
-1585,978,-2039,-1585.80383,979.254333,-2038.40515
-1715,1468,-834,-1714.70605,1468.87756,-833.044189
-2270,1957,-868,-2270.77295,1958.90588,-867.36554
-2055,1695,-386,-2055.99902,1696.68396,-385.955841
-2055,1695,-386,-2055.92334,1696.84729,-385.616272
-1774,1786,426,-1774.88831,1787.68518,426.459167
-1483,1196,-241,-1483.99512,1197.09753,-241.098526
-1601,1222,-438,-1601.91174,1223.2063,-437.589264
-1601,1222,-438,-1601.70276,1225.16675,-438.711426
-1256,1192,-765,-1256.62305,1194.01355,-765.782104
-1432,1006,-509,-1432.95483,1006.56689,-509.296875
-1256,1192,-765,-1256.90491,1197.85815,-765.425537
-1650,1236,-1476,-1650.99902,1241.99194,-1476.04297
-1673,1246,-1765,-1673.99121,1251.17273,-1764.8678
-1915,1528,-2044,-1915.90527,1531.03223,-2043.5752
-1915,1528,-2044,-1915.9823,1531.03186,-2044.18701
-1791,1175,-2056,-1791.97058,1181.1593,-2056.24072
-1915,1528,-2044,-1915.87158,1529.64404,-2043.50977
-1889,1412,-2335,-1889.57324,1418.55859,-2334.18066
-2151,1044,-2663,-2151.48022,1072.23022,-2662.12305
-1715,1468,-834,-1715.99902,1470.02734,-834.043579
-1732,1211,-1910,-1732.40234,1230.70605,-1909.08459
-1616,1093,-1868,-1616.31934,1093.73572,-1867.05237
-1728,1086,-1915,-1728.73352,1086.54114,-1914.32043
-1762,1041,-2068,-1762.81885,1041.50952,-2067.42603
-1915,1528,-2044,-1915.90417,1530.91345,-2043.57288
258,1038,1411,258.922119,1038.55115,1411.38672
258,1038,1411,258.999023,1038.59509,1410.95605
-210,1090,1505,-210.881607,1090.75232,1505.47168
-45,1074,1103,-45.9918671,1076.59753,1102.87305
-1630,1113,-1643,-1630.42688,1114.26038,-1642.0957
-1403,1033,-1610,-1403.49561,1034.35168,-1609.13147
-1501,1037,-1875,-1501.99304,1038.08801,-1875.11682
-1646,1100,-1777,-1646.98816,1100.49219,-1777.15283
-1646,1100,-1777,-1646.92053,1100.70239,-1777.3905
-1673,1246,-1765,-1673.95569,1252.60681,-1765.29395
-149,734,258,-149.283554,735.356628,258.958954
447,552,655,446.026947,554.9729,655.23053
447,552,655,446.000977,555.283447,655.044128
415,614,454,414.005951,617.036133,453.891083
291,764,579,290.00293,765.312927,578.923523
291,764,579,290.069183,764.933228,579.365479
249,698,292,248.219727,701.060669,292.625427
-2187,1777,-1464,-2187.88623,1778.08606,-1464.46289
-1119,821,-381,-1119.97742,822.028442,-380.788696
-1119,821,-381,-1119.81689,821.869324,-380.423218
-810,653,-163,-810.457031,654.161743,-162.11055
-949,741,-295,-949.799072,744.000732,-294.398773
-1039,979,38,-1039.12598,980.003479,38.9919815
-994,759,-180,-994.583069,760.125366,-179.187592
-830,739,-85,-830.72583,740.262085,-84.3121262
-571,670,37,-571.432678,670.837891,37.9015427
-810,653,-163,-810.408752,654.194641,-162.087357
-548,607,-37,-548.666199,608.556824,-36.2542267
-571,670,37,-571.314453,670.801025,37.9491959
-359,620,40,-359.958405,620.610962,40.2852859
-141,485,8,-141.259796,486.589386,8.96563816
-337,553,-29,-337.630127,554.421082,-28.2235088
-337,553,-29,-336.92041,554.161377,-28.0031738
-149,734,258,-149.534714,735.620056,258.845032
-809,886,150,-809.774536,887.08313,150.632416
-809,886,150,-809.607422,886.837036,150.794357
159,523,88,158.582092,524.461304,88.9084854
159,523,88,158.593277,524.498352,88.9135513
-141,485,8,-141.129944,486.616882,8.99152088
1716,-264,946,1715.95593,-259.898071,946.999023
-1719,981,-2212,-1719.94727,981.980957,-2211.67969
-1124,565,-2662,-1123.95605,566.473938,-2662.99902
-1133,875,-664,-1133.97937,879.207825,-664.201782
-1804,971,-2642,-1804.29236,976.465759,-2641.0437
-1743,1135,-2219,-1743.88354,1141.21338,-2219.46826
-1673,1246,-1765,-1673.86377,1247.55347,-1764.49622
636,360,-1162,636.999084,365.030396,-1161.95728
637,360,-1225,637.999023,365.029785,-1224.95593
636,360,-1162,636.677917,367.206604,-1162.73511
776,360,-1316,775.460999,371.913391,-1315.15771
827,360,-1283,826.463867,371.908966,-1282.15588
662,360,-1279,662.424011,367.093597,-1278.09436
717,360,-1305,717.424744,367.095367,-1304.09473
649,220,-1180,649.969666,243.585541,-1179.75562
678,360,-1117,678.732483,371.54718,-1117.68066
636,360,-1162,636.733704,371.561188,-1162.67944
783,360,-1100,782.84668,468.232391,-1100.98816
678,360,-1117,678.53418,378.549591,-1117.84534
637,360,-1225,637.998108,366.190033,-1224.9386
662,360,-1279,662.883667,367.783478,-1278.53198
717,360,-1305,717.467834,365.538513,-1304.11621
717,360,-1305,717.174805,365.222137,-1304.0155
776,360,-1316,776.185608,365.225372,-1315.01746
859,225,-1243,858.264709,242.030975,-1243.67773
-355,58,3262,-355.683777,60.4052391,3262.72949
-282,-97,3241,-282.820404,-92.8222046,3241.57178
-244,-253,3232,-244.82663,-249.851318,3232.56274
109,32,3681,108.363167,43.2839699,3681.771
1603,12,4901,1603.8092,129.157776,4901.5874
-3068,959,-4826,-3067.58691,964.626892,-4826.91064
-3031,959,-4808,-3030.57422,964.629639,-4808.90479
-3247,898,-4770,-3247.99902,910.30835,-4770.04297
-3232,898,-5073,-3232.80054,929.360291,-5073.59912
-2306,959,-6003,-2305.19019,992.395935,-6002.41357
-3068,959,-4901,-3067.19556,992.93689,-4900.40625
