920,1646,-1069,920.534363,1650.73999,-1069.84521
1452,305,-435,1452.86609,310.593933,-435.499878
1505,279,-291,1505.99805,280.901245,-291.062012
1976,288,490,1976.88062,291.210846,489.526184
-84,-131,1976,-83.0218735,-128.915863,1976.20801
2793,117,1494,2793.99121,119.122681,1493.8678
2536,277,929,2536.81909,278.399292,928.426392
-1027,434,1374,-1027.13831,437.431,1374.99036
-944,196,-340,-943.219482,200.440765,-340.625122
-1021,291,-752,-1020.00085,296.82608,-751.958679
2116,496,1604,2115.26587,499.732635,1604.67896
2265,236,1498,2264.15503,238.293701,1498.53479
2548,307,768,2548.98633,307.783234,767.835266
2335,48,864,2335.78833,49.7097092,863.384766
-1142,299,-173,-1142.95496,301.777191,-172.703262
-624,70,1552,-624.658203,75.95784,1552.75281
-742,327,1604,-742.74353,329.252289,1604.6687
-497,23,1783,-497.918182,26.0834084,1783.39612
-561,170,1809,-561.974365,172.186707,1809.22461
-124,105,2595,-123.05571,107.215393,2594.6709
-36,73,2171,-35.0010109,75.4884415,2171.04492
72,223,2051,72.9847717,224.186661,2051.17383
-509,-105,2771,-509.983765,-102.51313,2771.17944
-368,-16,2186,-368.953613,-8.53413486,2185.69897
-544,251,2359,-544.999023,252.818283,2358.95605
-449,122,2193,-449.89682,123.982666,2192.55762
-1314,477,-870,-1314.99316,490.663879,-869.883301
-1381,520,-990,-1381.77673,524.755798,-989.370178
-1502,561,-1371,-1501.91211,565.397339,-1371.99597
672,1791,-1612,672.175415,1792.7356,-1612.98438
523,1791,-1639,523.174805,1792.73682,-1639.9845
1541,45,975,1541.04346,46.6511688,975.999023
1541,145,1006,1540.70703,148.357224,1006.95612
1305,535,1416,1305.63416,540.798096,1416.77319
1167,116,1095,1167.66699,120.105675,1095.745
300,-45,1440,299.828827,-43.0647507,1440.98523
929,227,1578,929.666992,227.742889,1578.745
235,1562,-1517,234.499512,1864.19995,-1517.86572
-30,1717,-1090,-30.765501,1726.38232,-1090.64343
-469,272,-316,-468.811096,279.187256,-316.981995
-674,1157,-871,-673.518555,1158.78821,-871.876465
557,1558,-1564,557.978333,1623.53052,-1563.79297
179,-56,1495,179.908096,-54.0322227,1495.4187
1514,163,-26,1513.73389,288.85553,-26.9639397
235,1809,-1517,234.609634,1859.04675,-1517.92065
235,1809,-1517,234.568985,1860.41858,-1517.90234
-1357,294,469,-1357.91663,301.219452,468.600281
1484,288,-131,1484.98914,290.072632,-130.852997
1047,1890,-1416,1047.98816,1891.11853,-1416.1532
-1166,295,2,-1166.96362,310.516052,2.26690722
-832,297,-308,-831.235474,298.54776,-308.644562
-9,-112,1844,-8.1028738,-110.076088,1844.44177
155,223,1918,155.845413,224.190308,1918.53406
72,223,2051,72.840683,224.1884,2051.5415
-452,973,39,-452.502502,1017.20642,39.864563
-452,973,39,-452.999023,1018.63605,38.9558182
-452,973,39,-452.501678,1017.19019,38.1349487
-452,973,39,-451.497437,1017.57959,38.1354599
-452,973,39,-451.000885,1018.6319,38.9579391
-452,973,39,-451.490387,1017.5979,39.8604012
-668,896,1229,-668.512756,931.814331,1229.85852
-668,896,1229,-668.999023,930.187805,1228.95593
-668,896,1229,-668.488281,930.867004,1228.12732
-668,896,1229,-667.518555,931.256104,1228.12354
-668,896,1229,-667.000977,930.382996,1228.95593
-668,896,1229,-667.496155,931.529541,1229.86377
358,932,1261,357.484406,976.853149,1261.85681
358,932,1261,357.000946,977.612427,1260.95654
358,932,1261,357.476349,976.279602,1260.14807
358,932,1261,358.504456,975.975708,1260.1366
358,932,1261,358.999115,977.62207,1260.95801
358,932,1261,358.508606,977.222717,1261.86096
936,851,-132,935.480469,889.894287,-131.145554
936,851,-132,935.000916,890.712219,-132.042267
936,851,-132,935.492188,891.597778,-132.861465
936,851,-132,936.505859,890.507507,-132.862595
936,851,-132,936.999084,891.618896,-132.042267
1065,1214,696,1065.48828,1248.27441,696.87262
1065,1214,696,1065.99902,1248.59326,695.955872
1065,1214,696,1065.48938,1248.64661,695.12793
1065,1214,696,1064.50293,1249.48035,695.132324
1065,1214,696,1064.00098,1247.57056,695.955872
1065,1214,696,1064.50977,1247.92017,696.871582
936,851,-132,936.510742,889.768066,-131.140274
-3,485,800,-3.04306936,487.331787,800.999023
334,485,800,333.957245,487.33194,800.999084
-3,485,800,-3.04306936,487.331787,800.999023
215,363,748,214.891357,365.912537,748.99408
334,485,800,333.957245,487.347656,799.000916
-3,485,800,-3.04306936,487.347504,799.000977
334,485,800,333.957245,487.347656,799.000916
237,339,858,236.95723,341.232269,857.000916
215,363,667,215.999023,412.504822,667.043884
551,363,667,550.955872,365.353607,667.999023
551,363,667,550.955872,365.353607,667.999023
215,363,667,214.95723,365.35376,667.999084
215,363,933,214.95723,365.404602,932.000916
215,363,933,214.95723,365.404602,932.000916
551,363,933,550.955872,365.404449,932.000977
215,363,933,215.999039,412.997253,932.956177
532,71,1006,531.955872,89.7819443,1005.00098
232,71,1006,231.95723,89.7830963,1005.00092
532,71,1006,531.955872,89.7819443,1005.00098
232,71,594,231.95723,89.8671494,594.999084
232,71,594,231.95723,89.8671494,594.999084
532,71,594,531.955872,89.8659973,594.999023
532,71,1006,531.000977,93.5965881,1005.95587
532,71,1006,531.000977,93.5965881,1005.95587
532,71,594,531.000977,93.5965881,593.955872
236,51,681,236.999115,74.2761459,680.957947
236,51,681,236.999115,74.2761459,680.957947
236,51,919,236.999115,74.2761459,918.957947
107,434,800,107.999908,516.809998,799.986511
107,434,800,107.999916,521.339722,799.987061
107,434,800,107.999908,516.897339,800.013489
236,155,600,236.999115,176.113449,599.957947
527,339,678,526.012634,353.407532,678.158386
527,339,678,526.000977,392.943787,677.955872
527,339,922,526.000977,392.943787,921.955872
527,339,922,526.000977,546.365479,921.955872
527,155,1000,526.000977,171.80986,999.955872
527,155,1000,526.955872,168.838531,999.000977
-520,67,310,-520.975342,116.160889,310.220428
-530,67,313,-529.024231,103.608009,312.781219
-530,67,313,-529.020325,100.670456,312.799438
-549,67,238,-548.024536,90.3103256,237.779846
-667,67,269,-666.020325,93.0562668,268.799438
-657,67,266,-657.975342,927.445374,266.22052
589,1555,-1518,588.018311,2280.54395,-1518.19043
382,1555,-1599,381.018158,1706.29541,-1599.1897
557,1558,-1564,557.974426,1622.6687,-1563.77539
548,1555,-1526,548.18573,1704.29504,-1526.98254
589,1555,-1518,589.185852,1704.27673,-1518.98254
376,1607,-1560,376.180634,1880.44678,-1560.98352
548,1607,-1527,548.18573,1880.34595,-1527.98254
3384,1046,-1402,3384.46289,1117.74658,-1402.88623
3701,999,-1235,3701.45898,1033.63342,-1235.88831
3800,775,-800,3800.99707,1212.82373,-799.924805
2003,88,20,2003.25781,110.149269,20.9661903
2090,92,-4,2090.26172,125.633476,-3.03485584
2209,292,-18,2208.93652,295.815796,-17.002018
2763,504,51,2762.98706,522.559265,51.9999161
2362,1297,-1240,2361.82324,1528.5105,-1240.98425
1301,1482,-1138,1301.46484,1492.02637,-1138.88525
1559,1516,-1130,1558.84741,1530.5957,-1130.98828
2161,200,-186,2161.96777,200.957047,-186.251282
2199,200,-31,2199.96655,200.959045,-31.2560062
3120,595,43,3120.99878,596.024292,42.9554749
3120,595,-192,3120.99878,596.024292,-192.042267
2029,1288,-1185,2028.00098,1288.96582,-1185.04297
2029,1288,-970,2028.00098,1288.96582,-970.042969
1605,1408,-1130,1604.00098,1408.96887,-1130.04297
1605,1408,-970,1604.00098,1408.96887,-970.042969
3800,837,-1040,3799.95605,838.046936,-1040.99902
3560,837,-1040,3559.95605,838.046936,-1040.99902
2454,1168,-1256,2453.00098,1168.96289,-1256.04297
2454,1168,-970,2453.00098,1168.96289,-970.042969
2880,475,43,2880.99902,476.023102,42.9558182
2880,475,-192,2880.99902,476.023102,-192.042267
2640,355,43,2640.99902,356.021942,42.9558182
2640,355,-192,2640.99902,356.021942,-192.042267
-460,-81,1782,-460.920288,-77.560173,1782.39124
-715,-8,1455,-715.645447,1.62465072,1455.76379
-928,43,1274,-928.645874,52.7276268,1274.76343
-715,-8,1455,-715.667175,2.02037096,1455.74487
-934,146,1281,-934.667053,157.116745,1281.745
-721,95,1463,-721.658447,105.326324,1463.75256
-613,-34,1538,-613.843994,-27.6636162,1538.53613
-552,41,1663,-552.848877,45.9517593,1663.52832
-531,-62,1657,-531.833435,-56.9068146,1657.55261
-613,-34,1538,-613.83136,-25.6349258,1538.55566
-613,-34,1538,-613.644531,-25.8048115,1538.76453
-531,-62,1657,-531.885254,-57.2252083,1657.46484
-497,23,1783,-497.896667,26.1574116,1783.44238
-419,129,2060,-419.86142,131.018112,2060.50781
-460,-81,1782,-460.920013,-77.8501892,1782.3916
-460,-81,1782,-460.881653,-77.7280807,1782.47168
-826,120,1373,-826.65918,130.334213,1373.75195
-820,17,1365,-820.667053,28.80443,1365.745
-928,43,1274,-928.658203,51.2222404,1274.75281
-826,120,1373,-826.666992,130.311615,1373.745
-820,17,1365,-820.658508,28.7796459,1365.75256
-721,95,1463,-721.699219,105.521744,1463.71484
-624,70,1552,-624.863708,76.2280121,1552.50391
-552,41,1663,-552.925415,45.750824,1663.37891
-434,4,1909,-434.920013,7.43270063,1909.3916
-73,-39,1997,-72.0010147,-36.6725349,1997.04492
12,-16,1850,12.8820295,-11.4751701,1850.47119
214,32,1524,214.907944,34.0131912,1524.41895
322,44,1471,321.812714,46.9286118,1471.9823
118,-5,1776,118.603271,-2.70745254,1776.79749
94,-86,1749,94.7561569,-84.4131088,1749.6543
149,13,1644,149.980789,15.8082809,1644.19507
114,-74,1614,114.907532,-71.9284134,1614.41992
12,-16,1850,12.7129383,-10.9223814,1850.70117
149,13,1644,149.994919,15.2291803,1644.10046
-73,-39,1997,-72.1224594,-34.341568,1997.47949
-73,-39,1997,-72.0368729,-33.2243881,1997.26904
114,-74,1614,114.994827,-72.1000137,1614.10156
-9,-112,1844,-8.23552513,-110.094978,1844.64465
81,-112,1739,81.7561798,-110.096008,1739.6543
114,-74,1614,114.991783,-71.6396103,1614.12793
-84,-131,1976,-83.0965652,-129.073792,1976.42871
300,-45,1440,300.457245,-42.4630127,1440.88928
322,44,1471,322.470337,46.4012718,1471.88245
870,88,1345,870.521545,97.1776352,1345.85315
860,-12,1338,860.42688,-9.78335953,1338.9043
584,-25,1406,584.460999,-22.5308228,1406.88733
605,72,1429,605.463684,75.2367783,1429.88599
730,-22,1398,730.075989,-20.6599197,1398.99707
605,72,1429,605.043945,75.9235077,1429.99902
870,88,1345,870.322449,91.663208,1345.94653
1001,88,1299,1001.31738,91.6627426,1299.94824
1066,113,1185,1066.8833,117.237518,1185.46851
1243,138,974,1243.8772,140.177948,974.480103
1402,141,961,1402.07483,144.97113,961.997192
1402,141,961,1401.75488,146.11499,961.969482
1387,44,938,1386.79297,46.7607269,938.978333
1231,42,947,1231.04199,44.0074539,947.999084
1231,42,947,1231.80347,44.0162849,947.595337
1140,25,1057,1140.80591,27.7610588,1057.5918
1064,13,1155,1064.90015,14.2325869,1155.43542
988,-5,1277,988.480774,-4.09455347,1277.87683
743,71,1421,743.424011,74.6090469,1421.90564
1541,45,975,1540.75562,46.8538895,975.969666
1243,138,974,1243.06055,141.443634,974.998108
1243,138,974,1243.78845,141.638428,974.615051
1140,25,1057,1140.83398,27.0500469,1057.55176
1231,42,947,1231.80603,44.0183754,947.591797
1387,44,938,1387.06079,46.3774109,938.998108
1167,116,1095,1167.81384,118.04454,1095.58105
1064,13,1155,1064.83008,15.857152,1155.55762
860,-12,1338,860.522644,-9.8277235,1338.85254
1066,113,1185,1066.85205,118.9235,1185.52332
870,88,1345,870.424377,97.3545609,1345.9054
730,-22,1398,730.41156,-20.6538334,1398.91138
605,72,1429,605.061401,75.9417343,1429.99805
584,-25,1406,584.131042,-22.2237263,1406.99133
458,33,1493,458.462006,35.7506905,1493.88684
452,-49,1463,452.459351,-47.2079697,1463.88818
322,44,1471,321.852997,47.230854,1471.98914
300,-45,1440,299.867096,-41.709137,1440.99109
214,32,1524,214.461334,34.0743256,1524.88721
179,-56,1495,179.409119,-53.9640846,1495.91248
149,13,1644,149.908096,14.9052639,1644.4187
-81,-64,2299,-80.0021286,-62.7088089,2299.06519
-55,48,2460,-54.0706291,49.3204803,2460.36914
-36,73,2171,-35.0010109,75.6715164,2170.95508
-83,-49,2152,-82.0219269,-46.8740768,2152.20825
-146,-77,2436,-145.050003,-74.4979706,2436.31226
-55,48,2460,-54.1674538,49.3827629,2460.55396
-348,-10,2044,-348.989929,-3.36947227,2043.85852
-419,129,2060,-419.987091,131.054626,2059.83984
-564,126,2482,-564.861389,128.031708,2481.49219
-496,-18,2450,-496.953461,-14.8443804,2449.69849
-432,-16,2310,-432.9039,-12.4561958,2309.57227
-482,136,2332,-482.911957,140.257843,2331.58984
-564,126,2482,-564.940735,128.73175,2481.66089
-194,-29,2571,-193.060944,-23.6457939,2570.65625
-509,-105,2771,-509.999023,-101.985725,2770.95605
-621,68,2633,-621.889343,69.3309402,2633.45703
-348,-10,2044,-348.990875,-3.23100948,2043.86523
-348,-10,2044,-348.911987,-0.707002997,2044.41016
-419,129,2060,-419.972595,130.817734,2059.76758
-368,-16,2186,-368.89682,-12.4601631,2185.55762
-432,-16,2310,-432.896942,-12.4680195,2309.55786
-482,136,2332,-482.981842,139.523972,2331.8103
-432,-16,2310,-432.90387,-12.2765446,2309.57227
-482,136,2332,-482.871552,139.266129,2331.50977
-496,-18,2450,-496.945374,-14.9070625,2449.67407
-537,-54,2603,-537.999084,-52.0364075,2603.04199
-687,218,2664,-687.883301,220.041641,2664.46875
-583,204,2845,-583.876953,205.984985,2845.48047
-516,54,2814,-516.991333,66.2827225,2814.13135
-101,64,2715,-100.097023,67.9165497,2714.57031
-194,-29,2571,-193.091553,-25.1102905,2571.41797
-124,105,2595,-123.21376,106.879326,2595.61792
-55,48,2460,-54.4978256,48.726696,2460.86475
-36,73,2171,-35.2201614,74.1967316,2170.37402
-81,-64,2299,-80.0787277,-61.5889893,2299.38892
-83,-49,2152,-82.0039597,-47.6774292,2151.91113
-934,146,1281,-934.322876,158.132629,1281.94641
-1363,155,768,-1363.99902,162.11647,767.955872
-1087,152,1236,-1087.69922,157.367249,1236.71484
-1363,155,768,-1363.87634,162.712708,768.481445
-928,43,1274,-928.322449,53.1326141,1274.94653
-1087,152,1236,-1087.29517,159.839081,1236.95544
-1339,146,478,-1339.99121,152.350708,477.867737
-1359,145,629,-1359.995,233.739502,629.099182
-1274,146,327,-1273.69824,385.412689,326.046631
-1339,146,478,-1339.53223,171.997986,478.846497
-1286,8,409,-1286.92334,562.287903,408.616333
-1186,148,200,-1186.9469,212.079803,199.678772
-1192,295,207,-1192.8219,451.7005,206.430374
-1127,148,-55,-1127.99609,154.985718,-55.0880127
-1096,148,-102,-1096.83459,156.048126,-102.550858
-1127,148,-55,-1127.8324,156.046173,-55.5541382
-1083,151,-163,-1083.97534,155.135529,-163.220459
-1109,24,-54,-1109.90869,24.6302338,-54.4172287
-1109,24,-54,-1109.96655,24.5788612,-54.2562447
-1192,295,207,-1192.93689,340.367065,206.650375
-1135,43,57,-1135.94788,101.809166,56.6816254
-1180,43,188,-1180.94751,101.744186,187.680283
-1135,43,57,-1135.97546,70.1660538,56.7798424
-1274,146,327,-1274.88062,152.59407,326.526184
-1138,147,65,-1138.948,591.768616,64.6817245
-1138,147,65,-1138.97534,240.87265,64.7795715
-1096,148,-102,-1096.75903,153.830185,-102.651016
-1096,148,-102,-1096.94714,153.151566,-102.320801
-1135,43,57,-1135.948,81.6351547,56.6817245
-832,297,-308,-832.134277,299.222656,-308.990936
-880,83,-236,-880.132812,86.3450394,-236.991135
-546,154,-314,-545.811096,175.831512,-314.981995
-742,159,-286,-742.442383,488.86264,-286.896759
-546,495,-497,-546.300232,496.111115,-497.953857
-611,691,-570,-610.44165,691.92627,-570.82959
-727,296,-316,-727.473633,301.831818,-316.880646
-627,294,-370,-626.557739,301.02475,-370.896881
-469,272,-316,-469.218079,277.364227,-316.975922
-832,297,-308,-832.076477,301.765137,-308.99707
-800,159,-249,-800.146973,179.08461,-249.989136
-808,83,-244,-808.108398,86.5243912,-244.994095
-880,83,-236,-880.108398,86.5243912,-236.994095
-742,159,-286,-742.427734,166.830948,-286.9039
-742,159,-286,-742.547852,168.974731,-286.836548
-546,154,-314,-545.557983,186.212494,-314.897003
-868,158,-239,-868.108459,203.70787,-239.994095
-808,83,-244,-808.488342,88.8652725,-244.87265
-832,297,-308,-832.540039,299.039673,-308.841553
-727,296,-316,-727.442383,302.812225,-316.89679
-551,283,-331,-550.609985,292.246429,-331.920807
-309,263,-351,-309.147675,266.399994,-351.989014
-551,283,-331,-550.838013,291.087097,-331.986786
-1530,415,-1176,-1530.90479,415.534821,-1176.42578
-1355,359,-1195,-1355.61328,359.472015,-1195.78967
-1280,360,-1256,-1280.61816,360.50412,-1256.78601
-1280,360,-1256,-1280.61353,360.49585,-1256.78967
-1355,359,-1195,-1355.61328,359.502869,-1195.78967
-1578,632,-1108,-1577.84668,635.655273,-1107.01184
-1662,565,-1339,-1662.28223,568.681824,-1339.95923
-1314,477,-870,-1314.90491,483.523315,-869.574402
-1029,263,-600,-1028.00098,270.599884,-600.042969
-1662,565,-1339,-1662.20544,570.007263,-1339.97864
-1465,578,-1071,-1465.4801,581.594788,-1070.1228
-1655,709,-1345,-1655.18579,739.731812,-1345.98254
-1296,383,-608,-1296.99512,387.387024,-607.901367
-1134,190,-276,-1134.94238,194.11409,-275.665466
-1273,263,-643,-1273.97449,264.586761,-643.224182
-1309,359,-902,-1309.99805,361.114929,-901.939453
-1373,409,-1017,-1373.93616,411.88504,-1016.64844
-1460,471,-1101,-1460.81921,473.729523,-1100.42651
-1563,514,-1143,-1563.53418,516.192566,-1142.15466
-1563,514,-1143,-1562.77563,518.179932,-1142.02551
-674,1157,-871,-673.210144,1158.8429,-871.613281
-841,892,-806,-840.189697,893.286255,-806.585938
-1236,494,-1280,-1235.53125,497.233978,-1280.8833
-1236,494,-1280,-1235.51965,497.201874,-1280.87708
-1033,366,-1061,-1032.2262,367.63092,-1061.63342
-1027,449,-783,-1026.19006,460.96579,-783.586487
-1044,341,-907,-1043.0592,345.175598,-907.338867
-1044,341,-907,-1043.02515,345.492798,-907.222717
-1021,291,-752,-1020.02319,295.398315,-752.213989
-1267,327,-756,-1267.99915,330.205322,-755.959961
-1296,383,-608,-1296.99207,389.648132,-608.124817
-1273,263,-643,-1273.99609,264.964355,-643.087524
-1267,327,-756,-1267.9646,329.618652,-756.263489
-1309,359,-902,-1309.98132,361.516937,-901.807678
-1309,359,-902,-1309.88574,360.709076,-901.535828
-880,83,-236,-879.344849,85.3664017,-236.755493
-832,297,-308,-831.416321,298.804413,-308.811981
-732,626,-568,-731.339905,627.271423,-568.75116
-941,206,-507,-940.177002,207.49884,-507.568024
-1281,222,-495,-1281.77966,223.313553,-494.37381
-1202,218,-401,-1202.91199,221.086456,-400.589783
-944,196,-340,-943.04364,201.502441,-340.292053
-1108,562,-1195,-1107.26526,571.748047,-1195.67834
-1108,562,-1195,-1107.41333,572.136719,-1195.80981
-950,387,-667,-949.002869,388.493927,-667.075623
-930,331,-530,-929.339966,336.149811,-530.751221
-653,437,-447,-652.958984,438.157104,-447.999146
-1083,151,-163,-1083.9491,155.854599,-162.685028
-1134,190,-276,-1134.93628,194.054047,-275.648773
-1202,218,-401,-1202.93933,220.940933,-400.657013
-914,177,-285,-913.322327,184.666214,-285.735352
-944,196,-340,-943.141968,203.16803,-340.51358
-941,206,-507,-940.000916,208.234711,-507.042267
-923,102,-280,-922.142517,104.861458,-280.514496
-868,158,-239,-867.312622,165.292892,-239.726273
-923,102,-280,-922.378906,104.580261,-280.783691
-781,518,-484,-780.679688,518.505493,-484.947235
-906,469,-423,-905.011475,488.704376,-423.151031
-882,511,-552,-881.004822,514.9823,-551.901978
-950,387,-667,-949.115845,388.224335,-667.467163
-825,439,-333,-824.251099,445.399963,-333.662628
-526,414,-425,-526.076599,416.001678,-425.99704
-910,332,-403,-909.000916,336.052765,-402.957245
-910,332,-403,-909.330139,333.960297,-403.742462
-906,469,-423,-905.266113,477.045685,-423.67926
-910,332,-403,-909.010742,340.772858,-403.146179
-1029,263,-600,-1028.38025,266.205139,-600.78479
-1033,366,-1061,-1032.00098,367.382996,-1061.04297
-882,511,-552,-881.035278,514.424561,-552.263184
-1049,657,-935,-1048.0155,685.986084,-935.17511
-1122,405,-1186,-1121.26697,407.084839,-1186.68018
-1122,405,-1186,-1121.50977,407.840485,-1186.87158
-1364,526,-1351,-1363.57471,529.812683,-1351.90503
-1364,526,-1351,-1363.93958,531.232361,-1351.99817
-1340,812,-1335,-1339.46387,1187.8009,-1335.84412
-1373,409,-1017,-1373.81873,411.677887,-1016.42584
-1460,471,-1101,-1460.57275,473.598724,-1100.1803
-1573,745,-1095,-1572.95593,753.916809,-1094.00098
-1573,745,-1095,-1573.29517,755.611633,-1094.04456
-1425,733,-912,-1425.92542,733.825562,-911.621094
-1396,647,-793,-1396.98218,647.635681,-793.1875
-1389,629,-680,-1389.88538,629.784485,-680.464783
-1393,595,-546,-1393.99915,595.645447,-545.958984
-1169,421,70,-1169.96167,426.797974,70.2741165
-1169,421,70,-1169.94324,425.805176,69.6678848
1009,1636,-984,1009.57916,1660.42664,-984.815186
1450,176,-139,1450.99902,183.506729,-139.042267
1880,48,542,1880.60986,49.6775017,541.20752
2197,49,794,2197.47949,51.9778481,793.122498
1978,48,635,1978.59387,53.9871712,634.195496
2086,50,718,2086.6062,57.6178322,717.204712
1305,535,1416,1305.18591,538.975098,1416.98254
1844,443,1374,1844.50342,444.156372,1374.86401
1851,49,1037,1850.86719,51.2329788,1037.99109
1706,53,964,1705.57434,56.4928436,964.904846
1706,53,964,1706.07422,55.7718163,964.997131
1541,145,1006,1541.07568,148.229538,1006.99713
1702,158,981,1701.53235,164.054062,981.883911
2027,153,1087,2026.90137,156.262024,1087.99512
1702,158,981,1702.15137,164.632797,981.988403
1706,53,964,1705.53235,55.3316269,964.883911
1864,159,1057,1863.57446,167.539276,1057.90491
2010,278,1146,2009.79333,280.063507,1146.97839
1864,159,1057,1863.81274,165.390488,1057.9823
2639,118,1232,2639.49585,119.603889,1231.13159
2677,276,1219,2677.58716,280.832062,1218.19055
2905,347,1448,2905.94019,352.393494,1447.65942
2152,218,1396,2151.46387,221.824127,1396.84412
2088,242,1274,2087.01172,244.20343,1274.15222
2027,153,1087,2026.32117,157.121964,1087.73425
2639,118,1232,2639.76782,119.513092,1231.35938
2577,278,1084,2577.79126,282.259674,1083.38867
2577,278,1084,2577.8186,281.116455,1083.42578
2532,123,1110,2532.91089,124.726906,1109.5874
2532,123,1110,2532.73413,124.653702,1109.32104
2874,224,1582,2874.97656,225.178436,1582.21448
2772,126,1328,2772.60229,128.055542,1327.20178
2772,126,1328,2772.9873,128.104797,1327.84119
2768,128,1675,2768.99902,132.677795,1674.95593
2871,199,1435,2871.98242,199.98587,1434.81335
3045,545,1662,3045.55103,547.143494,1661.16553
2768,128,1675,2768.9834,130.68959,1675.18054
2874,224,1582,2874.99097,225.209473,1582.13171
2905,347,1448,2905.99902,351.342651,1448.04187
2826,253,1277,2826.88647,254.721802,1276.53723
2677,276,1219,2677.29224,277.959747,1218.0437
2577,278,1084,2577.74341,281.176788,1083.33118
2444,136,974,2444.81885,138.925751,973.426025
2444,136,974,2444.83203,138.841278,973.445312
2368,152,846,2368.46851,155.420792,845.116577
2368,152,846,2368.83154,154.706711,845.44458
2222,146,773,2222.4668,149.274948,772.115662
2097,155,707,2097.55444,161.977692,706.167786
1998,155,624,1998.6134,159.980179,623.210266
1935,155,502,1935.68555,156.608261,501.271973
2010,278,1146,2009.21472,280.509705,1146.61914
2299,121,1457,2298.16553,124.352203,1457.5509
2167,101,1370,2166.20215,102.298515,1370.60278
2127,132,1199,2126.08862,135.093643,1199.4115
2027,153,1087,2026.22571,155.72789,1087.63281
2081,375,1412,2080.07422,377.205292,1412.37793
2154,318,1574,2153.46387,318.65683,1574.84412
2154,318,1574,2153.16602,318.595184,1574.55176
1965,377,1238,1964.06311,378.351562,1238.34961
2010,278,1146,2009.95593,279.416534,1146.99902
1693,276,1064,1692.5752,277.493805,1064.90527
1693,276,1064,1693.2002,277.490387,1064.97974
1372,316,1221,1372.56934,317.591827,1221.82202
1372,316,1221,1371.67578,317.185242,1221.94592
1668,359,1194,1668.50195,359.806091,1194.86487
1668,359,1194,1667.44165,359.678223,1194.82959
1965,377,1238,1965.04102,378.138916,1238.99915
1319,189,1161,1319.95874,189.578537,1160.71582
1253,301,1292,1253.42456,302.294769,1292.9054
1107,181,1335,1107.95874,181.823227,1335.28418
1130,285,1422,1130.97449,286.815338,1422.22424
1197,194,1225,1197.85547,194.602264,1225.51782
904,154,1434,904.316406,154.717545,1434.94861
1071,229,1552,1071.19043,229.885361,1552.98169
1283,183,1071,1283.94604,183.641098,1071.32397
1197,194,1225,1197.40247,194.60173,1225.91541
1253,301,1292,1253.77295,302.421875,1292.6344
1253,301,1292,1253.80884,302.249176,1292.58789
1778,96,-93,1777.69714,104.222237,-93.9530334
2126,217,-178,2125.76758,492.084167,-178.972595
1962,88,-149,1961.74084,95.4727402,-149.965836
2164,295,-193,2163.76758,310.785492,-193.972595
2164,295,-193,2163.72266,315.899658,-193.96077
2164,295,-193,2163.73291,310.358765,-193.963669
2052,92,-160,2051.88086,99.8177109,-160.992874
2382,334,-194,2382.04199,807.049988,-194.999115
2517,373,-203,2516.95557,387.990692,-203.999008
2638,451,-199,2638.07617,465.00177,-199.997086
2382,334,-194,2382.04297,703.804077,-194.999069
2517,373,-203,2517.04297,385.768829,-203.999069
2517,373,-203,2517.07617,385.933105,-203.99707
2761,499,-192,2761.06226,578.418396,-192.998047
3120,595,-192,3120.07617,608.4599,-192.99707
2880,611,-192,2879.92334,631.452332,-192.997055
3239,670,-193,3238.95703,744.643188,-193.999069
3239,670,-193,3238.06494,729.069946,-193.354462
3008,802,-192,3007.92334,828.174866,-192.997055
3302,771,-408,3301.073,775.60199,-408.374847
2638,451,-199,2637.95703,464.668762,-199.999069
3002,588,-200,3001.95703,602.094238,-200.999069
3239,670,-193,3238.95703,950.59259,-193.999069
3302,771,-408,3301.05054,780.572693,-408.313599
3227,739,-205,3227.04297,745.081238,-205.999069
3302,771,-408,3301.00098,781.444824,-408.042267
3320,779,-800,3319.00098,904.182922,-800.043335
3311,712,-604,3310.00098,726.417725,-604.042969
3305,1041,-1068,3304.00073,1047.59387,-1067.96582
2576,1229,-963,2576.24414,1257.0592,-962.030273
3230,1035,-1092,3229.57422,1039.02502,-1091.09521
3065,1086,-1074,3065.07593,1096.15186,-1073.00293
3305,1041,-1068,3304.00098,1048.2887,-1067.95801
3305,1041,-1068,3304.70312,1048.30237,-1067.04517
3230,1035,-1092,3230.18579,1038.95642,-1091.01746
3800,728,-938,3799.95508,729.080688,-938.998962
3320,728,-938,3319.95508,729.080688,-938.998962
3560,837,-1040,3559.95605,838.046936,-1040.99902
3320,837,-1040,3319.95605,838.046936,-1040.99902
3560,837,-1040,3559.95605,838.046936,-1040.99902
2818,1108,-1031,2818.24316,1678.75916,-1030.03003
2576,1229,-963,2576.23926,1253.55298,-962.029053
3065,1086,-1074,3065.20557,1095.70251,-1073.02136
2818,1108,-1031,2818.17505,1201.10706,-1030.0155
2033,1426,-958,2032.90039,1438.24036,-957.005005
2362,1313,-970,2361.95508,1351.32153,-969.001038
2576,1229,-963,2575.95605,1253.91699,-962.000977
2153,1335,-955,2152.95605,1346.15552,-954.000977
2153,1335,-955,2153.06079,1347.17261,-954.001892
2153,1335,-955,2152.90039,1346.88879,-954.005005
1728,1427,-953,1728.04199,1435.7063,-952.000916
2033,1426,-958,2032.95593,1438.40637,-957.000977
2033,1426,-958,2032.95593,1437.2207,-957.000977
1880,1403,-961,1879.95593,1415.5625,-960.000977
1728,1427,-953,1727.95593,1435.02612,-952.000977
1549,1509,-965,1548.86865,1517.59314,-964.008667
1549,1509,-965,1549.03613,1523.19983,-964.000671
1046,1488,-1074,1045.53235,1502.08459,-1073.11609
1259,1480,-965,1258.53235,1492.09387,-964.116089
1549,1509,-965,1548.95593,1529.27063,-964.000977
1728,1427,-953,1727.86865,1435.27771,-952.008667
1712,88,88,1712.1604,98.3446884,88.9870453
2003,88,20,2003.20801,120.524811,20.9781227
1817,81,70,1817.23901,91.2854767,70.9710159
2092,191,4,2092.30957,202.859909,4.95087004
2209,292,-18,2209.12598,302.815796,-17.007967
2092,191,4,2092.26172,203.189819,4.96509075
2209,292,-18,2209.22559,298.163666,-17.0257778
2139,179,-181,2139.96753,179.938217,-181.25209
2177,179,-26,2177.96851,179.937027,-26.2481403
2209,292,-18,2209.20996,298.217407,-17.0222912
2159,219,-19,2159.25781,238.823868,-18.0338058
2159,219,-19,2159.32495,280.425903,-18.0542698
2052,92,-160,2052.96875,92.9367294,-160.247299
2090,92,-4,2090.97266,92.9350433,-4.23194361
2407,358,10,2406.71289,539.18573,10.9578934
2407,358,10,2406.72559,513.826172,10.9615879
2522,397,51,2521.69922,419.774475,51.9536819
2522,397,51,2521.66919,425.281555,51.9436874
2322,279,-15,2321.71973,401.78186,-14.0400801
2208,376,-33,2207.79004,389.532776,-32.0222931
2522,397,51,2522.04492,416.665405,51.9989853
2763,504,51,2763.04492,516.11676,51.9989815
2763,504,51,2762.98706,522.559265,51.9999161
2763,504,51,2763.06348,522.167847,51.997982
3786,740,-591,3786.99707,1368.58569,-590.923523
3706,1160,-1227,3706.9707,1209.0061,-1227.24023
3373,1197,-1405,3373.20557,1387.18115,-1405.97864
3543,995,-1318,3543.4668,1036.79834,-1318.88428
2570,1229,-1303,2569.67603,1237.15405,-1303.94604
2570,1229,-1303,2569.58691,1236.00403,-1303.91064
2817,1322,-1372,2816.63574,1559.57288,-1372.93127
2362,1297,-1240,2361.81274,1858.41785,-1240.9823
2570,1229,-1303,2569.68359,1235.85217,-1303.94861
2029,1438,-1192,2028.83496,1455.19983,-1192.98621
2029,1438,-1192,2028.68176,1461.43811,-1192.948
2146,1344,-1228,2145.92358,1351.69287,-1228.99707
2146,1344,-1228,2145.71655,1351.05518,-1228.95898
2146,1344,-1228,2145.82324,1351.00452,-1228.98425
1876,1400,-1165,1875.82324,1415.65076,-1165.98425
2029,1438,-1192,2028.82324,1460.2865,-1192.98425
1720,1428,-1150,1719.79297,1434.52917,-1150.97827
1720,1428,-1150,1719.8833,1435.99512,-1150.99316
1720,1428,-1150,1719.84668,1435.04224,-1150.98816
1559,1516,-1130,1559.04248,1525.06714,-1130.99902
2052,92,-160,2052.96875,92.9367294,-160.247299
2139,179,-181,2139.96777,180.004898,-181.251465
2161,200,-186,2161.96777,200.957047,-186.251282
2640,355,-192,2640.99902,356.021942,-192.042267
2880,475,-192,2880.99902,476.023102,-192.042267
3120,595,-192,3120.99878,596.024292,-192.042267
3320,728,-938,3319.95508,729.080688,-938.998962
2454,1168,-970,2453.00098,1168.96289,-970.042969
2029,1288,-970,2028.00098,1288.96582,-970.042969
1605,1408,-970,1604.00098,1408.96887,-970.042969
2362,1297,-1240,2361.67603,1305.96497,-1240.94604
866,1564,-1174,865.496155,1577.78394,-1173.13623
1514,163,-26,1513.76892,290.211609,-26.9729137
1521,211,174,1521.96753,853.621033,173.747253
881,1699,-1455,881.614258,1763.06702,-1455.78906
782,1669,-1495,782.275391,1745.75134,-1495.9613
658,1669,-1541,658.292175,1681.74524,-1541.9563
889,1566,-1446,889.67804,1616.29468,-1446.73499
1035,1750,-1121,1035.61353,1750.93701,-1121.78967
892,1800,-1455,892.751221,1811.96704,-1455.66003
780,1800,-1521,780.411255,1805.65173,-1521.9115
780,1800,-1521,780.350525,1805.45325,-1521.93652
936,1912,-1517,936.585999,1913.50061,-1517.8103
801,1918,-1547,801.502808,1921.62695,-1547.86438
374,2103,-1801,374.130951,2105.12939,-1801.99133
801,1918,-1547,801.428955,1921.71594,-1547.90332
316,1922,-1584,315.567993,1926.26343,-1584.90186
78,1924,-1499,77.6316528,1926.7981,-1499.92969
536,1678,-1569,536.222656,2316.66406,-1569.97485
370,1912,-1653,370.130951,1917.14917,-1653.99133
383,1804,-1631,383.106873,1807.20215,-1631.99426
463,1683,-1568,462.955841,1705.30688,-1568.99902
224,1932,-1558,223.643585,1934.90833,-1558.93433
-33,1709,-1440,-33.9347763,1799.74048,-1439.64478
11,1711,-1205,10.0526886,1722.21753,-1205.32031
-16,1566,-1081,-16.7553711,1571.73157,-1081.65527
27,1561,-1211,26.0078449,1568.21753,-1211.125
7,1561,-1339,6.01189947,1568.90637,-1338.84619
27,1561,-1211,26.0118809,1568.90637,-1210.84631
78,1924,-1499,77.911705,1926.96509,-1499.99609
-48,1809,-1452,-48.8790474,1822.14526,-1451.52332
-23,1856,-1337,-23.9969082,1859.09875,-1337.07812
-32,1859,-1217,-32.9527588,1862.4436,-1217.30371
-91,1855,-1107,-91.599411,1857.7655,-1107.80042
97,1809,-1463,96.8465729,1829.59045,-1463.98816
886,1669,-1146,886.829285,1670.58203,-1146.55859
981,1790,-1257,981.751038,1790.86658,-1257.66016
976,1804,-1366,976.997986,1811.50525,-1366.06189
981,1790,-1257,981.997925,1791.17993,-1257.06189
1035,1750,-1121,1035.73315,1750.89453,-1121.68005
322,1807,-1557,321.214935,1811.00989,-1557.61938
316,1922,-1584,315.194824,1926.59253,-1584.59302
374,2103,-1801,373.767395,2105.75,-1801.97253
-46,1079,-966,-46.7654457,1126.05811,-966.643494
376,1607,-1560,376.195404,1869.29834,-1560.98071
548,1607,-1527,548.185547,1660.16296,-1527.98254
548,1607,-1527,548.213867,1660.18335,-1527.97681
589,1607,-1518,589.214111,1660.17688,-1518.97681
411,1562,-1755,410.015991,1711.23657,-1755.1781
237,339,742,237.999115,527.168579,741.957947
215,363,667,215.999115,711.521301,666.957947
237,339,742,237.999115,523.717163,741.957947
237,339,678,237.999115,523.717163,677.957947
527,155,600,526.955872,169.023529,600.999023
236,155,600,235.95723,169.024384,600.999084
527,155,600,526.955872,169.023529,600.999023
237,339,858,237.999115,523.717163,857.957947
215,363,933,215.9991,714.171753,933.042053
236,155,1000,236.999115,175.945877,999.957947
236,155,919,236.999115,175.945877,918.957947
237,339,922,237.999115,523.717163,921.957947
237,339,858,237.999115,523.717163,857.957947
237,339,742,236.95723,341.242767,742.999084
-3,485,800,-2.97307444,487.377625,800.999634
215,363,852,214.900696,365.946838,851.004944
-3,485,800,-2.97307444,487.360413,799.000366
127,171,838,126.957222,269.699097,838.999084
-135,-19,848,-134.000885,-8.99420357,847.957947
-135,-19,836,-134.000885,-8.99420357,835.957947
48,71,848,48.9999123,71.4933624,847.986755
48,71,836,48.9999123,71.4933624,835.986755
48,71,848,48.9999123,71.4933624,847.986755
-135,-19,848,-134.000885,-8.99420357,847.957947
-135,-19,768,-134.000885,-8.99420357,767.957947
-135,-19,756,-134.000885,-8.99420357,755.957947
48,71,768,48.9999123,71.4933624,767.986755
48,71,756,48.9999123,71.4933624,755.986755
-135,-19,768,-134.000885,-8.99420357,767.957947
-539,70,276,-538.032471,91.436058,275.747253
-520,67,310,-520.95575,96.3644791,310.294006
-657,67,266,-657.975403,407.737549,266.220398
-667,67,269,-666.053345,84.0534515,268.677765
2484,473,595,2483.21021,474.100189,594.386658
1867,546,-163,1867.60742,546.500366,-162.205627
1643,597,-471,1643.50586,599.53241,-471.862549
2903,365,1247,2903.99609,366.383728,1246.91174
2775,390,1155,2775.26221,391.256989,1154.03503
2673,397,1062,2673.78882,398.322937,1061.38538
1593,447,278,1593.61914,451.453583,277.214722
2577,278,1084,2577.96582,279.420563,1083.74084
2643,407,923,2643.96509,408.239197,922.738098
2392,453,744,2392.08716,466.82901,743.003845
2252,294,774,2252.45898,305.509186,773.111572
2109,296,706,2109.4668,318.143707,705.115662
2013,296,610,2013.63306,302.723022,609.225952
1837,317,449,1837.21326,320.048401,448.02301
1970,360,393,1970.04199,360.726929,392.000885
1837,317,449,1837.36719,319.634583,448.069855
1696,422,368,1696.36548,426.486237,367.069183
2043,570,250,2043.56165,570.639099,249.172623
2614,597,765,2614.9043,601.831055,764.57312
2737,595,815,2737.96973,596.594971,814.755859
2873,583,869,2873.61328,583.63147,868.210144
3017,561,927,3017.99902,561.714417,926.955872
2945,530,1445,2945.98828,532.411499,1445.15088
1696,422,368,1695.69543,422.848816,367.047516
1841,404,344,1840.95508,404.829071,343.001038
1508,405,-134,1508.98914,409.957825,-133.852997
1612,447,-420,1612.99609,447.921814,-419.911713
1520,315,156,1520.97742,352.069977,155.788681
1561,462,146,1561.96265,465.518005,145.729248
1520,315,156,1520.96265,342.849091,155.729248
1520,315,156,1520.97546,352.922089,155.779846
1529,436,15,1529.97351,439.114349,14.7713594
1486,314,1,1486.96375,342.746338,0.733175516
1484,288,-131,1484.99512,291.357361,-131.098419
1508,405,-134,1508.99915,409.871399,-133.958679
1816,609,-377,1816.31873,611.354065,-377.947845
1804,982,-427,1804.47375,991.919128,-427.880646
1795,544,193,1795.53223,544.523804,192.153412
1892,520,309,1891.80957,524.662537,308.018311
2945,530,1445,2945.99902,534.7099,1444.95593
2971,526,1250,2971.55249,530.665466,1249.1665
2775,390,1155,2775.49585,391.632812,1154.13159
2873,583,869,2873.15137,583.672607,868.011536
2673,397,1062,2673.63281,398.005402,1061.22571
2737,595,815,2737.26221,595.838562,814.035034
2643,407,923,2643.96484,408.260162,922.737183
2614,597,765,2614.36328,598.348633,764.068359
2643,407,923,2643.99609,408.268127,922.911743
2614,597,765,2614.85254,601.900757,764.477356
2548,307,768,2548.20557,308.408722,767.021362
2252,294,774,2251.82983,295.537567,773.014587
2392,453,744,2391.88281,464.140686,743.006897
2109,296,706,2109.42456,308.471619,705.094604
2197,49,794,2197.46484,51.0124779,793.114624
2097,155,707,2097.46704,158.332932,706.115784
2013,296,610,2013.69934,311.50177,609.285217
2109,296,706,2109.71045,311.50177,705.296265
2086,50,718,2086.55176,52.9508476,717.166016
1998,155,624,1998.64465,161.714127,623.235535
2097,155,707,2097.63867,161.707855,706.23053
2013,296,610,2013.95874,303.749939,609.71582
2006,487,390,2006.92346,490.796814,390.383514
2006,487,390,2006.32129,495.569366,389.05304
2086,50,718,2086.61328,57.8403931,717.210144
1935,155,502,1935.88623,159.65506,501.536774
1998,155,624,1998.88367,159.65097,623.531921
1880,48,542,1880.67883,53.5818405,541.265747
1978,48,635,1978.67957,53.5890694,634.266418
1775,160,487,1775.07642,162.349991,486.00293
1976,288,490,1976.08789,296.459839,489.003876
1880,48,542,1880.5271,49.7677422,541.150208
1671,300,388,1671.70032,312.539062,387.286194
1671,300,388,1671.62854,312.738892,387.222229
1892,520,309,1892.48828,522.083923,308.127319
1696,422,368,1696.64258,425.81601,367.233795
1593,447,278,1593.95972,450.746063,277.719055
1892,520,309,1892.44202,520.710266,308.102997
1486,314,1,1486.99915,319.158905,1.03923535
1561,462,146,1561.98132,465.484528,145.807678
1486,314,1,1486.97339,340.02417,0.77099365
1529,436,15,1529.99792,438.938324,14.9373789
1555,409,-255,1555.93274,411.224213,-254.63945
1452,305,-435,1452.92346,310.825592,-435.383667
1449,172,-271,1449.99915,179.947678,-270.958679
1484,288,-131,1484.99988,291.270233,-131.014069
2021,566,-289,2021.76306,566.563599,-288.353699
1555,409,-255,1555.92053,413.114563,-255.39064
1816,609,-377,1816.50659,611.501404,-377.862183
1453,480,-480,1453.2998,483.954102,-480.953979
1453,480,-480,1453.7561,488.118042,-480.654449
1348,473,-600,1348.78857,481.37616,-600.614929
1111,481,-879,1111.67834,486.541809,-879.734741
1111,481,-879,1111.58594,486.515717,-879.810242
958,472,-991,958.658203,495.301483,-991.752808
1473,612,-563,1473.42383,613.567566,-563.905701
1473,612,-563,1473.76282,613.976501,-563.646423
1211,640,-765,1211.63281,644.713928,-765.774231
1211,640,-765,1211.90491,643.692383,-765.425598
1137,629,-918,1136.90039,633.116211,-918.994995
950,625,-1010,950.613525,640.49646,-1010.78967
1645,751,-478,1645.46973,773.264771,-478.882629
1334,797,-672,1334.63281,820.234314,-672.774231
1212,802,-794,1212.69629,809.836121,-794.717651
1212,802,-794,1212.9823,805.434998,-794.18689
1058,800,-927,1058.62451,811.196777,-927.781006
940,782,-1021,940.613525,842.256836,-1021.78967
1592,1221,-537,1592.36243,1257.26636,-537.932007
1058,800,-927,1057.81274,807.600647,-927.9823
1509,954,-672,1509.40234,955.575928,-672.915466
1278,918,-829,1278.69629,919.635986,-829.71759
1278,918,-829,1278.98547,919.646118,-829.169739
1075,934,-963,1074.81274,938.183777,-963.9823
945,940,-1017,945.362305,943.279175,-1017.93201
1622,1075,-521,1622.42444,1093.86389,-521.905457
1509,954,-672,1509.55078,955.608826,-672.834595
1804,982,-427,1804.66016,985.428101,-427.750977
1804,982,-427,1804.35925,1002.88239,-427.933228
1571,1355,-561,1571.34998,1363.68994,-561.936707
1571,1355,-561,1571.34961,1363.84888,-561.93689
1321,1360,-684,1321.55078,1371.93408,-684.834595
1246,1383,-811,1246.84058,1388.29321,-811.541687
955,1391,-1002,955.658203,1420.31177,-1002.75281
1439,1362,-624,1439.4248,1367.02405,-624.905273
1285,1229,-695,1285.55103,1292.74475,-695.834473
1278,918,-829,1278.98828,919.555359,-829.152466
1075,934,-963,1074.77539,937.674622,-963.974426
1080,1242,-951,1080.38867,1283.77283,-951.921265
1371,924,-714,1371.57068,926.181824,-714.821167
1644,897,-537,1644.3905,899.691833,-537.920593
1453,480,-480,1453.77539,486.223267,-480.631439
1643,597,-471,1643.27637,599.545105,-471.961029
1343,630,-655,1343.55164,633.588684,-655.834045
1211,640,-765,1211.84351,646.76947,-765.537109
1334,797,-672,1334.63281,820.008301,-672.774292
1371,924,-714,1371.78833,926.274719,-714.615112
1439,1362,-624,1439.46094,1367.23962,-624.887329
1246,1383,-811,1246.88342,1391.66357,-811.468567
1080,1242,-951,1079.90039,1270.43384,-951.994995
1243,1078,-1014,1242.79297,1086.87378,-1014.97827
1246,1383,-811,1246.9873,1388.21338,-811.158447
955,1391,-1002,955.37207,1647.25684,-1002.92816
1058,800,-927,1057.90076,810.179504,-927.995056
1212,802,-794,1212.9032,813.938904,-794.429199
940,782,-1021,940.677734,928.330444,-1021.73529
1055,628,-910,1055.69629,647.00415,-910.717712
1343,630,-655,1343.64453,634.021545,-655.764526
1659,1214,-511,1659.44043,1232.95886,-511.897736
958,472,-991,958.677734,495.398529,-991.735168
862,1537,-1080,862.618347,1596.39319,-1080.78589
983,1518,-997,983.490234,1531.41443,-997.871582
920,1646,-1069,920.677917,1660.5531,-1069.73511
862,1537,-1080,862.550781,1547.79858,-1080.83459
862,1537,-1080,862.951111,1540.96082,-1079.69116
867,1612,-1174,867.883911,1665.28796,-1173.53235
938,1612,-1313,938.883911,1665.25513,-1312.53235
848,1612,-1139,848.877075,1667.27747,-1138.51965
867,1612,-1174,867.876465,1667.30408,-1173.51855
886,1669,-1146,886.877075,1670.8833,-1145.51965
920,1646,-1069,920.772766,1648.90588,-1069.63464
908,1702,-1245,908.995056,1704.51428,-1244.90076
964,1712,-1360,964.883545,1771.75183,-1359.53174
908,1702,-1245,908.883301,1723.62842,-1244.53125
964,1712,-1360,964.904053,1746.33911,-1359.57263
987,1574,-1368,987.557617,1601.8197,-1367.16992
981,1790,-1257,981.920471,1791.37012,-1256.60938
987,1574,-1368,987.613342,1586.52661,-1368.78967
881,1699,-1455,881.372253,1724.27673,-1455.9281
782,1669,-1495,782.350464,1682.91992,-1495.93652
658,1669,-1541,658.338867,1682.94116,-1541.9408
889,1566,-1446,889.411255,1592.03442,-1446.9115
976,1804,-1366,976.733459,1811.09302,-1366.67969
1047,1890,-1416,1047.74329,1890.96582,-1416.66882
801,1918,-1547,801.186279,1919.63342,-1547.98242
780,1800,-1521,780.501953,1818.05847,-1521.86487
892,1800,-1455,892.501953,1818.04736,-1455.86487
780,1800,-1521,780.658325,1801.88245,-1521.75269
672,1791,-1612,672.174988,1792.65833,-1612.9845
668,1897,-1607,668.268555,1908.01123,-1607.96326
453,1798,-1621,452.706024,1800.17529,-1621.95581
370,1912,-1653,369.955841,1915.2876,-1653.99902
517,1890,-1650,516.736328,1898.16895,-1650.9646
341,1941,-1731,340.087128,1941.45569,-1731.4082
224,1932,-1558,223.700134,1935.01746,-1558.95398
97,1809,-1463,96.6363068,1827.68481,-1463.93152
235,1809,-1517,234.623444,1827.68481,-1517.92639
316,1922,-1584,315.221832,1927.24573,-1584.62805
453,1798,-1621,453.322449,1800.45398,-1621.94653
-37,1562,-1455,-37.1154861,1588.67322,-1455.99329
-304,474,-583,-304.726166,474.589203,-583.6875
5,629,-937,4.18134117,820.559753,-937.57428
5,629,-937,4.06770372,796.669556,-937.361694
-328,974,-675,-328.711029,975.630066,-675.703125
-304,474,-583,-304.498505,474.834259,-583.866882
-204,473,-684,-204.879639,473.610687,-684.475586
-464,944,-635,-464.316986,946.085999,-635.948425
-249,429,-517,-249.388779,431.250366,-517.921326
-347,649,-618,-347.599182,673.162903,-618.800537
-444,637,-546,-444.440094,671.184509,-546.897949
-611,691,-570,-610.829163,691.963989,-570.985291
-752,474,-407,-752.132812,474.562469,-407.991058
-723,429,-329,-723.076233,439.54071,-329.99707
-723,429,-329,-723.66803,448.010651,-329.74411
-653,437,-447,-653.837219,438.317108,-447.546814
-391,415,-451,-391.188385,417.471436,-451.982086
-502,306,-373,-502.043274,306.573975,-373.999054
-357,300,-410,-357.307129,300.528778,-410.95166
-357,300,-410,-357.648682,300.49234,-410.761047
-252,321,-526,-252.972595,321.838806,-526.232361
-434,513,-547,-434.295166,514.171326,-547.955444
-413,472,-517,-413.181427,472.831024,-517.983398
-662,504,-479,-662.188721,505.992279,-479.982025
-662,504,-479,-662.523804,506.076508,-479.851837
-825,439,-333,-824.957947,444.590057,-333.999115
-546,495,-497,-545.958679,496.142029,-497.999146
-781,518,-484,-781.177734,518.544006,-484.98407
-781,518,-484,-781.132874,518.563538,-484.991119
-752,474,-407,-752.816711,474.649567,-407.576965
-753,820,-729,-752.285156,833.04303,-729.69928
-753,820,-729,-753.115234,829.832153,-729.993286
-1039,802,-957,-1038.08472,810.009033,-957.402771
-611,691,-570,-610.165649,691.639709,-570.551208
-885,653,-709,-884.412476,655.541321,-709.809204
-611,691,-570,-611.042969,693.012268,-570.999023
-448,679,-567,-448.560913,681.139526,-567.82782
-328,974,-675,-328.461304,979.012329,-675.887207
-40,928,-968,-40.8294411,932.808105,-968.558594
-40,928,-968,-40.9006348,932.838257,-968.43457
-228,729,-714,-228.521713,733.020447,-714.853088
-228,729,-714,-228.644501,733.185181,-714.764526
-115,780,-800,-115.812439,788.372864,-800.583008
22,782,-1025,21.0645733,791.636536,-1025.35352
22,782,-1025,21.0157471,792.366577,-1025.17676
-40,928,-968,-40.9878578,930.833923,-968.155273
-154,956,-834,-154.795822,959.367554,-834.605469
-154,956,-834,-154.795837,959.467468,-834.605469
-252,321,-526,-252.608246,321.714264,-526.793701
-502,306,-373,-502.324921,306.523926,-373.94574
-309,263,-351,-309.936768,267.115265,-351.349945
-526,414,-425,-526.27655,415.934265,-425.960999
-636,388,-404,-636.488281,390.760101,-404.872681
-636,388,-404,-635.957275,390.748962,-404.999084
-304,474,-583,-304.26889,474.564545,-583.963135
-304,474,-583,-304.74939,474.527344,-583.662109
-434,513,-547,-434.51358,514.130676,-547.858032
-732,626,-568,-731.379883,627.115967,-568.784424
-611,691,-570,-611.322571,691.700623,-570.946533
-15,784,-951,-15.9025068,790.307678,-951.430664
-15,784,-951,-15.8356113,790.361755,-951.549316
-115,780,-800,-115.57225,788.691406,-800.820068
-23,1856,-1337,-23.9439278,1859.49329,-1336.66992
11,1711,-1205,10.0039024,1720.64526,-1205.08826
-16,1566,-1081,-16.9528389,1569.72839,-1081.30347
7,1561,-1339,6.12840939,1571.03906,-1338.50977
27,1561,-1211,26.0157471,1567.91821,-1210.82324
-32,1859,-1217,-32.997963,1862.38342,-1217.06348
-30,1717,-1090,-30.9388371,1726.2854,-1090.34436
-16,1566,-1081,-16.7605305,1572.14368,-1081.64929
-32,1859,-1217,-32.8777237,1861.21375,-1217.47913
-185,1847,-1034,-185.663635,1849.04211,-1034.74805
-139,1267,-823,-139.86142,1296.34119,-823.507812
-336,1268,-711,-336.493469,1286.23181,-711.869751
-660,929,-691,-659.441467,934.099915,-691.829468
-660,929,-691,-659.302917,932.002991,-691.71698
-185,1847,-1034,-185.180267,1849.58203,-1034.98352
-307,1721,-965,-307.042267,1723.95325,-965.999084
-365,1583,-917,-364.15036,1584.27893,-917.527344
-674,1511,-1056,-673.973633,1511.5575,-1056.99951
-819,1431,-1042,-818.255066,1482.79431,-1042.66711
-722,1010,-805,-721.384766,1011.6131,-805.788269
-579,1044,-746,-578.463867,1045.24683,-746.844116
-668,1442,-935,-667.758789,1446.47546,-935.970459
-501,1417,-889,-500.422974,1420.14941,-889.816711
-149,1416,-852,-149.493683,1420.95044,-852.869629
-149,1416,-852,-149.845367,1424.12097,-852.53418
-227,1566,-915,-227.51358,1567.56787,-915.858032
-100,1565,-982,-100.843628,1570.48193,-982.536926
-141,1724,-994,-141.472427,1729.3396,-994.881348
-141,1724,-994,-141.662689,1728.29578,-994.74884
-141,1724,-994,-141.180237,1726.56641,-994.983582
-365,1583,-917,-365.13089,1583.89734,-917.991333
-227,1566,-915,-227.47229,1567.65125,-915.881409
-326,1450,-774,-326.440063,1453.52136,-774.897949
-326,1450,-774,-325.400726,1453.19263,-774.800537
-64,1408,-985,-64.8295212,1416.12061,-985.558472
-149,1416,-852,-149.861435,1422.49158,-852.507812
-48,1252,-974,-48.8558922,1280.95471,-974.517151
-139,1267,-823,-139.48674,1280.3103,-823.873535
-139,1267,-823,-139.871552,1285.20349,-823.490234
-46,1079,-966,-46.8665581,1114.9386,-966.499023
-579,1044,-746,-579.043518,1044.85645,-746.999023
-579,1044,-746,-578.6875,1045.50293,-746.94989
-613,842,-606,-612.320801,848.002502,-606.733948
-466,851,-588,-466.279419,857.872131,-588.960144
-466,851,-588,-465.955841,859.257141,-588.999023
-464,944,-635,-463.852997,946.011292,-635.989136
-501,1417,-889,-500.616333,1420.05945,-889.923462
-365,1583,-917,-364.373566,1584.59778,-917.779419
-473,1557,-1053,-472.719055,1557.87793,-1053.95972
-323,1137,-710,-323.494019,1142.86328,-710.869446
-323,1137,-710,-322.7901,1141.55188,-710.977722
-537,1185,-824,-536.574524,1186.57117,-824.904968
-537,1185,-824,-536.648804,1186.64905,-824.936279
-328,974,-675,-328.23877,978.371948,-675.971069
-464,944,-635,-463.67569,945.358765,-635.945923
-466,851,-588,-465.867279,855.272949,-588.99115
-754,664,-713,-753.957275,665.953064,-713.999084
-884,612,-688,-883.412109,612.94519,-688.808899
-809,572,-579,-808.388855,572.919434,-579.791504
-732,626,-568,-731.285095,627.133606,-568.699219
-884,612,-688,-883.282776,613.083313,-688.696838
-1026,608,-792,-1025.09521,641.78186,-792.425781
-884,612,-688,-883.38501,613.177429,-688.788513
-810,1126,-1023,-809.23053,1127.65088,-1023.63867
-722,1010,-805,-721.210144,1011.24475,-805.613281
-841,892,-806,-840.8125,893.180176,-806.982239
-1009,493,-1076,-1008.22571,497.523438,-1076.63281
-1007,659,-1097,-1006.25494,669.597412,-1097.66699
-1039,802,-957,-1038.03003,837.11792,-956.756836
-986,754,-821,-985.069885,759.898987,-821.367188
-986,754,-821,-985.320557,761.041565,-821.733704
-1009,493,-1076,-1008.03003,499.423248,-1075.75684
-1026,608,-792,-1025.01746,668.106873,-792.185791
-674,1511,-1056,-673.365234,1511.78442,-1056.77258
-668,1442,-935,-667.41217,1447.16565,-935.80896
-464,944,-635,-464.269653,946.272888,-635.962952
-330,917,-661,-330.473907,919.66449,-661.880554
-1049,657,-935,-1048.09521,658.228882,-935.425781
-885,653,-709,-884.301758,654.135132,-709.71582
-841,892,-806,-840.210144,893.313538,-806.613281
-900,950,-962,-899.000977,951.055054,-961.955872
-900,950,-962,-899.189697,951.292664,-962.585938
-882,1398,-1257,-881.331177,1403.99634,-1257.74341
-819,1431,-1042,-818.035034,1442.11865,-1042.26233
-1014,1380,-1373,-1013.36554,1385.3175,-1373.77295
-1219,1217,-1481,-1218.86719,1220.16235,-1481.99109
-1331,1056,-1443,-1331.32275,1071.20947,-1443.94641
-1339,924,-1431,-1339.22668,925.230408,-1431.97388
-1160,1011,-1406,-1159.5957,1012.42694,-1406.91455
-1021,1033,-1297,-1020.63104,1035.31738,-1297.92944
-988,918,-1145,-987.079041,919.864563,-1145.38965
-900,950,-962,-899.06311,951.98291,-962.349609
-810,1126,-1023,-809.053589,1127.65918,-1023.32288
-895,1087,-1198,-894.235535,1088.58936,-1198.64465
-1021,1033,-1297,-1020.1499,1035.18457,-1297.52661
-1021,1033,-1297,-1020.32037,1034.55298,-1297.73352
-1160,1011,-1406,-1159.51001,1012.32214,-1406.8717
-1331,1056,-1443,-1330.80774,1065.96387,-1443.98132
-1014,1380,-1373,-1013.44733,1386.89795,-1373.83337
-1014,1380,-1373,-1013.33997,1385.57092,-1373.75122
-819,1431,-1042,-818.094666,2904.86597,-1042.42468
-895,1087,-1198,-894.06311,1088.61646,-1198.34961
-1281,374,-487,-1281.76282,403.237915,-486.353424
-1284,662,-466,-1284.70227,678.744934,-465.288116
-1141,485,-270,-1141.91174,491.78183,-269.589264
-1285,529,-478,-1285.62402,545.327148,-477.218597
-1441,698,-1059,-1441.32251,730.905945,-1058.05347
-1709,784,-1066,-1708.8833,787.165039,-1065.00684
-1536,795,-984,-1536.64551,795.822632,-983.236267
-1536,795,-984,-1536.92737,795.81073,-983.625977
-1425,733,-912,-1425.47949,733.753418,-912.877441
-1389,693,-548,-1389.52661,693.580383,-547.149902
-1325,750,-350,-1325.79907,750.854492,-349.398773
-1424,797,-444,-1424.76453,798.122131,-443.355408
-1447,885,-327,-1447.88062,886.102417,-326.526184
-1397,974,-210,-1397.82654,977.916565,-209.437134
-1356,835,-32,-1356.91467,837.219116,-31.5958061
-1321,719,206,-1321.89807,722.930847,205.56015
-1181,645,-365,-1181.65466,651.337708,-364.24408
-1181,645,-365,-1181.95972,658.137024,-364.719055
-1160,596,-202,-1160.9989,603.012634,-202.044205
-1206,559,69,-1206.97937,562.879333,69.2018814
-1206,559,69,-1206.91931,563.011536,68.6064758
-1145,435,-59,-1145.99707,446.217224,-58.9235916
-1185,567,-76,-1185.99707,570.219055,-76.0750732
-1352,854,-199,-1352.97937,855.337952,-199.201904
-1447,885,-327,-1447.88635,886.129089,-326.537018
-1325,750,-350,-1325.96179,750.752136,-349.726227
-1261,697,-69,-1261.95386,698.833069,-69.3002319
-1246,699,70,-1246.98523,702.569336,70.1709137
-1246,699,70,-1246.88879,702.941833,69.5416946
-1147,222,-65,-1147.99609,225.575821,-65.0881271
-1142,299,-173,-1142.97546,301.478699,-173.220093
-1147,222,-65,-1147.83862,225.297928,-65.5447083
-1142,299,-173,-1142.93042,301.19632,-173.366364
-1186,422,-6,-1186.85303,427.88739,-6.52185774
-1220,557,-16,-1220.75903,561.162781,-16.6510334
-1261,697,-69,-1261.8324,699.184448,-69.5541534
-1728,649,-1105,-1727.96191,662.727234,-1104.00073
-1718,526,-1114,-1717.8291,532.26355,-1113.01477
-1578,632,-1108,-1578.46692,635.118958,-1107.11572
-1425,733,-912,-1425.96265,734.45105,-912.270508
-1465,578,-1071,-1465.76404,582.616394,-1070.35486
-1381,520,-990,-1381.90527,525.702637,-989.575195
-1396,647,-793,-1396.90479,647.575806,-793.425659
-1389,629,-680,-1389.93628,629.782898,-680.351135
-1294,423,-734,-1294.97827,426.07077,-733.792969
-1294,423,-734,-1294.99512,426.915497,-734.098389
-1285,529,-478,-1285.99927,566.794739,-477.963715
-1573,789,-870,-1573.58984,790.087952,-870.807434
-1284,662,-466,-1284.54919,676.258301,-465.164307
-1285,529,-478,-1285.63806,541.183838,-477.230042
-1181,645,-365,-1181.99805,649.675598,-364.937561
-1256,730,-210,-1256.98022,731.376221,-210.197296
-1397,974,-210,-1397.98035,976.608826,-210.196899
-1422,962,-64,-1422.99902,963.890198,-64.0441589
-1352,854,-199,-1352.99609,855.52594,-199.08754
-1352,854,-199,-1352.93616,855.329163,-198.648499
-1424,797,-444,-1424.8866,798.015625,-443.537476
-1422,962,-64,-1422.99707,963.865112,-64.0753555
-1256,730,-210,-1256.99707,731.381531,-210.074951
-1141,485,-270,-1141.99902,494.737549,-270.043793
-1160,596,-202,-1160.97534,601.86853,-202.220459
-1185,567,-76,-1185.84021,570.063904,-76.5421906
-1246,699,70,-1246.922,701.436157,70.3871918
-1374,848,167,-1374.9989,849.192444,166.955719
-1145,435,-59,-1145.78052,445.443512,-59.6251144
-1206,559,69,-1206.98816,563.22229,69.1530762
-1286,587,210,-1286.89746,590.220947,209.558914
-1166,295,2,-1166.99902,299.784882,1.95581698
-1186,422,-6,-1186.97461,429.124603,-5.77608824
-1232,438,207,-1232.92065,441.896881,206.609634
-1144,293,78,-1144.9469,404.672577,77.678627
-1281,698,-12,-1281.94299,700.491455,-12.3325195
-1356,835,-32,-1356.94897,836.729675,-32.3151588
-1232,438,207,-1232.73438,442.887115,206.321259
-1317,435,310,-1317.92639,440.657349,309.623444
-1364,445,599,-1364.99805,462.339935,598.937561
-1317,465,935,-1317.99902,472.091095,934.955872
-1364,445,599,-1364.99927,464.537323,599.036499
-1416,436,777,-1416.87207,438.955322,777.48938
-1286,587,210,-1286.76892,590.688049,209.360657
-1367,594,297,-1367.92346,597.180786,296.616333
-1412,593,578,-1412.99023,596.393127,578.139343
-1412,593,578,-1412.95618,595.777649,577.707214
-1466,606,792,-1466.82947,609.4552,792.558411
-1374,616,950,-1374.93616,619.513672,949.648438
-1321,719,206,-1321.7478,723.520264,205.33609
-1484,723,428,-1484.92334,725.263306,427.616333
-1481,732,557,-1481.99109,734.140503,557.132385
-1481,732,557,-1481.97937,733.894714,556.797974
-1374,848,167,-1374.90137,850.016785,166.566956
-1374,848,167,-1374.61523,850.065674,166.21167
-1438,742,281,-1438.59277,744.733337,280.194641
-1431,594,449,-1431.92651,597.154785,448.623749
-1367,594,297,-1367.92651,597.159607,296.623749
-1431,594,449,-1431.98914,597.262329,449.146515
-1466,606,792,-1466.97351,609.724548,791.771484
-1317,465,935,-1317.82947,469.067932,935.558533
-1298,316,1058,-1298.99927,319.150299,1058.03491
-1367,594,297,-1367.74719,597.55072,296.335419
-1381,435,461,-1381.92358,440.664307,460.616608
-1317,435,310,-1317.92639,440.657349,309.623444
-1364,445,599,-1364.99109,451.181763,599.13269
-1364,445,599,-1364.95581,448.256012,598.706055
-1232,438,207,-1232.77466,443.91684,206.36763
-1357,294,469,-1357.92346,301.165436,468.616333
-1293,294,318,-1293.92053,301.161957,317.609344
-1192,295,207,-1192.7334,302.249664,206.320251
-1357,294,469,-1357.99915,302.220886,469.03894
-1356,292,615,-1356.99805,337.205475,614.937561
-1366,291,767,-1366.87158,354.482269,767.490234
-1292,291,896,-1292.86377,354.387604,896.503845
-1438,742,281,-1438.93652,744.070618,280.649414
-1481,732,557,-1481.99902,734.522034,557.043945
-1504,762,772,-1504.99805,765.95636,771.937561
-1504,762,772,-1504.77295,765.66156,771.36554
-1374,616,950,-1374.86096,618.723022,950.508667
-1317,465,935,-1317.93152,467.342804,934.636353
-1219,445,1195,-1219.61353,447.076477,1195.78967
-1219,445,1195,-1219.99902,447.548889,1194.95593
-869,393,1458,-869.677734,399.068665,1458.73523
-660,295,1765,-660.970459,297.688721,1765.24121
-619,163,1734,-619.914612,164.326462,1734.4043
-667,199,1601,-667.751038,201.050613,1601.66016
-868,256,1428,-868.71582,257.924805,1428.69824
-975,282,1337,-975.316895,284.08255,1337.94836
-1165,309,1155,-1165.83203,317.608551,1155.55469
-1165,309,1155,-1165.78442,316.951874,1155.62012
-1591,710,1417,-1591.98914,710.485413,1417.14648
-1446,736,1486,-1446.37708,736.905945,1486.92615
-1117,701,1578,-1116.875,701.682312,1578.99207
-1117,701,1578,-1117.8833,701.732727,1578.46875
-898,580,1776,-898.999023,580.569763,1775.95593
-898,580,1491,-898.999023,580.569763,1490.95593
-898,580,1776,-898.998962,580.601685,1775.95508
-712,463,1789,-712.92041,465.879272,1789.3905
-786,515,1626,-786.940125,518.847961,1626.34082
-786,515,1626,-786.818665,518.879883,1626.57422
-898,580,1491,-898.527405,584.445618,1491.84961
-1054,601,1410,-1054.09766,604.779053,1410.99512
-1219,574,1387,-1219.39551,577.789307,1387.91846
-1391,625,1328,-1391.97839,632.919312,1328.20667
-1436,608,1123,-1436.99316,611.325256,1123.11633
-1611,698,1113,-1611.99902,698.515686,1113.04126
-1374,616,950,-1374.92944,619.172913,949.631042
-1390,459,1123,-1390.42896,460.457611,1123.90332
-1211,453,1355,-1211.99805,456.025696,1355.06091
-1211,453,1355,-1211.13086,456.298462,1355.99133
-1054,601,1410,-1054.48828,604.764526,1410.87256
-1010,656,1651,-1010.99902,656.685974,1650.95593
-1054,601,1410,-1054.13086,605.281311,1410.99133
-1391,625,1328,-1391.40295,628.785583,1328.91516
-1446,736,1486,-1446.21387,736.6698,1486.97681
-1446,736,1486,-1446.66699,736.681824,1486.745
-612,301,1954,-612.979492,302.666351,1954.20142
-736,469,2057,-736.936157,471.146057,2056.64844
-492,241,2088,-492.803864,242.485535,2088.59473
-517,147,1951,-517.931213,148.531006,1951.36426
-561,170,1809,-561.756958,171.234085,1809.65332
-660,295,1765,-660.772949,297.561707,1765.6344
-673,483,1933,-673.958679,486.591644,1933.28418
-673,483,1933,-673.876709,485.895355,1932.51904
-736,469,2057,-736.995117,471.657806,2056.90137
-928,595,1935,-928.800354,595.514038,1934.40051
-492,241,2088,-492.944702,242.613327,2087.67212
-625,241,2509,-625.911133,244.111649,2508.58789
-532,237,2208,-532.988159,238.484146,2207.84668
-544,251,2359,-544.864258,253.90242,2358.49707
-625,241,2509,-625.883667,243.873825,2508.53198
-707,329,2304,-707.995056,329.480072,2304.09912
-544,251,2359,-544.871582,253.81488,2358.50977
-492,241,2088,-492.972595,242.769073,2087.76758
-612,301,1954,-612.848999,302.895203,1954.52832
-712,463,1789,-712.970459,466.02066,1789.24121
-517,147,1951,-517.794189,148.606644,1951.60742
-612,301,1954,-612.9646,302.508026,1954.26367
-561,170,1809,-561.936157,172.11145,1809.35144
-667,199,1601,-667.970459,201.447006,1601.24121
-762,231,1518,-762.71582,233.029709,1518.69824
-869,393,1458,-869.83136,395.895721,1458.55566
-762,231,1518,-762.751221,232.982819,1518.66003
-742,327,1604,-742.931213,328.75589,1604.36426
-1298,316,1058,-1298.61328,318.88797,1058.78979
-1165,309,1155,-1165.99902,310.95755,1154.95593
-975,282,1337,-975.116211,283.49707,1337.99316
-1027,434,1374,-1027.55371,436.546356,1374.83264
-898,580,1491,-898.818665,584.421875,1491.57422
-868,256,1428,-868.71582,257.959564,1428.69824
-869,393,1458,-869.667969,399.004822,1458.74414
-975,282,1337,-975.71582,283.969086,1337.69812
-898,580,1776,-898.90509,580.733337,1776.42517
-333,-117,2049,-333.992859,-108.303932,2048.88086
-333,-117,2049,-333.930145,-106.149071,2049.36719
-400,-100,1909,-400.918549,-96.5897827,1909.39526
-434,4,1909,-434.861328,7.6773386,1909.50781
904,154,1434,904.644592,154.766571,1434.76453
-30,89,2004,-29.1226559,92.1115189,2004.47986
-30,89,2004,-29.000082,92.0473785,2004.0127
113,123,2364,113.711037,124.418213,2364.70312
-33,193,2456,-32.1284103,201.43045,2456.49023
33,205,2192,33.8768539,207.474548,2191.51929
201,449,2160,201.754959,452.274445,2160.65576
3,321,2489,3.75728679,323.560455,2489.65308
165,270,2386,165.409164,273.446198,2386.91235
149,299,2149,149.974655,299.805115,2148.77637
149,299,2149,149.991898,299.877594,2149.12695
267,311,2009,267.845428,311.617798,2009.53406
956,316,1667,956.613342,317.084167,1667.78979
216,448,2389,216.493546,454.14682,2389.86963
216,448,2389,216.994919,451.561523,2388.89941
302,441,2037,302.768524,443.952728,2037.63965
74,105,1878,74.6034241,107.082764,1878.79736
155,223,1918,155.251801,224.837402,1918.96777
267,311,2009,267.894867,311.627472,2009.44629
339,311,1858,339.89624,311.628326,1858.44348
302,441,2037,302.145142,445.034698,2037.98938
243,91,1686,243.998047,91.8237915,1686.06238
372,226,1776,372.998047,226.548798,1775.93762
387,340,1793,387.866486,345.418182,1793.49902
288,180,1718,288.980804,181.810486,1718.19495
673,219,1569,672.823242,220.763901,1569.98425
650,129,1514,650.043213,129.632385,1514.99902
836,220,1652,835.532349,221.216949,1652.88391
694,374,1688,693.412476,375.381256,1688.8092
650,129,1514,650.205261,129.631912,1514.97864
523,227,1622,523.174866,228.208359,1622.9845
694,374,1688,694.163086,378.097107,1688.98657
487,123,1540,486.797943,125.200256,1540.97937
372,197,1626,372.232239,198.350006,1626.97266
387,340,1793,387.551971,345.177582,1793.83386
243,91,1686,243.952423,91.749649,1686.30469
288,180,1718,288.881104,181.635544,1718.4729
487,123,1540,487.52478,124.656982,1540.85107
523,227,1622,523.186157,228.17955,1622.98242
318,192,1857,318.990875,193.18988,1856.86523
505,476,1780,505.987854,483.552948,1780.15527
704,506,1726,703.937561,509.452606,1726.99805
704,506,1726,703.587646,510.341339,1726.91101
582,367,1705,582.585938,369.234741,1705.8103
591,497,1716,591.613525,502.941437,1716.78967
582,367,1705,582.262268,373.243835,1705.96497
387,340,1793,387.835236,346.705078,1793.5498
339,311,1858,339.333374,325.543121,1858.94275
155,223,1918,155.811279,224.300903,1918.58459
33,205,2192,33.9999084,206.940765,2191.98657
165,270,2386,165.854416,274.269196,2385.48047
3,321,2489,3.43878722,323.898346,2489.89844
-33,193,2456,-32.4878349,211.010986,2456.85889
33,205,2192,33.7926865,207.115311,2191.39038
267,311,2009,267.831451,311.649048,2009.55554
74,105,1878,74.7972717,106.869194,1878.60352
74,105,1878,74.1813278,106.19558,1878.9834
243,91,1686,243.996994,91.8089371,1686.07715
315,106,1569,315.557953,106.803116,1569.82983
315,106,1569,315.926208,106.678497,1569.37683
372,197,1626,372.811676,198.163147,1626.58411
487,123,1540,487.292297,123.675507,1540.9563
155,223,1918,155.283005,224.902084,1918.95911
523,227,1622,523.307617,228.543228,1622.95142
779,129,1537,778.812744,129.504364,1537.9823
650,129,1514,649.807678,129.50679,1514.98132
904,154,1434,904.809204,154.598709,1434.58752
1107,181,1335,1107.99805,181.81842,1335.06104
1130,285,1422,1130.93616,287.014679,1422.3512
929,227,1578,928.610779,227.5952,1578.92114
929,227,1578,929.78833,227.682724,1578.61523
694,374,1688,694.041016,378.79541,1688.99915
591,497,1716,591.151367,507.680511,1716.9884
591,497,1716,591.551392,506.109253,1716.83423
491,353,1764,491.316437,355.131073,1764.94861
201,449,2160,201.997009,451.960114,2159.92285
302,441,2037,302.180298,445.466278,2037.98352
505,476,1780,505.97467,495.37796,1780.22363
926,432,1693,926.553772,456.965637,1693.83264
1666,443,1308,1665.64941,444.568359,1308.93652
1844,443,1374,1843.64941,444.573029,1374.93652
1293,400,1383,1293.59766,401.013641,1383.80164
1293,400,1383,1293.7677,401.113007,1383.64062
1090,331,1606,1090.46301,332.823425,1606.88623
1098,445,1638,1098.31079,452.895752,1638.95044
1160,390,1503,1160.91064,392.641785,1503.41309
1169,512,1523,1169.88342,519.075195,1523.46851
1305,535,1416,1304.69043,536.023682,1416.95081
1668,562,1401,1668.4248,563.410889,1401.90527
1491,412,1346,1490.67639,413.214691,1346.94617
1372,316,1221,1372.18555,317.776062,1221.98254
1197,194,1225,1197.69629,194.674179,1225.71765
1305,535,1416,1305.66711,539.0849,1416.74487
1098,445,1638,1098.87646,450.151825,1638.48145
1098,445,1638,1098.42395,448.662537,1638.90564
956,316,1667,956.667603,317.097839,1667.74451
1293,400,1383,1293.69629,401.316956,1383.71765
1491,412,1346,1491.26855,412.653198,1346.96313
1666,443,1308,1666.31445,444.54129,1308.94922
1527,295,1256,1527.84412,295.848602,1256.53601
1550,243,1105,1550.6676,244.243607,1105.74451
1693,276,1064,1693.46179,277.090454,1064.88696
1693,276,1064,1692.51965,277.318207,1064.87708
1668,359,1194,1668.82068,359.787109,1194.57117
1668,359,1194,1667.2262,359.581482,1194.63342
1965,377,1238,1965.63281,377.7612,1238.77429
1965,377,1238,1964.16626,378.581207,1238.55212
2088,242,1274,2087.09448,246.733841,1274.42407
2299,121,1457,2298.47241,124.160431,1457.84949
2010,278,1146,2009.07422,279.642029,1146.37793
2127,132,1199,2126.00684,133.602585,1199.11584
2081,375,1412,2080.0354,377.114838,1412.26355
2265,236,1498,2264.36572,238.175308,1498.77307
2265,236,1498,2264.18091,238.408859,1498.57361
2387,108,1583,2386.18994,110.81562,1583.5863
1666,443,1308,1665.31958,443.980865,1308.73279
1488,500,1436,1488.3623,501.084015,1436.93201
1666,443,1308,1666.71387,444.058868,1308.7002
1559,629,1727,1558.57227,629.523132,1727.90381
1072,558,1945,1072.71594,558.594971,1945.69812
1072,558,1945,1072.95874,559.877563,1945.28406
1995,421,1500,1994.00586,421.606415,1499.89197
2099,584,1757,2098.14771,584.885559,1757.52295
2116,496,1604,2115.15479,498.218872,1604.53442
1996,540,1502,1995.34839,674.843994,1502.75854
2272,331,1704,2271.31958,331.805145,1704.73279
2099,584,1757,2098.1499,584.96814,1757.52661
2116,496,1604,2115.44824,499.869324,1604.83398
1911,625,1732,1911.55078,625.621521,1732.83435
1668,562,1401,1667.64844,563.411255,1401.93616
1848,551,1459,1847.32092,552.787537,1459.73401
1668,562,1401,1667.6488,563.397034,1401.93628
1848,551,1459,1847.71619,624.206604,1459.95886
985,547,2006,984.44751,547.487244,2006.8335
2387,108,1583,2386.03906,110.920341,1583.27637
2349,234,1618,2348.05933,236.641083,1618.33899
2272,331,1704,2271.0293,332.013062,1704.23999
2209,491,1744,2208.00586,493.083099,1744.1073
2438,109,1722,2437.00098,113.884544,1721.95593
2394,224,1749,2393.00098,226.600998,1748.95593
2314,310,1898,2313.00488,311.348694,1897.90137
2438,109,1722,2437.05859,112.569122,1722.33716
2349,234,1618,2348.04077,236.33931,1618.28223
2438,109,1722,2437.00098,113.884544,1721.95593
2272,331,1704,2271.00391,331.966217,1704.08704
2394,224,1749,2393.00391,226.339569,1748.91174
2099,584,1757,2098.00195,584.868225,1756.93762
2209,491,1744,2208.0127,493.407196,1744.15808
523,1791,-1639,522.9375,1792.5929,-1639.99792
97,1809,-1463,96.9235153,1816.6062,-1463.99707
-48,1809,-1452,-48.0865021,1816.61755,-1452.99622
1160,390,1503,1160.96948,392.189911,1503.24475
956,316,1667,956.186096,316.979584,1667.98242
527,155,1000,526.955872,168.838531,999.000977
236,155,1000,235.95723,168.839386,999.000916
48,71,756,48.9999123,71.4933624,755.986755
-775,-34,442,-774.763672,-29.9924431,442.971649
-754,-34,578,-753.011536,-27.8650284,577.848572
-775,-34,442,-774.011475,-27.8589325,441.848969
-101,64,2715,-100.096909,68.1519165,2714.57056
-583,204,2845,-583.931274,205.966995,2845.36426
-465,74,2969,-465.575134,78.0113449,2969.81787
-567,154,3189,-567.988098,155.013763,3189.15332
-567,154,3189,-567.075439,176.091278,3188.00293
-516,54,2814,-516.914917,60.7886162,2814.40356
-465,74,2969,-465.943268,79.0338364,2969.33203
-554,142,3088,-554.964722,143.192719,3087.73682
-567,154,3189,-567.998962,155.179688,3188.95508
-3,-13,2942,-2.00899029,-9.22191429,2941.86621
-101,64,2715,-100.122459,67.5725098,2714.52051
-509,-105,2771,-509.953766,-101.951721,2771.30054
-275,-177,3027,-275.56192,-174.153107,3027.82715
3045,545,1662,3045.97437,547.086243,1661.77539
3454,535,1938,3454.66772,536.79718,1937.25562
2433,104,1864,2432.07886,107.467125,1864.38904
2252,445,1920,2251.41284,447.522186,1920.80945
2314,310,1898,2313.00098,311.259247,1898.04321
2790,150,1884,2790.99609,154.225464,1883.91174
3045,545,1662,3045.97949,547.072449,1661.79858
3045,545,1662,3045.91089,550.070801,1661.5874
2874,224,1582,2874.99927,224.90889,1582.03369
2913,236,1753,2913.99316,236.609406,1752.8833
3454,535,1938,3454.60938,536.719055,1937.20715
2913,236,1753,2913.34082,236.591415,1752.05994
-2016,784,-1216,-2016.43176,789.045166,-1215.09802
-1709,784,-1066,-1709.4248,789.056152,-1065.09473
-1662,565,-1339,-1661.59583,567.11145,-1339.91467
-1871,804,-1364,-1870.93958,825.586792,-1364.99817
-1718,526,-1114,-1718.28333,532.394653,-1113.04102
-1728,649,-1105,-1728.29224,659.580261,-1104.0437
2384,220,1881,2383.05078,222.151871,1881.31445
2043,570,250,2043.18848,570.566895,249.017929
