-349,73,-522,-349.861572,73.6576538,-521.492371
-541,73,-849,-541.864075,73.6579819,-848.496643
-541,73,-849,-540.095032,170.521423,-848.574524
-595,123,-739,-594.097961,312.126831,-738.568359
-647,153,-632,-646.096619,221.413406,-631.571167
-398,-190,-1063,-398.608429,-182.78949,-1062.20642
160,345,-244,160.234711,346.650177,-244.972061
79,345,-263,79.2270737,346.651581,-263.973877
-113,345,-414,-112.176254,346.672119,-414.566956
-69,345,-350,-68.1762543,346.672821,-350.566956
1,345,-847,1.61703503,346.595917,-846.213074
-62,345,-797,-61.3799324,346.597504,-796.215454
166,345,-892,165.818222,346.553986,-891.016663
244,345,-878,243.817886,346.556244,-877.016724
439,345,-730,438.154602,346.577667,-729.465881
395,345,-798,394.154602,346.578094,-797.465881
322,345,-294,321.422913,346.590057,-294.816681
388,345,-340,387.422699,346.590393,-340.816528
470,345,-489,469.023956,346.576172,-489.217529
488,345,-570,487.023041,346.577179,-570.213379
-172,345,-573,-171.040955,346.604034,-572.716797
-148,345,-656,-147.040955,346.604309,-655.716797
-1158,881,-576,-1158.34961,882.369385,-575.06311
-1158,881,-576,-1158.9176,882.301697,-575.602539
164,777,-575,164.219879,778.343018,-575.975525
164,777,-575,163.623444,778.354309,-575.926392
164,777,-575,163.174545,778.363098,-575.564453
164,777,-575,163.158401,778.359924,-574.4599
164,777,-575,163.817886,778.371216,-574.016724
164,777,-575,164.624664,778.375244,-574.219116
164,777,-575,164.958466,778.337524,-574.714844
164,777,-575,164.600647,778.377563,-575.7995
-1436,457,-739,-1435.16931,458.58493,-738.443298
-813,457,-578,-813.970764,458.696838,-577.76001
-873,457,-408,-873.81665,458.568024,-408.577026
-1321,457,-287,-1320.49219,458.539917,-287.86145
-1157,457,-241,-1157.21289,458.589569,-241.977066
-1320,457,-859,-1319.62109,458.484955,-858.074585
-975,160,651,-975.998962,161.053482,650.955078
-987,160,882,-987.998962,161.055328,881.955078
-1578,128,-4,-1577.52051,168.519852,-4.87749624
-885,160,57,-885.390686,326.261841,56.0794792
-754,160,3,-754.383789,326.672089,2.07657933
-231,-190,1,-230.614258,-188.752975,0.0773933828
669,-117,-1082,668.135132,-110.895409,-1081.49805
881,-74,-577,880.006714,-63.5588799,-577.11554
164,-143,-1302,163.729248,-113.207024,-1301.03735
-515,40,-904,-514.155212,43.1688995,-904.535095
-1881,2,-582,-1880.03027,8.9812727,-581.755859
-248,728,932,-248.097656,729.741089,932.995178
-96,161,659,-96.4612961,166.731949,659.887207
-110,333,-2227,-110.624184,334.267578,-2227.78125
1025,488,226,1024.71484,489.558899,226.95845
941,370,153,940.957581,373.144806,153.9991
387,152,602,387.952606,161.260498,601.695801
381,-36,501,381.649597,-28.6360455,501.760254
-990,185,881,-990.467224,237.044052,881.884094
-410,372,-2194,-410.472351,373.667755,-2194.88135
394,40,-175,393.42276,185.256622,-175.816574
490,40,-242,489.42395,184.968689,-242.817413
-201,-160,-1832,-201.381927,2878.82129,-1831.07593
339,-160,-1614,338.623444,2885.73022,-1613.07361
960,-528,-1104,959.190002,-370.88916,-1103.41357
1137,-334,-606,1136.07214,-298.145569,-606.372925
-188,922,1239,-188.234619,922.622009,1239.97192
17,703,1015,16.5259418,704.374329,1015.88049
4,776,1115,3.3810122,776.817688,1115.7854
480,675,954,480.835327,676.87738,954.549744
1177,533,256,1176.9104,535.513611,256.995972
-826,200,20,-825.609375,242.925034,20.9205322
-1365,185,84,-1364.60962,217.072983,84.9206467
-1239,-60,-2011,-1239.99951,-19.6086807,-2010.96887
18,80,-1257,17.0676098,80.9858627,-1256.63855
119,80,-1010,118.067871,80.990181,-1009.63788
119,80,-1010,118.075394,80.9947357,-1009.61908
18,80,-1257,18.9206505,80.9840012,-1257.39038
18,80,-1257,18.9226036,81.007103,-1257.38574
119,80,-1010,119.922592,81.0048141,-1010.38568
-130,80,-1195,-129.072983,80.996254,-1195.375
-130,80,-1195,-129.073029,81.0228729,-1195.37512
-36,80,-965,-35.0786514,81.0174637,-965.388733
-130,80,-1195,-130.93013,80.9931183,-1194.63281
-36,80,-965,-36.931694,80.9942856,-964.63678
-36,80,-965,-36.9239006,80.9871674,-964.617371
-359,80,-1096,-359.711975,80.9744186,-1095.29785
-146,80,-887,-146.712021,80.971283,-886.297852
-146,80,-887,-146.711975,81.0003204,-886.297852
-359,80,-1096,-358.290039,81.0470276,-1096.70422
-359,80,-1096,-358.294067,81.0199432,-1096.70825
-146,80,-887,-145.288574,81.0158157,-887.702759
-1305,49,-1000,-1305.40234,110.949524,-1000.91547
-1388,63,-966,-1388.40234,78.217514,-966.915466
-1305,49,-1000,-1305.87207,54.6111336,-999.51062
-1305,49,-1000,-1305.87671,55.2803268,-999.518982
-1358,48,-1097,-1357.92358,54.8081169,-1096.00293
-1416,54,-1075,-1415.4259,58.76828,-1074.18127
-1388,63,-966,-1387.02515,65.7733994,-966.222656
-1388,63,-966,-1387.02136,65.494751,-966.2052
-1098,9,-1024,-1097.09705,10.2164164,-1023.57031
-1098,9,-1024,-1097.07874,10.5096731,-1023.61108
-1030,-12,-1132,-1030.10779,-9.18021965,-1131.00586
-1030,-12,-1132,-1030.59033,-4.59907866,-1131.19287
-1027,21,-1074,-1027.98523,21.7884598,-1074.17078
-1124,-20,-1025,-1123.84668,-12.6241503,-1025.98816
-1061,28,-1017,-1060.77612,42.4271469,-1017.97461
-725,527,-541,-724.210266,530.591736,-541.613403
-753,527,-578,-752.210205,530.59375,-578.613342
-747,465,-612,-747.04364,470.570007,-611.000977
-744,465,-543,-743.247559,465.667572,-543.65863
-774,465,-577,-773.247375,465.668091,-577.658447
-747,465,-612,-747.174988,472.358551,-611.015442
-744,465,-543,-744.151367,468.791046,-543.988464
-713,451,-544,-713.222656,459.363617,-544.974854
-240,408,-575,-240.937302,410.726044,-575.348511
-254,408,-538,-254.933777,410.727203,-538.357849
-237,346,-609,-236.937546,350.701996,-608.001953
-237,346,-609,-236.747253,353.2034,-608.032471
-237,346,-609,-237.854431,347.005493,-608.480469
-216,346,-575,-216.854446,347.005066,-574.480469
-238,346,-540,-237.891357,349.51416,-540.99408
-277,332,-540,-276.817902,340.726715,-540.983276
1137,-200,-606,1136.16565,-186.244217,-606.551208
861,-156,-690,860.621948,-154.563629,-690.925781
816,-78,-779,815.622253,-77.4016953,-779.925903
816,-78,-779,815.610352,-77.4355621,-779.920959
969,-78,-842,968.621643,-77.4384079,-842.925659
778,-78,-871,778.38916,-77.4219284,-870.078857
931,-78,-935,931.388916,-77.4226303,-934.078735
931,-78,-935,931.388916,-77.4226303,-934.078735
742,-155,-964,742.377869,-153.480682,-963.074158
-1238,87,-1880,-1237.03003,87.6978531,-1880.24316
-1044,86,-1935,-1044.96973,86.562439,-1934.75586
-1238,87,-1880,-1238.29492,87.5682755,-1880.95544
-1227,20,-1843,-1227.24316,250.659012,-1843.96997
-1265,20,-1833,-1265.26172,250.659012,-1833.96509
-1237,23,-1865,-1237.9707,59.3959389,-1864.75977
-1034,20,-1896,-1034.24316,944.637817,-1896.96985
-923,-19,47,-923.042969,-18.4778976,46.000927
-796,-39,37,-796.361572,-26.8029747,36.0676575
-763,-40,8,-763.927368,67.5439911,8.37405682
-796,-80,37,-795.080627,227.289352,36.6066132
-802,-80,23,-801.084534,227.23381,22.5976067
-796,-80,37,-796.390625,51.0419197,36.0794525
-1240,-60,-2291,-1240.99902,84.5913086,-2291.04297
-1243,-60,-2200,-1243.99902,84.4341049,-2200.04297
-1040,-378,-3426,-1039.00867,-368.293732,-3426.13086
-1027,-378,-3318,-1026.00769,-368.294922,-3318.12329
-1026,-372,-3003,-1025.00574,-362.615875,-3003.10645
-1240,-391,-2891,-1240.04297,-390.025909,-2890.00098
-1040,-391,-2891,-1040.04297,-390.025909,-2890.00098
-1040,-391,-2891,-1040.04297,-390.025909,-2890.00098
-1240,-271,-2651,-1240.04297,-270.024719,-2650.00098
-1040,-271,-2651,-1040.04297,-270.024719,-2650.00098
-1040,-271,-2651,-1040.04297,-270.024719,-2650.00098
-1240,-140,-2400,-1240.04297,-139.023636,-2399.00098
-1040,-140,-2400,-1040.04297,-139.023636,-2399.00098
-1240,-140,-2400,-1240.04297,-139.023636,-2399.00098
-1240,-151,-2411,-1240.04297,-150.023727,-2410.00098
-1040,-151,-2411,-1040.04297,-150.023727,-2410.00098
-1040,-151,-2411,-1040.04297,-150.023727,-2410.00098
-1240,-260,-2640,-1240.04297,-259.024811,-2639.00098
-1040,-260,-2640,-1040.04297,-259.024811,-2639.00098
-1240,-260,-2640,-1240.04297,-259.024811,-2639.00098
-1240,-380,-2880,-1240.04297,-379.02597,-2879.00098
-1040,-380,-2880,-1040.04297,-379.02597,-2879.00098
-1240,-380,-2880,-1240.04297,-379.02597,-2879.00098
-2916,360,717,-2916.18555,369.257812,717.982605
-1857,360,915,-1857.18555,369.428192,915.982605
-1932,360,787,-1932.65857,373.747437,786.247498
-240,408,-575,-240.937485,410.752045,-574.651978
-216,346,-575,-216.845352,346.968628,-575.53418
-238,346,-540,-238.845352,346.968719,-540.53418
-254,408,-538,-254.846329,412.984009,-538.532654
-253,407,-611,-253.854446,411.848145,-610.480469
-216,346,-575,-216.388733,346.879913,-575.921326
-216,346,-575,-216.432022,346.876099,-574.098145
-753,527,-578,-752.166321,530.656616,-577.447754
-729,527,-614,-728.169434,530.655212,-613.443115
-774,465,-577,-773.210144,465.671692,-576.386719
-747,465,-612,-746.210144,465.671631,-611.386719
-729,527,-614,-728.210327,531.776306,-613.386475
-725,527,-541,-724.248657,531.81189,-541.659912
-747,465,-612,-746.365234,466.174957,-611.227356
-744,465,-543,-743.425781,466.098145,-543.818665
-1061,28,-1017,-1060.00574,28.5023785,-1016.89307
-1054,28,-1084,-1053.00574,28.5024471,-1083.89307
-1058,0,-1135,-1058.18591,5.68111134,-1134.01746
-1030,-12,-1132,-1030.46692,7.30823183,-1131.11572
-1010,0,-1107,-1010.63873,1.82793641,-1106.23059
-1004,3,-1070,-1004.98242,5.77319717,-1069.81335
-1019,6,-1006,-1019.97437,49.7744598,-1006.22461
-1027,21,-1074,-1027.96948,21.8095341,-1073.75488
-1027,21,-1074,-1027.84436,21.6446552,-1073.46423
-1054,28,-1084,-1053.0885,29.1807346,-1083.58875
-1040,13,-1117,-1040.5863,14.3699551,-1116.18994
-1054,28,-1084,-1053.68469,28.5560856,-1083.05103
-1040,13,-1117,-1040.40332,14.4314671,-1116.08496
-1061,28,-1017,-1061.94702,28.4884338,-1017.32111
-1368,87,-973,-1368.42456,104.998985,-973.905396
-1339,79,-1053,-1339.9696,80.5230103,-1052.75537
-1324,79,-993,-1324.96997,80.5222473,-992.756836
-1339,79,-1053,-1339.61353,80.3525696,-1052.21033
-1396,73,-1069,-1395.72949,74.1828079,-1068.03735
-1339,79,-1053,-1339.87708,85.8729401,-1052.51965
-1364,71,-1080,-1363.84668,72.4628677,-1079.01184
-1396,73,-1069,-1395.57446,74.3646088,-1068.09509
-1368,87,-973,-1367.0592,88.0987549,-973.338867
-1391,85,-1033,-1390.02344,87.0312119,-1033.21484
-1391,85,-1033,-1390.03003,85.9060364,-1032.75684
-1416,54,-1075,-1415.53516,57.1008759,-1074.11462
-1390,51,-1090,-1389.8125,54.460125,-1089.01782
-1297,50,-1251,-1296.63574,67.6710129,-1250.06873
-1297,50,-1251,-1296.11584,52.8114433,-1251.46716
-1297,50,-1251,-1296.11597,53.1051788,-1251.46741
-1253,40,-1159,-1253.04297,45.8214951,-1159.99902
-1195,35,-1179,-1195.55664,41.1401215,-1179.83069
-1218,44,-1285,-1218.98132,49.0901604,-1284.80774
-1218,44,-1285,-1218.98035,49.4983139,-1284.80273
-1274,71,-1240,-1273.63574,72.120903,-1239.06873
-1274,71,-1240,-1273.03003,72.0615768,-1240.24316
-1266,70,-1205,-1265.38477,71.0303726,-1205.78833
-1244,61,-1177,-1244.38867,62.165802,-1177.92126
-1266,70,-1205,-1265.11572,73.1167145,-1205.46692
-1244,61,-1177,-1244.24316,62.3953476,-1177.96997
-1211,57,-1187,-1211.53418,58.480732,-1187.84534
-1229,70,-1259,-1229.92957,71.3087921,-1258.63135
-1213,68,-1224,-1213.98132,71.7249298,-1223.80774
-1213,68,-1224,-1213.98523,69.3223572,-1224.17078
-1221,37,-1165,-1221.49512,41.0447502,-1165.86877
-1253,40,-1159,-1253.20544,43.209301,-1159.97864
-1229,70,-1259,-1228.65918,71.2835693,-1258.05994
-1645,75,-1110,-1644.64844,114.425949,-1109.06384
-1645,75,-1110,-1644.13562,78.4407654,-1110.50281
-1645,75,-1110,-1644.13171,78.2987747,-1110.49597
-1596,66,-1019,-1596.09766,71.5908279,-1019.99518
-1538,61,-1041,-1538.61816,66.4420013,-1041.78601
-1563,67,-1145,-1563.97839,71.0258331,-1144.79333
-1563,67,-1145,-1563.97046,71.972084,-1144.75879
-1619,98,-1099,-1618.62109,99.1469727,-1098.07458
-1619,98,-1099,-1618.05139,99.0779266,-1099.31641
-1609,97,-1064,-1608.42603,98.0707397,-1064.81885
-1587,87,-1037,-1587.40247,88.2053452,-1037.91541
-1609,97,-1064,-1608.13513,99.7949829,-1064.50195
-1587,87,-1037,-1587.29211,88.4401703,-1037.9563
-1554,83,-1048,-1554.55139,84.5087357,-1048.83423
-1574,97,-1119,-1574.91504,98.4593124,-1118.59668
-1557,94,-1085,-1557.97681,97.6930923,-1084.78589
-1557,94,-1085,-1557.99011,95.2765732,-1085.13965
-1564,63,-1026,-1564.52637,66.0531082,-1026.85022
-1596,66,-1019,-1596.24365,68.9953308,-1019.96985
-1574,97,-1119,-1573.65942,98.4090271,-1118.05981
755,-111,-923,755.376953,-109.948914,-922.073792
908,-111,-987,908.389221,-109.945854,-986.078857
-1516,314,-787,-1515.16931,317.812042,-786.443298
-1524,310,-363,-1523.08008,313.615631,-363.39209
-1368,312,-205,-1367.49292,315.762878,-205.861893
-1157,312,-146,-1157.21289,315.862366,-146.977066
-793,312,-360,-793.816711,315.736542,-360.577026
-727,313,-581,-727.979492,317.438538,-580.798523
-945,314,-940,-945.64502,317.924988,-939.23584
-1367,314,-941,-1366.63086,317.91275,-940.070679
561,198,-468,560.024597,201.343216,-468.220337
585,198,-572,584.025146,201.345764,-572.222839
522,198,-778,521.166077,201.317947,-777.44812
464,198,-866,463.163452,201.324036,-865.452148
169,198,-988,168.817886,201.434647,-987.016724
270,198,-969,269.817749,201.435089,-968.016785
-44,198,-929,-43.3749428,201.37529,-928.219421
-125,198,-865,-124.380089,201.377853,-864.215332
-258,198,-576,-257.021881,201.376831,-575.791992
-236,198,-682,-235.022018,201.372299,-681.791321
-191,198,-371,-190.180511,201.383423,-371.57309
-133,198,-288,-132.180511,201.381348,-288.57309
161,198,-151,161.234711,201.381744,-151.972061
57,198,-176,57.2267799,201.383408,-176.973938
370,198,-216,369.435089,201.422379,-216.82515
456,198,-275,455.436005,201.425949,-275.825775
388,345,-340,387.182617,346.563934,-340.57608
436,345,-409,435.182739,346.562592,-409.576263
456,198,-275,455.182739,201.379486,-275.576263
518,198,-364,517.181885,201.381409,-364.575043
559,40,-340,558.181885,249.259903,-340.575012
490,40,-242,489.182587,249.10704,-242.576019
436,345,-409,435.076874,346.572266,-409.384491
470,345,-489,469.07666,346.569733,-489.383972
518,198,-364,517.073364,201.347931,-364.375946
561,198,-468,560.072876,201.345261,-468.374725
322,345,-294,321.616394,346.632019,-294.923492
243,345,-262,242.61734,346.63327,-262.923889
370,198,-216,369.616425,201.314056,-216.923508
268,198,-175,267.61676,201.317444,-175.923645
160,345,-244,159.78154,346.626923,-244.975845
243,345,-262,242.781891,346.626984,-262.975922
161,198,-151,160.782227,201.309662,-151.975998
268,198,-175,267.780731,201.311005,-175.975662
0,345,-297,0.385804921,346.66098,-297.922577
79,345,-263,79.3931732,346.66156,-263.919464
-45,198,-219,-44.6058655,201.426819,-219.919052
57,198,-176,57.3922348,201.429657,-176.919861
0,345,-297,0.613998711,346.675751,-297.789307
-69,345,-350,-68.3884811,346.676727,-350.791229
-45,198,-219,-44.3878899,201.377136,-219.790771
-133,198,-288,-132.378967,201.378693,-288.783783
-113,345,-414,-112.073631,346.653625,-414.376617
-145,345,-494,-144.074051,346.653625,-494.377625
-191,198,-371,-190.074081,201.453949,-371.377716
-233,198,-474,-232.074066,201.456909,-474.377686
-172,345,-573,-171.049225,346.64447,-573.309875
-145,345,-494,-144.05899,346.644409,-494.338348
-258,198,-576,-257.027924,201.414566,-576.234619
-233,198,-474,-232.0289,201.415131,-474.238647
-316,-32,-577,-315.060944,5.2749815,-577.34375
-116,345,-734,-115.078629,346.585175,-733.611328
-148,345,-656,-147.076996,346.586395,-655.615234
-194,198,-783,-193.079041,201.373276,-782.610352
-236,198,-682,-235.079041,201.378021,-681.610352
-116,345,-734,-115.242081,346.620514,-733.347656
-62,345,-797,-61.2420769,346.621033,-796.347656
-194,198,-783,-193.229721,201.390732,-782.362305
-125,198,-865,-124.232147,201.392227,-864.359375
1,345,-847,1.37700832,346.569366,-846.073792
79,345,-879,79.3674698,346.568451,-878.070007
-44,198,-929,-43.6189651,201.351883,-928.075439
57,198,-971,57.381176,201.345001,-970.0755
166,345,-892,166.145767,346.559875,-891.010681
79,345,-879,79.1393585,346.557953,-878.009766
169,198,-988,169.145325,201.383774,-987.01062
57,198,-971,57.1513672,201.384201,-970.011536
325,345,-844,324.609344,346.580048,-843.079468
244,345,-878,243.616333,346.578918,-877.076538
374,198,-925,373.60965,201.400757,-924.079346
270,198,-969,269.610199,201.404648,-968.079102
325,345,-844,324.453186,346.535767,-843.162781
395,345,-798,394.456329,346.534851,-797.160706
374,198,-925,373.45343,201.287201,-924.162598
464,198,-866,463.453186,201.291443,-865.162781
439,345,-730,438.069153,346.535278,-729.634644
471,345,-653,470.081146,346.534485,-652.605408
522,198,-778,521.069885,201.346542,-777.632751
563,198,-678,562.073792,201.347397,-677.623047
488,345,-570,487.018036,346.548187,-569.810974
471,345,-653,470.018066,346.545715,-652.810791
585,198,-572,584.020264,201.305573,-571.799744
563,198,-678,562.020264,201.303452,-677.799744
164,777,-575,164.928192,778.370117,-575.37207
164,777,-575,164.389771,778.349426,-575.920898
164,777,-575,163.779572,778.339233,-575.975403
164,777,-575,163.422974,778.344666,-575.816711
164,777,-575,163.081131,778.362549,-575.394531
164,777,-575,163.610199,778.374817,-574.079102
164,777,-575,164.381882,778.368835,-574.075806
164,777,-575,164.755173,778.367432,-574.344482
-1157,314,-1000,-1157.18555,317.955902,-999.017395
-945,314,-940,-945.349731,317.890289,-939.063171
-1157,457,-905,-1156.84668,458.477051,-904.011841
-1157,314,-1000,-1156.84668,317.748901,-999.011841
-1367,314,-941,-1366.4259,317.844086,-940.181213
-1320,457,-859,-1319.42578,458.494659,-858.181335
-1596,314,-576,-1595.04968,317.84845,-575.688721
-1516,314,-787,-1515.08472,317.800842,-786.597229
-1596,314,-576,-1595.03003,317.782349,-576.243164
-1560,160,-343,-1559.14209,205.424713,-343.513611
-1498,160,-235,-1497.13611,205.435989,-235.503662
-1524,310,-363,-1523.14197,313.748779,-363.51358
-1442,457,-409,-1441.13037,458.611755,-409.493683
-1368,312,-205,-1367.59668,315.791382,-205.915054
-1321,457,-287,-1320.59021,458.511841,-287.91217
-1157,312,-146,-1156.88086,315.742523,-146.992874
-1157,457,-241,-1156.88086,458.528229,-241.992874
-947,312,-212,-947.548584,315.752319,-212.83609
-994,457,-292,-994.548218,458.557098,-292.836334
-994,457,-292,-994.394592,458.576904,-292.918854
-947,312,-212,-947.394531,315.864838,-212.918823
-793,312,-360,-793.916626,315.832306,-360.399689
-873,457,-408,-873.911743,458.552979,-408.410706
-727,313,-581,-727.993103,317.236938,-581.11676
-813,457,-578,-813.988464,458.710846,-578.151428
-799,314,-785,-799.914917,317.923096,-784.596375
-799,314,-785,-799.809021,317.975677,-784.412231
-878,457,-738,-878.911133,458.568848,-737.587891
-878,457,-738,-878.813904,458.570557,-737.419006
-1158,881,-576,-1158.91455,882.331482,-576.404175
-1158,881,-576,-1157.4259,882.311218,-575.181213
-1436,457,-739,-1435.08472,458.57605,-738.597229
-1497,457,-575,-1496.0498,458.499329,-574.688354
-1497,457,-575,-1496.04492,458.50061,-575.296204
-1442,457,-409,-1441.07581,458.595001,-409.381836
-992,457,-858,-992.349731,458.511566,-857.063171
-992,457,-858,-992.638733,458.531891,-857.230591
-1157,457,-905,-1157.18555,458.495148,-904.017395
-383,100,-468,-383.87265,100.53302,-467.511658
-568,100,-794,-568.871582,100.532677,-793.509766
-1261,51,127,-1260.60767,326.890015,126.080177
-1172,76,164,-1171.61035,655.664185,163.079041
-1536,5,-196,-1535.36523,258.617096,-195.22731
-1664,57,-61,-1663.50098,64.8050232,-61.8665314
-1578,128,-4,-1577.61914,170.129486,-4.92459822
-1020,160,113,-1020.36719,684.866211,112.069855
-1020,160,113,-1020.39062,237.543579,112.079453
-885,160,57,-885.390625,237.529388,56.0794525
-1020,160,113,-1020.35364,565.748169,112.064621
-885,160,57,-885.390747,252.137558,56.0795021
-754,160,3,-754.395508,351.86499,2.08153749
-631,160,-50,-631.402344,352.202271,-50.9154663
-1158,881,-576,-1158.93616,882.336548,-575.648438
-1158,881,-576,-1158.849,882.299988,-575.47168
-1158,881,-576,-1158.58752,882.279419,-575.190796
-1158,881,-576,-1158.19043,882.3125,-575.018311
-1158,881,-576,-1158.96948,882.280396,-576.244995
-1158,881,-576,-1158.55371,882.289368,-576.832703
-1158,881,-576,-1158.81885,882.260437,-576.573914
-1158,881,-576,-1158.20557,882.296936,-576.978638
-1158,881,-576,-1158.38867,882.317078,-576.921326
-1158,881,-576,-1157.89197,882.281189,-576.994141
-1158,881,-576,-1157.49646,882.261963,-576.863953
-1158,881,-576,-1157.58704,882.305725,-576.910706
-1158,881,-576,-1157.07886,882.298767,-576.389221
-1158,881,-576,-1157.13513,882.290527,-576.501953
-1158,881,-576,-1157.04858,882.321472,-575.692139
-1158,881,-576,-1157.03003,882.285278,-576.243164
-1158,881,-576,-1157.16541,882.324219,-575.449158
-1158,881,-576,-1157.08459,882.315979,-575.597473
-1158,881,-576,-1157.84668,882.339539,-575.011841
-1158,881,-576,-1157.62109,882.348816,-575.074585
-1368,312,-205,-1367.48047,315.786133,-205.854446
-1468,312,-265,-1467.49219,315.792999,-265.86142
-1468,312,-265,-1467.13318,315.716339,-265.498474
-1524,310,-363,-1523.07288,313.608978,-363.374725
-1596,314,-576,-1595.04077,317.50351,-576.282288
-1562,314,-682,-1561.05042,317.991272,-681.686523
-1596,314,-576,-1595.04956,317.991272,-575.689148
-1516,314,-787,-1515.08887,317.914124,-786.587891
-1562,314,-682,-1561.08154,317.915619,-681.604492
-1516,314,-787,-1515.16931,317.8992,-786.443298
-1456,314,-879,-1455.1676,317.898712,-878.445862
-1367,314,-941,-1366.42578,317.859802,-940.181335
-1456,314,-879,-1455.42627,317.859802,-878.180969
-1367,314,-941,-1366.63086,317.834412,-940.070679
-1265,314,-983,-1264.63086,317.835876,-982.070679
-1157,314,-1000,-1156.84668,317.803955,-999.011841
-1265,314,-983,-1264.84668,317.801025,-982.011841
-1052,314,-980,-1052.18555,317.705017,-979.017395
-1157,314,-1000,-1157.19043,317.697784,-999.018311
-945,314,-940,-945.349609,317.893494,-939.06311
-1052,314,-980,-1052.34961,317.897858,-979.06311
-945,314,-940,-945.632812,318.139404,-939.225708
-861,314,-871,-861.632935,318.131531,-870.22583
-799,314,-785,-799.80896,318.156219,-784.41217
-861,314,-871,-861.809021,318.161377,-870.412231
-752,314,-680,-752.910767,318.039795,-679.587097
-799,314,-785,-799.914612,318.043671,-784.595703
-752,314,-680,-752.970642,317.882416,-679.759521
-727,313,-581,-727.98822,316.775635,-581.153015
-793,312,-360,-793.911682,315.804413,-360.410797
-744,312,-468,-744.911682,315.807312,-468.410858
-793,312,-360,-793.816711,315.733459,-360.576965
-857,312,-271,-857.816711,315.732758,-271.576996
-857,312,-271,-857.547852,315.810394,-271.836517
-947,312,-212,-947.548218,315.811127,-212.836319
-947,312,-212,-947.394531,315.735321,-212.918869
-1050,312,-169,-1050.39465,315.732452,-169.918808
-1050,312,-169,-1050.21313,315.798218,-169.97702
-1157,312,-146,-1157.21289,315.80426,-146.977051
-1268,312,-160,-1267.88086,315.755402,-160.992874
-1157,312,-146,-1156.88086,315.752472,-146.992874
-1368,312,-205,-1367.59021,315.815613,-205.912155
-1268,312,-160,-1267.58984,315.809692,-160.912003
-1321,457,-287,-1320.49219,458.512634,-287.86145
-1398,457,-333,-1397.49353,458.510742,-333.862244
-1442,457,-409,-1441.13086,458.542206,-409.494537
-1398,457,-333,-1397.13916,458.540741,-333.50882
-1442,457,-409,-1441.07874,458.62381,-409.388916
-1476,457,-490,-1475.07874,458.62265,-490.388855
-1497,457,-575,-1496.03003,458.638275,-575.243164
-1476,457,-490,-1475.03101,458.635986,-490.247009
-1497,457,-575,-1496.05042,458.530273,-574.686523
-1471,457,-657,-1470.05237,458.528717,-656.680664
-1436,457,-739,-1435.08484,458.493805,-738.596924
-1471,457,-657,-1470.08484,458.494232,-656.596924
-1436,457,-739,-1435.16931,458.515015,-738.443298
-1389,457,-811,-1388.16931,458.515686,-810.443298
-1320,457,-859,-1319.42578,458.541504,-858.181335
-1389,457,-811,-1388.42578,458.541504,-810.181335
-1320,457,-859,-1319.63574,458.569489,-858.068726
-1241,457,-891,-1240.62598,458.567932,-890.072632
-1157,457,-905,-1156.84119,458.556213,-904.012695
-1241,457,-891,-1240.84668,458.55777,-890.011841
-1157,457,-905,-1157.19543,458.521942,-904.019287
-1075,457,-889,-1075.2052,458.523499,-888.021301
-992,457,-858,-992.349731,458.559448,-857.063171
-1075,457,-889,-1075.3501,458.560455,-888.063293
-992,457,-858,-992.586426,458.645966,-857.190002
-922,457,-808,-922.579102,458.645966,-807.184753
-878,457,-738,-878.84436,458.652679,-737.464233
-922,457,-808,-922.844788,458.650055,-807.464905
-842,457,-656,-842.914734,458.564056,-655.595947
-878,457,-738,-878.914673,458.562683,-737.595825
-813,457,-578,-813.940186,458.547424,-577.659363
-842,457,-656,-842.936279,458.548157,-655.648804
-836,457,-491,-836.967468,458.52655,-491.252655
-813,457,-578,-813.9646,458.525665,-578.26355
-873,457,-408,-873.911804,458.570007,-408.410614
-836,457,-491,-836.912231,458.568451,-491.409668
-873,457,-408,-873.81665,458.581238,-408.577026
-923,457,-338,-923.816711,458.582367,-338.576935
-994,457,-292,-994.547852,458.587891,-292.836517
-923,457,-338,-923.547974,458.586975,-338.836487
-1073,457,-259,-1073.39453,458.545197,-259.918854
-994,457,-292,-994.394531,458.546814,-292.918854
-1157,457,-241,-1157.21289,458.537354,-241.977066
-1073,457,-259,-1073.21313,458.538696,-259.97702
-1243,457,-251,-1242.89014,458.539124,-251.993942
-1157,457,-241,-1156.88123,458.539581,-241.99292
-1321,457,-287,-1320.57239,458.519806,-287.903961
-1243,457,-251,-1242.58105,458.521545,-251.908005
-349,73,-522,-349.854706,73.5899353,-521.480896
164,777,-575,163.02298,778.341492,-575.213135
164,777,-575,163.018005,778.358887,-574.811096
164,777,-575,163.079041,778.395569,-574.610352
164,777,-575,163.453232,778.391846,-574.16272
164,777,-575,164.146133,778.366455,-574.010742
164,777,-575,164.920731,778.367126,-574.609802
164,777,-575,164.946609,778.375366,-575.322266
164,777,-575,164.812271,778.365784,-575.583252
-1834,-161,-676,-1833.06494,-157.526047,-675.645508
-1840,50,-1058,-1839.72266,165.199112,-1057.03931
-1977,59,-1017,-1976.71594,175.393967,-1016.0412
-2021,62,-1004,-2020.73633,169.196121,-1003.0354
160,345,-244,159.781403,346.619537,-244.975815
322,345,-294,321.61734,346.638519,-294.923889
322,345,-294,321.435333,346.614075,-294.825317
436,345,-409,435.182587,346.581879,-409.57605
436,345,-409,435.076294,346.569214,-409.383087
488,345,-570,487.023163,346.568451,-570.213928
488,345,-570,487.018982,346.531982,-569.806091
439,345,-730,438.069092,346.527252,-729.634766
439,345,-730,438.164307,346.53363,-729.450806
325,345,-844,324.453247,346.547821,-843.16272
325,345,-844,324.609344,346.585297,-843.079468
166,345,-892,165.798233,346.563904,-891.020569
166,345,-892,166.14505,346.555176,-891.01062
1,345,-847,1.37727404,346.558655,-846.073914
1,345,-847,1.61202741,346.585327,-846.209167
-116,345,-734,-115.232353,346.619965,-733.359131
-116,345,-734,-115.078651,346.623596,-733.611267
-172,345,-573,-171.021881,346.735107,-572.791992
-172,345,-573,-171.027863,346.771423,-573.234375
-113,345,-414,-112.073631,346.674133,-414.376617
-113,345,-414,-112.183281,346.646179,-414.577026
0,345,-297,0.615798593,346.650421,-297.787903
0,345,-297,0.386101097,346.644989,-297.922455
160,345,-244,160.234818,346.630524,-244.972031
-45,198,-219,-44.3887787,201.459656,-219.791458
-45,198,-219,-44.6058998,201.455353,-219.919067
161,198,-151,161.234848,201.396362,-151.972031
161,198,-151,160.781403,201.344193,-151.975815
370,198,-216,369.616425,201.361053,-216.923508
370,198,-216,369.422119,201.315765,-216.816116
518,198,-364,517.183105,201.322556,-364.576782
518,198,-364,517.073608,201.366745,-364.376556
585,198,-572,584.021484,201.379868,-572.206055
585,198,-572,584.017395,201.347794,-571.814331
522,198,-778,521.073792,201.318649,-777.623047
522,198,-778,521.165405,201.393097,-777.449158
374,198,-925,373.453705,201.28743,-924.162415
374,198,-925,373.609344,201.399231,-924.079468
169,198,-988,168.817749,201.370529,-987.016785
169,198,-988,169.14505,201.403854,-987.01062
-44,198,-929,-43.6195602,201.389938,-928.075195
-44,198,-929,-43.3948936,201.428635,-928.203857
-194,198,-783,-193.238739,201.356552,-782.351562
-194,198,-783,-193.072983,201.346771,-782.625
-258,198,-576,-257.011841,201.862366,-575.846619
-258,198,-576,-257.011871,202.124405,-576.153625
-191,198,-371,-190.074142,201.464462,-371.377869
-191,198,-371,-190.171494,201.444321,-371.559967
-1638,80,-576,-1637.90076,283.206543,-576.995056
-1691,80,-581,-1690.91113,283.041992,-581.996033
-1821,-161,-562,-1820.57104,-143.598495,-562.90332
-1695,2,-581,-1695.04297,32.1009293,-581.999023
-1828,-9,-565,-1828.20557,24.5979748,-565.978638
-1828,-9,-565,-1827.73633,141.733795,-565.9646
-1834,-161,-676,-1833.09619,-157.512161,-675.572083
-1875,-161,-591,-1874.09521,-157.507751,-590.574158
-1881,2,-582,-1880.70605,24.8738632,-582.955811
-1761,-33,-917,-1760.08154,69.5258255,-916.604492
-1805,-30,-787,-1804.04956,177.238495,-786.689148
-1805,-30,-787,-1804.05347,19.1058006,-786.677429
-1685,4,-1104,-1684.05347,30.8462353,-1103.67749
-1690,-29,-1093,-1689.07922,-9.75997639,-1092.60999
-1288,11,-1263,-1287.60938,35.5636673,-1262.07947
-1414,-160,-1194,-1413.64844,-157.905487,-1193.06384
-1546,-68,-1144,-1545.73633,-56.0537605,-1143.0354
-1546,-68,-1144,-1545.53125,-56.3049812,-1143.1167
-1286,-72,-1259,-1285.67603,-51.8782425,-1258.05396
-1548,70,-1144,-1548.41113,427.371582,-1144.9115
-1416,60,-1202,-1416.34961,231.269531,-1202.93689
-1685,4,-1104,-1684.73633,52.7960091,-1103.0354
-1158,-89,-1316,-1158.40247,-75.1415253,-1315.08459
-1158,-89,-1316,-1157.59668,-75.1388626,-1315.08496
-1417,-27,-1203,-1416.67578,-22.2064857,-1202.05408
-396,-22,-678,-395.21167,12.5663519,-678.615234
-316,40,-577,-315.14444,43.9283791,-577.5177
-515,40,-904,-514.149902,43.9351654,-904.526611
-502,-64,-906,-501.144409,-56.167202,-906.517639
-502,-64,-906,-501.187561,-53.8375092,-905.416992
-365,12,-1103,-364.243988,44.205822,-1102.34546
-230,-80,-1148,-229.628586,-75.3761902,-1147.07153
-97,-80,-1201,-96.6307526,-75.3738861,-1200.07068
164,10,-1304,164.322327,19.936779,-1303.05347
32,10,-1260,32.3193474,19.9500237,-1259.05237
164,-143,-1302,164.38266,-112.422981,-1301.07617
32,10,-1260,32.4604225,20.2505474,-1259.1123
295,-90,-1254,294.846954,-81.7167892,-1253.01184
437,-103,-1233,436.423065,-97.7023773,-1232.18323
550,-112,-1156,549.461548,-106.837189,-1155.15735
-434,80,-999,-434.795959,241.48056,-999.605347
-359,80,-1096,-359.786896,241.577164,-1096.61707
-486,80,-924,-486.820129,689.349304,-924.572144
-434,80,-999,-434.826111,689.201172,-999.563416
300,30,-1272,299.776093,64.4654541,-1271.02539
300,30,-1272,299.644226,65.4936905,-1271.06543
-367,-80,-1105,-366.706024,-75.3951797,-1104.04419
-230,-80,-1148,-229.706024,-75.3917084,-1147.04419
30,-80,-1269,30.1586876,-74.2228622,-1268.0127
163,-86,-1292,162.719055,-80.1362457,-1291.04028
295,-90,-1254,294.694,-81.6131134,-1253.04797
837,-111,-727,836.621948,-109.948936,-727.925781
1007,-156,-750,1006.07385,-94.1544266,-749.622864
969,-78,-842,968.071838,108.792137,-841.627869
908,-111,-987,907.071838,-34.8036423,-986.627869
892,-156,-1027,891.071838,-114.51712,-1026.62793
908,-111,-987,908.378357,-109.936668,-986.074341
892,-156,-1027,892.38916,-154.462952,-1026.07886
837,-111,-727,836.621216,-109.958031,-727.925476
991,-111,-790,990.621094,-109.958336,-790.925415
861,-156,-690,860.621216,-154.494308,-690.925476
1007,-156,-750,1006.62109,-154.491409,-750.925415
678,1,-1091,677.122559,28.0997105,-1090.52039
743,-10,-972,742.16925,104.83596,-971.443359
743,-10,-972,742.078674,46.1728058,-971.611267
669,-117,-1082,668.06311,-114.443565,-1081.65039
737,-167,-184,736.147827,-164.631592,-184.523254
677,-80,-62,676.131409,-71.1527939,-62.4955063
677,-80,-62,676.501038,-71.1311951,-62.8666229
865,-88,-439,864.130249,-83.098938,-439.493439
797,-96,-314,796.063049,-91.1592941,-314.349426
737,-167,-184,736.072815,-164.104965,-184.374603
855,-64,-708,854.017395,-53.6256752,-707.814331
855,-64,-708,854.021301,-49.316143,-707.794739
559,-127,12,558.518555,-118.409927,11.1235247
300,-146,131,299.852692,-142.042053,130.01091
165,-154,153,165.273666,-150.194717,152.038177
-747,-78,547,-747.998962,-76.9986496,546.955078
-747,-78,547,-746.586975,213.034042,547.910706
-861,41,599,-861.999023,42.0219765,598.955872
-869,41,828,-869.999023,42.0227623,827.955872
-1095,160,590,-1095.42419,290.094727,590.905518
-1217,160,531,-1217.42383,289.887573,531.905701
-1217,160,531,-1217.4668,300.870117,531.884277
-1336,160,468,-1336.47168,301.025299,468.881714
-1778,260,618,-1778.81873,267.886932,617.425842
-1643,185,806,-1642.1897,188.926727,806.585999
-1932,360,787,-1931.8125,381.471222,786.017761
-1932,360,787,-1932.61328,380.526855,786.210144
-1119,361,803,-1119.29614,900.905823,803.955139
-1253,360,767,-1253.57275,385.924744,767.819702
-1875,264,451,-1875.23438,290.650726,451.972137
300,-146,131,299.831879,-137.096695,130.014236
-1778,260,618,-1778.84912,267.853668,617.471863
-1778,260,618,-1778.73376,281.611725,617.320618
-1716,260,551,-1716.73352,281.60379,550.320374
-873,266,843,-872.659851,273.7901,843.940369
-649,282,761,-648.509888,285.888062,761.871643
-763,163,790,-762.587891,174.966705,790.911133
-1573,263,717,-1572.15479,269.701477,717.534424
-1252,260,763,-1252.52637,276.941681,763.85022
-873,266,843,-872.609924,274.078186,843.920776
-1643,185,806,-1642.30139,188.882126,806.715454
-218,380,715,-218.086655,382.296967,715.996216
-96,161,659,-95.9227219,165.271591,659.997009
-637,-72,720,-637.061462,-19.8617954,720.998108
-508,279,726,-508.042267,2332.05371,726.999084
-502,111,726,-501.852997,117.974861,726.989136
-240,589,852,-239.913101,590.532654,852.996216
-218,380,715,-217.867264,382.266357,715.99115
-362,406,734,-361.747253,408.852448,734.967529
-240,589,852,-239.956665,590.553528,852.999023
-384,602,889,-384.493469,603.365234,889.869751
-668,531,744,-668.11554,541.113281,744.993286
-508,758,905,-508.764679,759.464172,905.644409
-584,882,1043,-584.88324,882.914062,1043.46875
-584,882,1043,-584.115234,882.846069,1043.99329
-248,728,932,-247.66478,729.438049,932.942139
-488,906,1167,-488.684509,907.003113,1167.729
-334,912,1187,-334.074493,912.632141,1187.99707
-488,906,1167,-487.656555,907.324097,1167.93909
-248,728,932,-247.80394,729.781616,932.980591
4,776,1115,3.95581698,776.75354,1115.99902
178,774,1113,177.747253,775.269104,1113.96753
142,156,801,141.399017,163.56868,801.799255
-188,922,1239,-188.304108,922.518127,1239.95264
-6,906,1263,-6.16906023,906.918579,1263.9856
190,876,1260,189.90033,876.72937,1260.995
400,797,1164,399.901306,797.77948,1164.99512
17,703,1015,16.7449169,704.292908,1015.96692
-102,725,956,-102.540253,726.646362,956.841492
-248,728,932,-248.180283,729.487915,932.983582
-134,827,1074,-134.180695,827.853271,1074.98352
-287,831,1062,-287.106964,831.77887,1062.99426
-488,906,1167,-487.937561,906.817261,1167.99805
190,876,1260,189.955826,876.699158,1260.99902
32,596,935,31.7435913,597.027527,935.966553
32,596,935,31.414835,597.216858,935.810913
538,603,798,538.830566,604.92511,798.556885
490,536,644,490.990875,537.719116,644.134766
142,156,801,141.788544,161.278641,801.977356
306,558,971,305.649414,560.120483,971.936523
306,558,971,306.480011,559.806396,971.877258
629,708,867,629.658447,708.946228,867.752625
-82,411,723,-82.3496857,414.587097,723.936829
48,431,776,47.3988495,435.43576,776.799133
277,368,865,276.779572,371.321808,865.975403
368,372,787,368.653717,375.397614,787.756714
368,372,787,368.389801,374.799316,787.920898
413,400,617,413.880707,416.511505,616.526367
429,402,508,429.989868,410.739563,508.141846
387,152,602,387.998993,160.154297,601.956055
538,603,798,538.989258,605.630005,797.853821
614,635,640,614.974426,635.816284,640.224487
445,556,892,445.920105,561.449341,892.391602
-228,263,664,-227.95723,310.16394,664.999084
44,285,732,43.6203041,328.522064,732.92511
44,285,732,43.4148369,356.167389,732.810913
150,282,809,149.812714,301.804871,809.9823
269,263,831,269.707214,281.952148,831.70697
347,259,753,347.4953,274.665375,753.868713
397,248,607,397.922241,255.533859,606.613403
389,257,497,389.996979,266.396667,496.922485
480,675,954,480.4935,676.710266,954.86969
400,797,1164,400.292206,797.69751,1164.9563
330,711,1048,329.955841,712.991577,1048.99902
400,797,1164,400.239258,797.661072,1164.97095
178,774,1113,178.076294,775.156128,1113.99707
-747,-78,547,-747.999512,-76.9542542,547.030518
-861,41,599,-861.999023,42.0531197,598.955872
-975,160,651,-975.999023,161.053482,650.955872
-95,-33,663,-95.0425262,-27.9314308,663.999084
-95,-33,663,-94.7437668,-28.2502136,663.966614
381,-36,501,381.37265,-28.5578461,501.927948
-668,531,744,-667.678833,645.360901,744.947021
429,402,508,429.744324,405.934509,508.667694
812,393,223,812.428162,396.364868,223.903702
614,635,640,614.732544,635.573608,640.680603
684,550,342,684.442383,555.37439,342.89682
844,667,572,843.676331,667.714233,572.946167
877,496,328,877.302856,496.85733,328.953033
987,607,493,987.389648,607.510681,493.920868
675,357,306,675.408203,370.101166,306.912872
533,115,395,533.547852,123.820587,395.836548
675,357,306,675.702637,368.390442,306.711548
534,390,386,534.46582,395.910461,386.884796
812,393,223,812.580139,396.189209,223.814514
684,550,342,684.702209,552.101135,342.711945
629,708,867,629.964661,708.999146,867.263489
684,550,342,683.81543,551.123657,342.982819
500,542,522,500.998047,543.952881,522.062439
614,635,640,614.999084,635.80127,640.041016
500,542,522,500.735077,544.296021,522.677979
780,250,191,780.624023,346.712952,191.781387
780,250,191,780.517578,390.513947,191.855606
-508,758,905,-508.388702,759.718201,905.921326
-628,691,812,-628.116455,693.58197,812.993164
-2322,270,-245,-2322.99219,278.067566,-244.875259
-2146,220,-986,-2146.32227,227.258133,-986.946533
-1954,208,-1126,-1954.83142,221.085052,-1126.55554
-2021,208,-1027,-2021.83337,221.085052,-1027.55261
-1883,186,446,-1883.2832,187.291367,446.959045
-2029,187,354,-2029.53223,188.349792,354.846588
-2305,169,-114,-2305.88037,171.472839,-113.52581
-2308,150,-253,-2308.88721,151.445892,-252.538635
-2365,141,-379,-2365.98926,142.416382,-378.853821
-2144,105,-956,-2144.42773,110.298515,-956.903809
-2147,347,-989,-2147.4668,388.508575,-989.884338
-1969,286,-1139,-1969.79126,288.723633,-1139.61133
-1925,211,-1260,-1925.97644,242.181915,-1260.21533
-2147,347,-989,-2147.64453,389.616547,-989.764465
-2049,284,-1037,-2049.33887,288.161896,-1037.94067
-1671,79,299,-1671.44922,700.978638,299.893402
-1754,90,257,-1754.44434,1017.79749,257.895844
-1740,55,-1447,-1740.8092,62.5827484,-1447.58752
-1660,44,-1553,-1660.44336,64.3572388,-1553.89612
-1539,38,-1612,-1539.75098,59.4543457,-1612.66003
-1443,290,-1708,-1443.67969,296.560486,-1708.7334
-1925,211,-1260,-1925.78821,250.215118,-1260.61523
-1841,207,-1365,-1841.55078,213.172546,-1365.83459
-1547,175,-1632,-1547.48022,181.454971,-1632.87708
-1826,-72,-1347,-1826.65845,189.978455,-1347.75256
-1728,-75,-1434,-1728.849,323.609161,-1434.52832
-1657,-78,-1548,-1657.46716,-74.6939392,-1548.88416
-1534,-81,-1609,-1534.66724,-53.4696693,-1609.74475
-1335,-87,-1814,-1335.55664,-84.4292068,-1814.83069
1361,470,337,1360.38806,471.70871,337.790894
1387,340,261,1386.41553,343.653656,261.811401
1836,291,565,1835.41223,296.212799,565.809021
1065,172,93,1064.75977,259.744751,93.9707108
1083,357,155,1082.71619,360.306458,155.958878
1177,533,256,1176.6095,535.479309,256.920593
1198,351,186,1197.6084,354.694366,186.92012
1412,155,218,1411.62305,160.211945,218.926193
1223,-25,129,1222.70667,653.592285,129.956009
1234,-912,131,1233.69714,1466.34814,131.953033
941,370,153,940.956177,373.03949,153.999039
1025,488,226,1024.9375,489.739441,226.998032
987,607,493,987.49707,607.54657,493.867676
844,667,572,843.955872,667.687622,572.999023
877,496,328,877.532227,497.10022,328.846588
1079,-33,94,1079.04492,-16.1654911,94.9989777
918,235,109,918.063477,243.933426,109.997978
1065,172,93,1064.7417,205.545639,93.9660645
1198,351,186,1197.62793,355.014648,186.928192
1198,351,186,1197.69238,354.960358,186.951508
1177,533,256,1176.41504,534.682068,256.811035
1223,-25,129,1222.76367,1319.12646,129.971649
1079,-863,94,1078.75989,2152.75244,94.9707336
-1128,466,-1907,-1128.21387,473.420105,-1907.97681
-236,394,-2188,-235.83522,394.945007,-2188.98633
-1335,157,-1800,-1335.48828,163.071609,-1800.87268
-1032,-90,-1920,-1031.87537,356.67334,-1920.99219
-928,27,-1937,-927.955872,33.7072945,-1937.99902
-733,20,-1897,-732.53125,26.1709805,-1897.8833
-795,20,-1930,-794.533325,26.172514,-1930.8844
-597,11,-1899,-597.282288,15.7534285,-1899.95923
-229,25,-1882,-229.061615,30.4508152,-1882.99805
-1236,-61,-1867,-1236.41125,-58.4398804,-1867.9115
-802,-88,-1914,-802.042969,-80.9483185,-1914.99902
-524,-89,-1898,-524.042969,-71.9176407,-1898.99902
-524,-89,-1898,-523.724121,-71.9593658,-1898.96118
-213,-90,-1852,-212.972946,-86.475235,-1852.99963
-366,-90,-1853,-365.958679,-86.4770126,-1853.99915
-394,164,-1907,-394.292389,167.677307,-1907.9563
-532,141,-1958,-532.313477,144.369492,-1958.94958
-662,155,-1929,-662.185913,158.889252,-1929.98254
-662,155,-1929,-661.959961,159.112198,-1929.99915
43,-118,-1997,42.214241,-106.125458,-1997.61853
24,-18,-2025,23.2430248,-6.24953794,-2025.65344
392,174,-2466,391.367645,186.383972,-2466.77466
-907,453,-1952,-907.076416,456.258972,-1952.99707
-1127,280,-1882,-1127.30774,286.495758,-1882.95142
-593,438,-2105,-593.904724,452.92038,-2105.42578
-776,444,-1931,-776.349609,448.671326,-1931.93689
-907,453,-1952,-906.867188,457.963501,-1952.99109
-907,453,-1952,-907.042969,456.216827,-1952.99902
-410,372,-2194,-410.210449,373.164795,-2194.97754
-593,438,-2105,-593.534424,440.652191,-2105.84521
-236,394,-2188,-235.243988,394.742279,-2188.65454
-372,16,-1872,-371.678833,20.4763851,-1872.94702
-394,164,-1907,-393.628357,170.063232,-1907.92834
-434,191,-2007,-433.373657,191.511093,-2007.77954
-410,372,-2194,-409.955841,372.928345,-2194.99902
-673,197,-1966,-672.939514,198.161102,-1966.99817
-673,197,-1966,-673.415588,198.105072,-1966.90955
-577,292,-2052,-577.205688,293.462128,-2052.97852
-236,394,-2188,-236.438049,395.300568,-2188.89893
-110,333,-2227,-110.540848,334.311554,-2227.84106
-41,172,-2119,-41.5658875,173.660873,-2119.82446
-229,25,-1882,-229.54245,27.9572334,-1882.84009
-213,-90,-1852,-213.522034,-86.9670258,-1852.85291
-201,-200,-1832,-201.561035,1583.72949,-1832.82776
-236,394,-2188,-236.599182,395.440216,-2188.80054
-257,127,-1940,-257.575012,128.627258,-1940.81812
24,-18,-2025,23.207119,-14.9434671,-2025.60938
-41,172,-2119,-41.7603798,173.683395,-2119.64941
-229,25,-1882,-229.525436,28.2879925,-1882.85083
1249,-201,-774,1248.00098,-183.036011,-774.044006
1137,-334,-606,1136.04956,-302.768433,-605.689148
879,-339,-1208,878.210266,-195.744034,-1207.3866
-1256,-399,-3317,-1256.99902,-392.789276,-3317.04297
-1138,-269,-3457,-1137.82397,-260.979797,-3457.98438
-1252,-58,-2433,-1252.99707,-49.3481941,-2432.92358
-1243,-60,-2200,-1243.99902,-33.3410034,-2200.04297
-1252,-58,-2433,-1252.99902,-51.4170265,-2433.04297
-1027,-378,-3318,-1026.00098,-368.749695,-3318.04297
-1257,-373,-2996,-1257.995,-365.105499,-2996.09937
-1026,-372,-3003,-1025.00488,-362.198059,-3002.90137
-1239,-378,-3426,-1239.98218,-370.925476,-3426.1875
-1240,-378,-3160,-1240.995,230.902039,-3159.90039
-1257,-373,-2996,-1257.99109,-366.023468,-2995.86719
-1243,-60,-2200,-1243.99915,-20.3559113,-2199.95874
-1239,-60,-2011,-1239.99915,-20.3803291,-2010.95898
-1237,23,-1865,-1237.99902,153.620316,-1864.95593
-1044,20,-1918,-1043.00085,318.561707,-1917.95874
-1243,-60,-2200,-1243.99915,-33.7677002,-2199.95874
-928,27,-1937,-928.151367,31.3669739,-1937.9884
-1032,-90,-1920,-1031.90039,-52.0802383,-1920.995
-1238,87,-1880,-1238.26855,87.6746063,-1880.96313
-1965,188,59,-1964.06494,303.538452,58.6455078
-2013,176,-71,-2012.06018,289.835114,-71.341568
-2048,165,-202,-2048.94604,786.716736,-201.67598
-2060,165,-199,-2059.05737,224.969467,-199.333771
-2104,153,-322,-2103.06494,212.926361,-322.354462
-1590,96,341,-1590.44434,303.003418,341.895782
-1590,96,341,-1590.47192,277.128143,341.881622
-1754,90,257,-1754.44324,718.478088,257.896393
-1754,90,257,-1754.46069,2267.93091,257.887543
-2048,165,-202,-2048.94214,755.088074,-201.66478
-2142,123,-688,-2142.93628,367.98877,-688.351074
-2142,123,-688,-2142.94019,366.645294,-688.340515
-2061,-12,-901,-2061.93628,88.2434616,-901.351074
-2028,-3,-989,-2028.94006,96.487854,-989.34082
-2095,9,-812,-2095.93652,201.082626,-812.350586
-2142,123,-688,-2142.94116,459.944733,-688.337585
-2028,-3,-989,-2028.93127,90.0952301,-989.363953
-1989,62,-1135,-1989.94995,69.0430298,-1135.31226
-2022,99,-1011,-2022.97437,113.273094,-1011.22443
-2028,-3,-989,-2028.93713,84.3879242,-989.348572
-1965,188,59,-1964.06311,347.850067,58.6503754
-1965,188,59,-1964.06042,342.675262,58.6576576
-1261,51,127,-1260.61719,317.67627,126.07618
-1365,108,84,-1364.61755,788.873901,83.0760269
-1670,-6,-55,-1669.4873,96.2234802,-55.8585548
-1644,-6,-115,-1643.08447,126.959091,-114.597748
-1670,-6,-55,-1669.08447,126.92617,-54.5977478
-1664,57,-61,-1663.06995,75.509407,-60.6325798
-1585,2,-155,-1584.4502,291.937531,-154.164719
-1539,63,-192,-1538.27148,161.793228,-191.314972
-1539,63,-192,-1538.36548,114.938942,-191.227097
-1536,5,-196,-1535.33008,55.9798546,-195.257584
-1759,-161,-575,-1759.20508,-53.9327812,-575.978699
-1821,-161,-562,-1821.20557,-53.9131088,-562.978638
-1821,-161,-562,-1820.53149,-151.658752,-562.883423
-1875,-161,-591,-1874.5332,-151.663391,-591.884277
-1875,-161,-591,-1874.06995,-151.090042,-590.632629
-1805,-30,-787,-1804.03003,149.542404,-786.756836
-1417,-27,-1203,-1416.53198,-22.2439518,-1202.11633
-1414,-160,-1194,-1413.57422,-157.858826,-1193.09521
-1286,-72,-1259,-1285.59668,-52.315094,-1258.08496
-1029,-86,-1256,-1029.41211,-76.9773788,-1255.08887
-1029,-86,-1256,-1029.33887,-77.3913803,-1255.0592
-891,-37,-1212,-891.427856,643.563721,-1211.09619
-762,-77,-1152,-762.349609,90.6430664,-1151.06311
-762,-77,-1143,-761.602539,83.487648,-1143.9176
-762,-77,-1143,-761.648438,214.922012,-1143.93616
-1158,0,-1320,-1158.40247,24.8197956,-1319.08459
-923,-19,47,-923.390625,-18.4982071,46.0794525
-1498,160,-235,-1497.49219,237.303757,-235.861435
-365,12,-1103,-364.600281,47.2053833,-1102.08337
30,40,-1269,30.226326,55.405014,-1268.026
164,40,-1302,164.250793,55.4031258,-1301.03198
164,40,-1302,163.77948,55.4658508,-1301.02466
564,10,-1170,563.425842,36.1631966,-1169.18127
669,-117,-1082,668.441467,-111.008858,-1081.17053
433,-12,-1223,432.60965,-3.75059962,-1222.07935
433,-12,-1223,432.852997,-3.24184942,-1222.01086
806,-60,-313,805.082642,139.394516,-313.39801
750,-70,-185,749.142029,-28.6192017,-185.513657
-231,-190,1,-230.614578,-188.749039,0.0772595108
300,-146,131,299.616241,-136.908661,130.076569
559,-127,12,558.411133,-118.533546,11.1917706
-1778,260,618,-1778.83203,271.806122,617.445312
-1850,260,725,-1850.83374,271.80899,724.447876
-1857,360,915,-1856.62122,369.141724,915.925476
-1573,263,717,-1572.23145,269.544556,717.639771
-1773,370,482,-1773.44434,403.30719,482.895782
-1785,185,473,-1785.4502,239.581909,473.892853
-1785,185,473,-1785.44434,240.212311,473.895782
-1502,267,615,-1502.42664,428.513763,615.904419
-1253,360,767,-1253.55664,374.950043,767.83075
-1375,360,685,-1375.55664,374.933533,685.830627
-1375,360,685,-1375.4668,375.648529,685.884277
-1119,361,803,-1119.26184,385.428223,803.965088
-1252,260,763,-1252.29211,277.067505,763.95636
-642,54,739,-641.675842,61.6601295,739.945984
-763,163,790,-762.503723,176.618591,790.868164
-649,282,761,-648.758789,285.515686,761.970459
-508,431,752,-507.755341,436.920563,752.969604
-1782,262,474,-1782.26587,725.329956,474.963989
-2108,271,258,-2108.8689,353.162811,258.494965
-2029,187,354,-2029.44629,202.100449,354.894806
-2029,187,354,-2029.77478,257.339325,354.632202
-2305,169,-114,-2305.99805,171.360168,-113.937538
-2144,105,-956,-2144.42432,115.713463,-956.905457
-2144,105,-956,-2144.39648,116.712921,-956.91803
-2322,270,-245,-2322.99902,278.624786,-244.959686
-2146,220,-986,-2146.4668,224.144852,-986.884277
-2146,220,-986,-2146.42456,224.189407,-986.905396
-1989,62,-1135,-1989.87634,68.9467621,-1135.48145
-747,-78,547,-746.586975,211.283737,547.910706
-1969,286,-1139,-1969.83325,290.087067,-1139.55261
-1969,286,-1139,-1969.97839,290.566864,-1139.20654
-1841,207,-1365,-1841.67981,213.303238,-1365.73328
-1128,466,-1907,-1128.37207,473.983093,-1907.9281
-1826,-72,-1347,-1826.66711,201.136719,-1347.74487
-1740,55,-1447,-1740.67871,62.4698029,-1447.73413
-1660,44,-1553,-1660.85498,67.9462051,-1553.51843
-1547,175,-1632,-1547.42786,181.350403,-1632.90381
-1443,290,-1708,-1443.49512,297.155823,-1708.86877
-1657,-78,-1548,-1657.66797,-74.8308716,-1548.74402
-1539,38,-1612,-1539.46411,61.6235809,-1612.88574
-1344,278,-1795,-1344.75098,313.622345,-1795.66003
-1534,-81,-1609,-1534.65833,-55.6387482,-1609.75269
-1335,157,-1800,-1335.50195,162.860794,-1800.86487
-1457,-84,-1722,-1457.62305,-80.9457092,-1722.7821
-1534,-81,-1609,-1534.83203,-77.8280869,-1609.55469
-1236,-61,-1867,-1236.71619,126.065117,-1867.69788
-928,27,-1937,-928.042969,31.0902672,-1937.99902
-662,155,-1929,-661.922852,158.583878,-1929.99695
-789,147,-1930,-788.533203,192.252716,-1930.88428
-597,11,-1899,-597.044128,46.2208099,-1899.99902
-372,16,-1872,-371.719055,22.3944359,-1872.95972
-257,127,-1940,-257.042267,128.728119,-1940.99902
-532,141,-1958,-531.687622,145.103287,-1958.94995
-366,-90,-1853,-365.923523,-75.4469986,-1853.99707
-229,25,-1882,-228.968765,28.7817497,-1882.99951
-686,-167,-1904,-686.042969,-163.398102,-1904.99902
-686,-167,-1904,-685.956055,-163.314667,-1904.99902
-363,-172,-1847,-362.726044,-154.644638,-1847.96167
-363,-172,-1847,-362.92514,-157.103531,-1847.99719
-939,-91,-1908,-938.956055,1160.73376,-1908.99902
-366,-90,-1853,-365.720734,-73.3689575,-1853.96021
-802,-88,-1914,-802.042969,-81.0218201,-1914.99902
-524,-173,-1893,-523.958679,2070.87012,-1893.99915
-524,-173,-1893,-523.729675,-76.4174957,-1893.96277
-776,444,-1931,-776.292236,449.512512,-1931.9563
-593,438,-2105,-593.788513,441.180084,-2105.61499
-508,431,752,-507.911346,436.854492,752.996033
-384,602,889,-383.817688,603.327209,889.983215
-92,601,873,-92.0752029,602.261475,873.997131
-92,601,873,-92.4613266,602.418091,873.887207
163,675,1029,162.730118,676.453003,1029.96289
163,675,1029,162.818542,676.404175,1029.9834
-497,528,763,-496.891357,536.046509,763.99408
-668,531,744,-668.075195,558.132812,744.997131
-364,263,682,-363.867035,316.56601,682.991089
-228,263,664,-227.867035,316.667969,664.991089
-362,406,734,-361.937561,408.764252,734.998047
-82,411,723,-81.9586716,414.062988,723.999146
-94,264,675,-94.0865021,270.501434,675.996216
-96,161,659,-96.4613495,165.762711,659.887207
37,158,726,36.4148369,163.641937,726.810913
267,156,825,266.802734,163.909988,825.980347
142,156,801,141.803329,163.910477,801.980469
267,156,825,267.725189,163.374725,825.688477
339,155,750,339.575378,159.653122,750.817871
419,154,693,419.939056,160.424911,692.65625
389,257,497,389.717133,267.003235,497.69693
397,248,607,397.995941,258.025818,606.910156
397,248,607,397.938721,260.123383,606.655334
347,259,753,347.725281,272.229431,753.688416
434,235,701,434.575104,240.352966,701.818054
429,402,508,429.995972,405.69989,507.9104
468,329,727,468.920288,333.437927,726.608765
468,329,727,468.409607,331.468781,727.912231
534,390,386,534.702148,395.409821,386.711975
445,556,892,445.278992,557.521179,892.960266
445,556,892,445.665497,557.428589,892.746399
368,372,787,368.704254,374.874725,787.7099
269,263,831,268.807678,282.597168,831.981323
44,285,732,43.4149208,439.986572,732.810974
-94,264,675,-94.4612961,271.699066,675.887207
48,431,776,47.6489067,434.596558,776.93634
48,431,776,47.425766,435.635315,776.818665
154,428,850,153.747482,431.735199,850.96759
330,711,1048,330.449188,712.868408,1048.89343
579,756,1044,579.743286,756.631775,1044.66895
-134,827,1074,-134.630402,827.915405,1074.77625
-6,906,1263,-6.59002972,907.060303,1263.80737
-188,922,1239,-188.13089,922.549194,1239.99133
-508,758,905,-508.575226,759.836304,905.817993
22,-38,631,22.4612274,-34.1956139,631.887268
278,-39,543,278.180298,-24.0516548,543.983582
22,-38,631,22.283329,-34.235878,631.958984
278,-39,543,278.408905,-26.7503071,543.912537
533,115,395,533.615234,123.46685,395.7883
912,-64,99,912.597656,-47.3962173,99.8017502
918,235,109,918.597656,243.241425,109.801689
941,370,153,941.471863,372.702545,153.881668
684,550,342,684.548096,555.535339,342.836395
1221,124,133,1220.71484,157.848495,133.958481
-1034,-140,-1896,-1034.95862,-77.053093,-1896.28418
-593,130,-1935,-593.131348,133.324387,-1935.99133
-593,130,-1935,-593.291992,133.595108,-1935.9563
-1773,370,482,-1773.44238,403.150665,482.89679
-998,266,881,-998.466797,288.258423,881.884216
490,536,644,490.977814,537.958923,643.790527
-1098,9,-1024,-1097.79333,15.3733501,-1024.97839
430,432,-572,429.000885,433.388641,-571.957947
430,432,-572,429.000946,433.367584,-572.042969
478,372,-495,477.001892,373.187805,-494.938538
478,372,-648,477.001923,373.173492,-648.061584
475,370,-572,474.000946,371.13205,-571.956543
444,414,-626,443.001923,415.289368,-626.061951
444,414,-518,443.001923,415.264648,-517.938049
475,370,-572,474.000946,371.156494,-572.043213
-2095,9,-812,-2095.93726,198.798538,-812.348206
430,432,-572,430.599274,432.506165,-572.800537
444,414,-518,443.900696,415.619171,-518.995056
444,414,-626,443.957245,415.892395,-625.000916
430,432,-572,430.645599,432.558258,-571.236328
421,403,-509,420.910675,404.631195,-509.996002
421,403,-632,420.957245,404.7724,-631.000916
430,432,-572,430.67981,432.578949,-571.266663
430,432,-572,430.619385,432.542114,-572.784973
57,438,-814,57.4135857,439.7453,-813.089539
57,438,-814,57.2953262,439.731689,-813.044617
111,378,-887,111.555367,379.136902,-886.168396
-32,378,-831,-31.8466339,379.166565,-830.011841
43,370,-850,43.459198,370.918823,-849.111694
2,420,-807,2.17503405,421.405273,-806.015442
102,420,-847,102.534264,421.461884,-846.154724
43,370,-850,43.2825851,370.929932,-849.040771
57,438,-814,56.1324654,438.815674,-814.497375
102,420,-847,101.060585,421.904205,-846.657227
-32,378,-831,-31.0339355,409.142853,-830.741699
2,420,-807,2.92858911,421.849182,-807.371094
57,438,-814,57.3233109,438.751251,-814.946289
116,404,-832,115.038673,406.382233,-831.724609
-32,378,-831,-31.0149784,556.22345,-830.827576
2,404,-784,2.91760206,406.021271,-784.397461
57,438,-814,57.2654419,438.758148,-814.964111
57,438,-814,56.1273499,438.817841,-814.488342
55,430,-319,55.3413353,432.059998,-319.939941
55,430,-319,55.4805756,432.059387,-319.876953
-32,365,-310,-31.7449169,366.300354,-310.966919
108,369,-248,108.573357,370.355103,-248.819305
42,361,-288,42.3652496,362.069855,-288.930908
99,413,-285,99.5731354,414.739746,-285.819458
0,411,-329,0.261995047,412.73114,-329.965057
42,361,-288,42.4792175,362.082458,-288.877686
55,430,-319,55.4772186,430.545746,-318.121216
0,411,-329,0.972817838,412.738068,-328.768433
-32,365,-310,-31.0252991,762.482849,-310.223511
99,413,-285,98.0575562,415.133667,-285.334351
55,430,-319,54.0575638,430.566498,-318.665619
-1,399,-354,-0.0237291176,400.628662,-353.783447
-32,365,-310,-31.0339775,482.799347,-310.258453
112,402,-306,111.061569,404.045746,-306.345459
55,430,-319,54.0795174,430.594299,-318.609222
55,430,-319,55.5321579,430.518646,-318.153381
-1057,566,-818,-1057.29297,567.598145,-817.043884
-1057,566,-818,-1057.42896,567.611877,-817.09668
-967,508,-837,-967.157532,508.998871,-836.012512
-1110,508,-893,-1110.55664,509.012726,-892.16925
-1042,500,-857,-1042.26208,500.855896,-856.034973
-1102,549,-852,-1102.53577,550.377563,-851.15564
-1001,549,-812,-1001.17487,550.31543,-811.015442
-1042,500,-857,-1042.4668,500.837158,-856.115662
-1057,566,-818,-1057.41113,566.627319,-818.91156
-1001,549,-812,-1001.88635,551.216309,-812.462891
-1102,549,-852,-1101.07874,550.758301,-851.611084
-1057,566,-818,-1056.08154,566.596863,-818.395508
-1009,533,-780,-1009.90546,534.835938,-780.424438
-1121,533,-829,-1120.06799,534.856201,-828.637573
-1057,566,-818,-1056.0437,566.573669,-818.292114
-1057,566,-818,-1057.39551,566.627136,-818.918396
-1420,566,-576,-1419.00391,567.614136,-576.086914
-1420,566,-576,-1419.00293,567.667297,-575.923523
-1471,508,-652,-1470.03003,509.003601,-652.243164
-1471,508,-499,-1470.02625,509.057312,-498.77243
-1461,500,-576,-1460.01746,500.850128,-576.185974
-1435,549,-521,-1434.02319,550.348999,-520.785889
-1435,549,-630,-1434.02051,550.35022,-630.201416
-1461,500,-576,-1460.00488,500.820587,-575.901306
-1420,566,-576,-1420.76379,566.74231,-575.354553
-1435,549,-630,-1435.12305,551.34314,-629.007629
-1471,508,-652,-1470.62109,545.124878,-651.074585
-1435,549,-521,-1435.04333,551.042114,-521.999023
-1420,566,-576,-1420.77295,566.746643,-576.63446
-1401,528,-635,-1401.09863,530.175964,-634.004883
-1404,528,-512,-1404.0437,530.021301,-512.999023
-1420,566,-576,-1420.71594,566.662231,-576.69812
-1420,566,-576,-1420.78076,566.716431,-575.375183
-1058,566,-327,-1058.44238,567.600586,-327.89682
-1058,566,-327,-1058.29993,567.598267,-327.953949
-1110,508,-251,-1110.58313,509.030945,-251.812378
-968,508,-309,-968.160156,509.056702,-309.987091
-1043,500,-289,-1043.46997,500.810272,-289.88266
-1002,549,-334,-1002.1889,550.334473,-334.981995
-1103,549,-293,-1103.56445,550.33783,-293.825439
-1043,500,-289,-1043.29004,500.820374,-289.95697
-1103,549,-293,-1102.0874,550.789612,-293.408844
-1002,549,-334,-1002.92346,550.834778,-333.616333
-1123,537,-321,-1122.08252,538.856079,-321.397766
-1010,537,-371,-1010.93622,538.705566,-370.64859
-1078,-180,-1777,-1078.97839,-169.551071,-1776.79333
-1070,-180,-1739,-1070.97839,-169.55484,-1738.79333
