196,403,-1238,196.218994,404.187408,-1238.97571
-725,128,-936,-725.479492,141.618317,-936.877441
-38,138,-1738,-38.4882812,142.161926,-1738.87268
84,393,-1453,84.8654404,394.519501,-1452.49902
1193,477,3445,1192.00085,479.572327,3445.03979
1322,304,4531,1321.07385,342.775757,4531.37695
2150,442,2209,2149.60986,444.458893,2208.07935
2012,531,2430,2011.34668,534.096741,2429.24292
1656,498,2746,1655.23059,499.237244,2745.36133
1278,507,3064,1277.33997,508.93866,3063.24878
1092,617,3237,1091.06799,617.970764,3236.6377
1092,617,3237,1091.00867,619.048096,3237.1311
1197,534,3679,1196.00391,537.617981,3679.08813
1197,534,3679,1196.00098,537.587219,3678.95605
1206,465,4104,1205.00098,467.08783,4104.04395
1398,481,5065,1397.06311,482.36084,5065.34961
1398,481,5065,1397.82397,486.192841,5065.98438
2507,477,5241,2506.95605,478.059021,5241.99902
2833,514,4596,2833.07446,514.871948,4596.99707
2833,514,4596,2833.36792,515.630066,4596.92969
2833,514,4596,2833.90381,515.418213,4596.42773
2833,514,4596,2833.84033,515.812073,4596.5415
3885,481,4184,3885.17578,484.139221,4184.98438
3667,290,2326,3667.93408,463.737152,2326.35645
3552,282,2652,3552.99902,365.437836,2651.95605
3722,506,2308,3722.93726,510.933044,2308.34839
3619,533,2950,3619.99927,537.662292,2950.03491
3626,530,2651,3626.99683,533.384827,2650.92285
3303,456,2071,3303.55762,459.208923,2070.16992
2559,452,1928,2558.57471,454.654816,1927.09497
2012,531,2430,2011.06799,533.014343,2429.6377
2012,531,2430,2011.07666,533.01947,2429.61621
-483,130,1041,-482.087128,200.34787,1041.4082
-382,146,818,-381.087311,224.810181,818.40863
1230,151,3573,1229.8833,180.1866,3572.00684
1230,151,3573,1229.8833,217.129669,3572.00684
-691,337,653,-691.844116,340.065369,653.536072
-1179,511,512,-1179.5271,512.722107,512.849792
1837,540,1797,1836.67712,541.946899,1797.94641
1475,619,1218,1474.0155,619.902832,1217.82471
1514,504,1667,1513.0592,506.748444,1666.66113
1204,646,1011,1203.34155,647.300598,1011.75262
1475,619,1218,1474.32129,620.399353,1218.73438
1204,646,1011,1204.65845,646.901062,1011.75262
1204,646,1011,1204.15137,648.427917,1011.98834
554,499,986,553.911743,501.953125,986.996094
554,325,926,553.900696,346.797821,926.995056
780,325,945,779.900696,346.818909,945.995056
2108,546,1709,2108.15137,555.70282,1709.9884
554,325,926,554.075195,346.717041,926.997131
2108,546,1709,2108.34961,552.731445,1709.93677
2108,546,1709,2108.34961,553.16803,1709.93689
2335,500,1613,2335.22266,515.527039,1613.97473
2335,500,1613,2335.62793,504.363983,1613.77808
-93,494,1056,-93.5652695,496.25589,1056.82483
-706,532,743,-706.367188,534.17511,743.930115
-373,532,871,-373.369843,534.176147,871.929077
-706,532,743,-706.339355,534.211182,743.940613
234,512,1002,234.181732,514.460938,1002.98334
234,512,1002,234.086807,515.876526,1002.99622
-956,183,578,-956.767822,215.498413,578.640625
-956,183,578,-956.311035,212.158707,578.950378
234,512,1002,234.041321,514.863464,1002.99915
978,143,-85,977.656799,144.045303,-85.9392548
1383,157,-231,1382.78528,157.994125,-231.976669
1383,157,-231,1382.49219,157.797958,-231.861435
2696,357,734,2696.58643,363.744232,733.190002
2696,357,734,2696.78882,400.711212,734.614624
2770,307,-104,2770.99902,323.869934,-104.042526
2168,340,-60,2168.36133,349.261627,-60.9323921
1702,211,-217,1702.10864,213.763947,-217.99408
2465,363,349,2465.99512,366.058502,348.901306
2382,108,188,2382.82666,110.339485,188.562637
2593,120,-183,2592.01343,139.917191,-182.836685
1325,113,3819,1325.14526,113.539299,3818.01074
1415,104,3817,1414.93762,104.610344,3816.00195
1325,113,3819,1324.84119,113.80838,3818.0127
1415,104,3817,1414.2179,104.658722,3816.37695
1415,104,3817,1414.24719,104.692879,3817.6582
1325,113,3819,1325.03918,113.668175,3819.99902
1325,113,3819,1325.09753,113.580223,3819.99512
1455,82,3815,1454.2218,1049.14441,3814.37207
1420,82,3857,1419.21472,1048.67383,3856.38086
1420,82,3857,1419.13123,95.6730728,3856.50488
1414,83,3770,1413.25549,95.3520737,3770.66748
1455,82,3815,1454.16736,173.505463,3815.55371
1414,83,3770,1414.06091,119.047531,3770.99805
1220,115,3552,1219.76379,116.464401,3551.02832
1394,103,3529,1393.92358,103.583443,3528.00293
1316,111,3533,1315.84741,112.097633,3532.01172
1394,103,3529,1393.23059,103.944351,3528.36133
1394,103,3529,1393.2478,103.845924,3529.65894
1316,111,3533,1316.03271,111.594864,3533.99927
1316,111,3533,1315.84668,111.566345,3533.98804
1220,115,3552,1220.11621,115.575996,3552.99316
1394,79,3568,1393.93762,120.006569,3567.00195
1222,79,3577,1221.93762,120.067947,3576.00195
-311,113,765,-311.937408,113.690178,764.651794
-336,113,833,-336.937408,113.689285,832.651794
-311,113,765,-311.956543,113.788536,764.708435
-278,104,695,-277.536713,104.695557,695.886169
-311,113,765,-310.10318,113.740181,765.442383
-311,113,765,-310.205627,113.567307,765.607422
-336,113,833,-335.061646,113.629112,833.345642
-311,113,765,-310.060944,113.628883,765.34375
-318,80,677,-317.540649,215.251633,677.888245
-258,80,647,-257.537933,215.124588,647.886841
-258,80,647,-257.537933,215.124588,647.886841
-382,83,819,-381.087738,126.804337,819.409607
-318,80,677,-317.0961,360.634644,677.427734
-567,111,649,-567.911133,111.755249,648.587891
-536,103,577,-536.920776,103.603325,576.609924
-567,111,649,-567.950989,112.007988,648.690796
-536,103,577,-536.911133,103.932007,577.412109
-536,103,577,-535.57428,103.680595,577.904846
-567,111,649,-566.084534,111.561775,649.402344
-567,111,649,-566.067993,111.534462,649.362427
-563,80,739,-563.914612,140.374359,738.595703
2886,260,3147,2886.74341,265.216431,3147.6687
2943,260,3083,2943.729,265.211487,3083.68433
2943,260,3083,2943.73193,265.097717,3083.68115
2865,166,3142,2865.73267,182.113892,3142.68042
2936,166,3063,2936.73169,182.113892,3063.6814
2936,166,3063,2936.7334,182.047012,3063.67969
2943,260,3083,2942.79395,265.193512,3083.97852
3026,260,3100,3025.78589,265.194794,3100.97681
3026,260,3100,3025.80347,265.073029,3100.98047
2936,166,3063,2935.79297,181.77179,3063.97827
3040,166,3084,3039.79395,181.763977,3084.97852
3040,166,3084,3039.78491,183.545609,3084.97656
3026,260,3100,3025.04858,265.177582,3100.30786
3053,260,3181,3052.04956,265.177582,3181.31079
3053,260,3181,3052.04956,265.384277,3181.31055
3040,166,3084,3039.04858,181.716705,3084.30786
3074,166,3185,3073.05249,181.720551,3185.31958
3074,166,3185,3073.05054,182.304962,3185.31348
3053,260,3181,3052.23584,265.004028,3180.35498
2996,260,3245,2995.25586,264.998932,3244.33203
2996,260,3245,2995.24805,265.46402,3244.34082
3074,166,3185,3073.2478,181.384109,3184.34106
3003,166,3265,3002.24146,181.39946,3264.34839
3003,166,3265,3002.24731,181.556961,3264.3418
2996,260,3245,2996.2002,265.130554,3244.02026
2913,260,3228,2913.18579,265.130554,3227.01758
2913,260,3228,2913.18628,265.155426,3227.01758
3003,166,3265,3003.18652,182.135071,3264.01758
2899,166,3244,2899.18604,182.127258,3243.01758
2899,166,3244,2899.18628,182.19928,3243.01758
2913,260,3228,2913.94629,265.088318,3227.67676
2886,260,3147,2886.94604,265.088318,3146.67603
2886,260,3147,2886.94604,265.088318,3146.67603
2899,166,3244,2899.94604,181.749985,3243.67603
2865,166,3142,2865.94727,181.749985,3141.67969
2865,166,3142,2865.94604,181.080246,3141.67603
-217,375,117,-217.212463,375.710754,117.977165
-379,492,192,-379.432007,493.07547,192.901855
-313,391,265,-313.240387,391.654022,264.029327
-217,375,267,-217.24382,375.647308,266.030182
118,375,117,118.212334,375.694489,117.977142
118,375,267,118.226326,375.694672,266.02597
37,363,117,37.0104446,363.518921,117.999924
210,391,120,210.212616,391.694,120.977135
275,489,192,275.430054,490.062744,191.097198
-80,291,69,-80.0125427,291.587006,69.9998856
-80,291,69,-80.0125427,291.587006,69.9998856
-20,291,69,-20.0125427,291.587006,69.9998856
-399,337,-728,-399.185272,342.421875,-728.982666
-410,337,-726,-410.185272,342.422546,-726.982666
1732,365,740,1731.84668,366.460632,739.011841
1719,365,742,1718.84668,366.460419,741.011841
1719,365,742,1719.8092,366.066284,741.412476
1719,365,742,1719.97644,366.110748,741.784241
1716,365,728,1716.97681,366.111115,727.785889
1716,365,728,1716.99817,366.448822,728.060425
1641,239,843,1641.90491,239.573334,842.574402
2453,14,2738,2452.00293,103.383209,2738.07593
2453,14,2738,2453.30859,21.7955322,2738.95117
-114,80,-542,-113.000084,81.9966431,-542.012695
-114,80,-542,-114.042526,82.1639023,-542.999084
-114,80,-542,-114.999069,81.9996643,-542.042969
-114,80,-542,-114.042526,81.9860992,-541.000916
33,80,-545,33.9999123,81.9996796,-545.012695
33,80,-545,32.957222,82.0086899,-545.999084
33,80,-545,32.000927,81.9966278,-545.042969
33,80,-545,32.957222,82.1900482,-544.000916
1860,76,-31,1859.46362,79.5596924,-31.843977
1825,76,-9,1824.46582,79.5606079,-9.8453207
1856,76,-74,1855.00476,81.3289032,-73.9025421
1860,76,-31,1859.00476,81.3314972,-30.9025383
1825,76,-9,1825.49023,81.9838257,-9.87157631
1788,76,-30,1788.47791,81.9834518,-30.8784103
1789,76,-70,1789.99902,84.5531464,-69.9565735
1788,76,-30,1788.99915,84.5521164,-29.9586697
1789,76,-70,1789.53235,95.7412491,-69.1534805
1822,76,-91,1822.53345,95.7472305,-90.1541672
1856,76,-74,1855.56738,83.8582611,-73.0984268
1822,76,-91,1821.56348,83.8631592,-90.1003113
2192,285,202,2191.40137,311.111023,202.800964
-989,304,2782,-989.767639,304.435089,2782.64062
-1179,306,3019,-1178.77148,306.516693,3019.97339
-1189,249,3223,-1189.43701,255.867844,3222.10059
-1189,249,3223,-1189.4668,258.664276,3222.11572
-1113,252,3133,-1113.76331,262.210022,3132.354
-1113,252,3133,-1113.77258,262.742493,3132.36523
-1113,252,3133,-1113.77368,262.967896,3132.36646
-1196,244,2812,-1195.08875,249.236633,2812.41162
-1196,244,2812,-1195.0592,249.138367,2812.33887
-1235,244,2922,-1234.05347,249.147797,2922.32251
-1322,254,2961,-1321.63574,257.280243,2961.93115
-1322,254,2961,-1321.51855,259.635986,2961.87646
-1527,269,3050,-1526.60278,276.066681,3050.91772
-1535,109,3030,-1535.71582,128.02066,3030.69824
-1406,99,3162,-1406.73364,132.880249,3162.67944
-1406,99,3162,-1406.80908,138.327927,3162.58765
-1535,109,3030,-1535.76367,126.139595,3030.64551
-1389,249,3396,-1389.78467,285.853241,3395.38013
-1389,249,3396,-1389.83154,256.369537,3395.44458
846,434,3893,846.988159,435.777252,3892.84668
819,440,3709,819.970459,442.136902,3708.75879
-839,546,1034,-838.425842,548.456665,1033.18127
-558,582,1199,-557.447327,584.255005,1198.16663
-1028,604,931,-1027.49622,607.22998,930.13623
-1028,604,931,-1027.62109,606.537598,930.074585
-1026,285,1045,-1025.50977,326.197632,1044.12842
-899,296,1116,-898.518555,314.052521,1115.12354
-899,296,1116,-898.595703,302.822937,1115.08545
-558,582,1199,-557.425842,584.198669,1198.18127
-444,471,1343,-443.526398,473.949188,1342.11926
-187,577,1513,-186.318176,579.355713,1512.26855
-429,614,1932,-428.007874,615.831177,1931.87488
511,551,3138,511.494202,583.48999,3137.13086
-187,577,1513,-186.021881,577.79071,1513.20801
739,137,3623,738.901306,1087.9668,3622.00488
994,127,3598,993.911743,152.662003,3597.00391
-593,145,1279,-592.094421,215.061035,1279.42407
-1014,151,1873,-1014.86768,186.416229,1872.50293
-992,151,2006,-991.115662,252.224274,2006.4668
-942,151,1912,-941.116638,252.293243,1912.46863
-992,151,2006,-991.123535,238.92482,2006.48145
-1304,616,1061,-1304.42664,619.032532,1060.09558
-1028,604,931,-1028.4668,607.11261,930.115662
-1255,304,1155,-1255.42456,344.268585,1154.0946
-1841,658,1444,-1841.53418,661.399536,1443.15466
-1304,616,1061,-1304.50867,618.995667,1060.13904
-1841,658,1444,-1841.89441,659.42749,1443.55286
-1841,658,1444,-1841.99414,661.256104,1443.89197
-1946,390,2077,-1946.92529,397.471283,2077.37891
-1944,510,2431,-1944.60974,513.958984,2431.79248
-1860,355,2267,-1860.90479,358.355316,2267.42578
588,262,4880,587.847412,283.72821,4880.98828
-279,345,2939,-279.087402,423.326874,2938.00391
-360,345,2945,-360.086578,423.249207,2944.00391
-279,345,2939,-279.074615,420.731354,2938.00293
-212,345,2899,-212.509399,426.744934,2898.13965
-279,345,2939,-279.521637,426.705811,2938.14697
-212,345,2899,-212.51358,416.221619,2898.14209
-517,345,2784,-516.000977,422.376648,2784.0437
-48,455,2765,-48.6293564,501.376007,2764.2229
-514,345,2723,-513.09552,417.266754,2723.42651
-442,797,2628,-441.091095,808.03833,2628.41699
-403,633,2505,-402.117218,655.580017,2505.46973
-9,830,2704,-9.5020771,835.212952,2703.13525
-203,488,2855,-203.5448,492.54245,2854.16162
-222,804,2837,-222.539139,815.051453,2836.15796
-222,804,2837,-222.521637,816.371094,2836.14697
-279,488,2827,-278.536774,492.813049,2826.11377
-222,804,2837,-221.628357,819.527283,2836.07178
-253,640,2836,-252.525726,671.570801,2835.11963
-334,796,2769,-333.525726,808.591675,2768.11963
-418,490,2750,-417.289978,510.03833,2749.2959
-470,483,2698,-469.677399,486.477386,2697.05347
-436,799,2700,-435.163452,824.552795,2699.45215
-436,799,2700,-435.288971,813.389893,2699.29688
-474,485,2628,-473.002838,487.942474,2627.9248
-436,799,2700,-435.003876,808.229492,2699.91211
-442,797,2628,-441.001862,806.549561,2627.93921
112,546,3057,112.922668,562.207153,3057.3855
151,888,3042,151.938507,898.450378,3042.34521
112,546,3057,112.657639,564.605957,3056.24683
112,546,3057,112.475105,551.571167,3056.12012
151,888,3042,151.825958,908.613953,3041.43628
151,888,3042,151.630508,897.58374,3041.22388
321,885,3187,321.552032,918.921631,3186.16626
189,885,3098,189.554993,918.929565,3097.16821
189,885,3098,189.494431,901.10199,3097.13086
394,551,3232,394.457245,558.804626,3231.11084
384,912,3222,384.473236,1009.27954,3221.11914
321,885,3187,321.389038,911.03064,3186.07886
394,551,3232,393.384766,557.977905,3231.21167
384,912,3222,383.286072,923.319031,3221.2998
384,912,3222,383.430206,937.561218,3221.17822
-418,490,2750,-417.525726,504.69516,2749.11963
-942,151,1912,-941.533203,170.936813,1911.11572
-1014,151,1873,-1013.53516,170.956131,1872.11462
-2065,361,657,-2065.61328,1098.98865,656.210144
-2174,361,742,-2174.61328,1099.74426,741.210144
-666,79,3954,-666.651428,81.1134491,3954.75854
-666,79,3954,-665.24762,80.9985428,3954.65869
-1009,416,1864,-1008.05286,416.784515,1864.3208
-1009,416,1864,-1008.41211,416.822906,1863.19116
-1009,416,1864,-1009.52148,416.733276,1863.14685
-1009,416,1864,-1009.96088,416.813263,1864.27686
-1009,416,1864,-1009.55664,416.801758,1864.83069
-1009,416,1864,-1008.66003,416.938995,1864.94043
-956,456,1602,-955.425842,456.90332,1601.18127
-956,456,1602,-955.625977,456.856079,1601.07263
-956,456,1602,-956.572388,456.808472,1601.18005
-956,456,1602,-956.767639,456.809143,1602.64062
-956,456,1602,-955.847412,456.807831,1602.98828
-956,456,1602,-955.339844,456.926727,1602.7511
-821,301,1700,-821.696899,305.447418,1699.28284
-893,298,1447,-893.703125,301.967377,1447.71094
-816,298,1521,-816.700195,301.96933,1521.71387
-1002,298,1453,-1001.95587,301.989014,1453.99902
-893,298,1447,-892.955872,301.984528,1447.99902
-1058,298,1509,-1057.30188,303.351196,1509.71594
-1002,298,1453,-1001.29199,303.351532,1453.70618
-1064,151,1968,-1063.51855,174.706039,1967.12354
-927,151,2044,-926.533325,206.850815,2043.1156
-927,151,2044,-926.509766,175.702942,2043.12842
-992,151,2006,-991.509766,175.690536,2005.12842
-1111,299,1928,-1110.3009,676.02533,1927.28503
-908,298,1786,-908.982239,305.39209,1786.18738
-890,298,1874,-890.982239,305.401001,1874.1875
-890,298,1874,-890.980286,305.123047,1874.19727
-966,299,1986,-966.423889,302.419067,1985.09436
-1083,299,1732,-1082.06311,305.109985,1732.34961
4431,214,-1170,4431.99512,254.518555,-1170.09827
4438,214,-1076,4438.99609,254.48027,-1076.08716
3451,340,-1923,3450.78442,340.557037,-1923.97644
2492,378,-1262,2491.00098,381.336517,-1261.95593
2561,383,-1070,2560.19019,384.852783,-1070.58667
3204,337,-1866,3204.27539,337.668365,-1866.96118
3038,318,216,3037.65479,320.758057,216.938522
2873,303,167,2873.06055,306.539001,167.998154
3868,214,87,3868.98828,215.004501,86.8473587
4327,214,-816,4327.99854,251.749619,-816.044495
2885,308,-156,2884.19971,312.300079,-156.59935
2972,293,-383,2971.00098,294.40686,-382.958679
2443,342,-805,2442.51074,344.845093,-804.127869
3617,423,-1059,3617.95093,429.212952,-1059.30933
3626,423,-1139,3626.74219,426.024078,-1138.32983
3688,423,-1210,3688.75195,426.021301,-1209.34082
3617,423,-1059,3617.99609,429.049408,-1058.91174
3617,423,-1059,3617.99316,427.324615,-1058.8833
3626,423,-1139,3626.99316,427.320404,-1138.8833
3675,126,-1021,3675.18652,127.432198,-1021.98242
3727,126,-1033,3726.77197,127.179405,-1033.97363
3675,126,-1021,3674.75977,127.17823,-1021.9707
3675,126,-1021,3675.93628,127.054314,-1021.35107
3675,126,-1021,3675.55078,128.113007,-1021.83459
3627,126,-1053,3627.55078,128.113007,-1053.83459
3770,126,-1087,3769.0498,128.195648,-1086.68835
3753,126,-1137,3752.05371,128.18277,-1136.67676
3770,126,-1087,3769.04956,128.180954,-1086.68921
3770,126,-1087,3769.2356,127.511574,-1087.64465
3770,126,-1087,3769.16113,127.998207,-1087.54431
3750,126,-1056,3749.15527,127.997681,-1056.53516
3713,126,-1168,3712.81274,129.435715,-1167.0177
3664,126,-1161,3664.14526,128.096191,-1160.01062
3713,126,-1168,3713.13086,128.096878,-1167.00867
3713,126,-1168,3712.05347,127.505692,-1167.67749
3713,126,-1168,3712.38477,131.991714,-1167.21167
3753,126,-1137,3752.38525,131.994553,-1136.2113
3618,126,-1124,3618.93604,127.396179,-1124.35144
3627,126,-1053,3627.99097,127.713242,-1053.13269
3618,126,-1124,3618.99219,127.711739,-1124.12354
3618,126,-1124,3618.74414,128.808105,-1123.33203
3618,126,-1124,3618.62891,127.879837,-1123.22253
3664,126,-1161,3664.61914,127.878746,-1160.21472
4010,74,-1008,4009.79297,100.137909,-1008.97833
-199,172,4365,-199.845184,172.830231,4365.53418
1954,580,1781,1954.3623,583.505371,1781.93188
1954,580,1781,1954.2052,583.684692,1781.97864
2407,124,-157,2407.97241,155.338654,-157.23259
2491,118,-257,2491.35449,152.120087,-256.064941
2554,307,-450,2554.27637,312.033783,-450.960999
78,401,-1314,78.9948196,401.921692,-1313.89844
-452,305,-1340,-452.749359,310.541351,-1340.66211
-452,305,-1340,-452.930145,310.466217,-1340.36719
-944,242,-588,-944.985352,247.627045,-588.170532
-944,242,-588,-944.479492,247.968582,-588.877502
-325,297,-1483,-325.82605,304.790131,-1483.56348
78,401,-1314,78.9918442,401.952972,-1313.87256
-81,141,-1221,-80.0050125,213.924881,-1220.90002
-81,141,-1221,-80.5037231,295.656097,-1221.86816
132,391,-1540,132.457413,392.345245,-1539.11084
30,138,-1156,30.2822952,402.296661,-1156.95923
619,379,-1084,619.320007,380.209686,-1084.94739
-590,300,-1024,-590.904785,305.828888,-1024.42578
-873,115,-855,-873.466797,158.799438,-855.884277
-870,268,-861,-870.488281,307.912659,-861.872559
-590,300,-1024,-590.425781,307.280487,-1024.90479
-725,128,-936,-725.467041,141.835571,-936.884216
-413,337,-736,-412.041046,342.280396,-736.283508
-410,337,-726,-409.041138,342.280212,-726.283813
-400,90,-743,-400.947723,348.017151,-742.680908
-385,90,-698,-385.947388,348.132233,-697.679932
-434,207,-720,-433.060944,219.081436,-720.34375
-426,207,-698,-425.061188,219.081436,-698.344421
-402,207,-703,-402.200378,221.10199,-703.979675
-426,207,-698,-426.200439,221.10199,-698.979675
-409,207,-727,-409.96048,214.885117,-726.72168
-402,207,-703,-402.958771,214.884155,-702.71582
-409,207,-727,-408.719452,214.024826,-726.040161
-434,207,-720,-433.720306,214.023514,-719.039917
-410,337,-726,-409.061096,342.322174,-726.344177
-410,337,-726,-410.200409,342.459473,-726.979675
-409,207,-727,-408.797638,215.460648,-726.020691
-426,207,-698,-425.047119,217.844254,-698.303345
-426,207,-698,-426.200439,221.387131,-698.979675
-409,207,-727,-409.947723,215.539673,-726.680908
-400,90,-743,-399.718994,212.672607,-742.040344
-400,90,-743,-400.956604,155.978165,-742.708618
264,362,-902,263.957245,365.696838,-901.000916
275,362,-902,274.957245,365.696838,-901.000916
335,111,-913,334.936584,247.556229,-913.997986
284,111,-910,283.936584,247.539764,-910.997986
277,362,-892,276.018219,365.468353,-891.809998
275,362,-902,274.01828,365.468353,-901.809692
313,216,-926,312.038971,220.261765,-926.276428
317,216,-940,316.039124,220.261765,-940.276917
292,216,-942,291.911713,224.327682,-941.003906
317,216,-940,316.911713,224.32869,-939.003906
289,216,-908,289.995941,222.119751,-907.910156
292,216,-942,292.995941,222.121262,-941.910156
289,216,-908,288.399109,220.477966,-908.799316
313,216,-926,312.389954,220.477692,-926.792358
275,362,-902,274.039215,366.862244,-902.277283
275,362,-902,274.911713,365.559875,-901.003906
317,216,-940,316.017944,224.268768,-939.811462
317,216,-940,317.074799,221.448059,-939.002808
289,216,-908,289.982819,238.959122,-908.184509
284,111,-910,283.828827,138.121933,-910.985229
326,111,-960,326.292664,181.298264,-959.043823
284,111,-910,284.991913,180.973343,-910.126892
-1231,306,323,-1230.69531,307.52298,323.952423
-1179,511,512,-1179.55664,512.640381,512.830688
-635,141,695,-635.556641,228.940109,695.83075
710,526,1293,709.154785,526.837158,1293.53442
-1172,88,-93,-1172.99902,102.667778,-92.9565735
-1282,170,-106,-1282.99512,170.836655,-106.09861
-1279,180,-384,-1279.97925,181.066345,-383.797546
-1172,88,-93,-1172.90881,109.651917,-93.4170303
-1282,170,-106,-1282.94788,171.214203,-106.318306
-1230,225,-430,-1230.54785,228.695129,-430.836548
-1279,180,-384,-1279.99915,180.842987,-383.958679
745,66,-467,745.985229,66.799942,-467.171173
-373,532,871,-373.434021,535.487122,871.900879
-373,532,871,-373.599182,534.500183,871.800598
-65,309,975,-65.4029083,315.582703,975.915222
-418,418,-1558,-418.855042,419.019379,-1558.51855
-418,418,-1558,-418.776978,419.015686,-1558.62952
-542,425,-1408,-542.920471,426.102112,-1408.3905
-684,416,-1104,-684.292297,417.099884,-1104.9563
-943,373,-930,-943.556641,374.076111,-930.83075
-1034,339,-666,-1034.93127,339.877075,-666.364075
-1034,339,-666,-1034.42578,339.868011,-666.904724
-1266,320,-519,-1266.0614,321.022522,-519.998108
-684,416,-1104,-684.905029,417.004303,-1104.42529
-542,425,-1408,-542.901917,426.019806,-1408.43164
-684,416,-1104,-684.322571,417.142273,-1104.94653
-824,394,-1036,-824.572266,395.05426,-1036.81995
-943,373,-930,-943.904785,374.089874,-930.425659
-1034,339,-666,-1034.48828,339.980133,-666.87262
-118,381,-1870,-118.200439,381.878906,-1870.97961
-298,393,-1710,-298.663086,393.947083,-1710.74854
-55,279,-1766,-55.5522461,283.368317,-1766.83362
152,290,-1819,151.751282,294.425659,-1819.96851
-224,288,-1631,-224.630402,298.174774,-1631.77625
-298,393,-1710,-298.712006,393.869507,-1710.70215
-418,418,-1558,-418.861511,419.033539,-1558.50769
-542,425,-1408,-542.78833,426.052582,-1408.61523
-307,138,-1473,-307.783661,151.344498,-1473.62109
-426,138,-1324,-426.784698,151.365692,-1324.61987
-493,138,-1166,-493.917999,151.094986,-1166.39648
-426,138,-1324,-426.918457,151.077026,-1324.39551
-517,302,-1179,-517.905334,307.972717,-1179.42468
-590,300,-1024,-590.349609,304.822205,-1024.93689
-751,287,-962,-751.632812,291.376465,-962.774292
-517,302,-1179,-517.925354,307.958496,-1179.37891
-325,297,-1483,-325.783722,304.915802,-1483.62109
-224,288,-1631,-224.84053,296.794922,-1631.54175
219,282,-1673,219.429184,290.118713,-1672.0968
15,283,-1480,15.8963337,289.794037,-1479.55664
-36,289,-1361,-35.0846748,295.890686,-1360.59729
-43,295,-1242,-42.0079689,299.313263,-1241.87402
-43,295,-1242,-42.5388641,298.705017,-1242.88733
60,285,-1186,60.3192749,289.45163,-1186.94763
288,275,-1106,288.292267,282.011475,-1106.9563
196,403,-1238,196.55835,403.978363,-1238.82959
78,401,-1314,78.3935089,401.926361,-1314.91931
60,285,-1186,60.2741013,288.940826,-1186.96167
288,275,-1106,288.131287,296.628815,-1106.99133
-1230,225,-430,-1230.50586,228.744583,-430.862579
219,282,-1673,219.459686,288.273224,-1672.11194
77,280,-1604,77.876442,288.841003,-1603.51855
-36,289,-1361,-35.0965614,294.889923,-1360.57129
132,391,-1540,132.8815,392.457001,-1539.52783
84,393,-1453,84.9026184,394.44809,-1452.56958
-43,295,-1242,-42.0020561,300.071503,-1241.93591
-43,295,-1242,-42.5028725,299.04364,-1242.86768
196,403,-1238,196.293182,404.304321,-1238.95605
412,376,-1165,412.279602,377.102539,-1165.96008
288,275,-1106,288.389435,290.839661,-1106.92102
-1175,97,-267,-1175.99109,128.056519,-266.867035
-1175,97,-267,-1175.99927,131.452835,-266.961761
-1055,158,467,-1055.61523,176.452927,467.78833
-956,183,578,-956.743225,201.660706,578.668945
-382,146,818,-382.349457,169.863037,818.936951
-970,509,636,-970.310669,511.593964,636.9505
-1282,170,-106,-1282.88037,170.783524,-106.474251
-1282,170,-106,-1282.99902,170.733505,-106.042618
-65,309,975,-65.0425262,314.185303,975.999084
147,432,192,147.372818,432.706573,191.072098
-137,403,192,-137.279938,403.557037,191.039993
-137,403,192,-137.26181,403.555237,192.965073
147,432,192,147.37265,432.712097,192.927948
38,403,192,38.099617,403.530823,192.995026
-244,430,192,-244.217499,430.696808,191.023941
-313,391,120,-313.212463,391.71933,120.977119
210,391,265,210.235031,391.695496,264.028015
147,432,192,147.221909,432.709808,191.024933
34,364,264,34.0394287,364.51532,263.000793
-50,362,267,-50.0435257,362.494354,266.000977
-379,492,192,-379.429993,493.073364,191.097168
-244,430,192,-244.212494,430.692139,192.977158
-136,363,117,-136.013214,363.533325,117.999908
-137,403,192,-137.116791,403.539062,192.993118
275,489,192,275.416962,490.061951,192.90889
-50,362,267,-50.0435257,362.499023,266.000977
-50,362,117,-50.0125427,362.496796,117.999847
-50,362,117,-49.9905548,362.505737,117.999954
38,403,192,38.2653046,403.553711,192.964142
38,403,192,38.2693024,403.558167,191.036957
38,403,192,38.1084137,403.535004,191.005905
-137,403,192,-137.108734,403.548859,191.005936
-244,430,192,-244.362518,430.703186,192.931961
-244,430,192,-244.362518,430.699738,191.068024
612,280,-1002,612.310669,284.658875,-1002.9505
403,273,-1069,403.349579,280.24588,-1069.93689
978,143,-85,978.823486,143.779602,-85.567215
1074,137,-113,1073.29224,137.868561,-113.706444
765,136,-479,765.979248,137.200165,-479.202301
792,131,-324,792.88623,132.340729,-324.463196
612,280,-1002,611.911133,286.428131,-1002.99603
765,136,-479,765.936218,140.804413,-478.64859
915,137,-164,915.799133,137.973358,-164.601089
915,137,-164,915.865784,137.867218,-164.500397
601,142,-644,601.988159,236.515778,-644.153137
1156,129,-180,1155.00293,129.921661,-179.923523
1214,75,-176,1213.42786,76.9719391,-176.820145
745,66,-467,745.909912,66.984108,-466.585205
696,140,-529,696.572327,143.261993,-529.820007
601,142,-644,601.764526,201.345413,-644.644592
978,143,-85,978.436157,144.11615,-85.8998642
1074,137,-113,1073.81055,137.838638,-113.98188
1156,129,-180,1155.21021,130.124237,-180.613297
1266,154,-202,1266.78857,155.362183,-202.614899
1266,154,-202,1266.79932,155.402679,-202.600861
1383,157,-231,1382.88257,157.780716,-231.993073
1892,165,-372,1892.60742,165.800629,-372.794373
1592,150,-357,1591.7771,150.677795,-357.974823
1777,195,-203,1776.11182,196.263428,-203.459381
1658,106,-274,1658.97937,113.369804,-274.201874
1674,80,-172,1673.95654,83.521698,-172.999054
1825,93,-234,1824.02515,94.1204071,-234.222809
1592,150,-357,1591.4054,150.740646,-357.803986
1515,144,-290,1514.46606,144.801666,-290.84549
1702,211,-217,1702.7887,213.624924,-217.614777
1674,211,-253,1674.78906,213.62355,-253.614304
1658,106,-274,1658.06189,117.277557,-274.998077
1948,130,-274,1948.13281,140.665207,-274.991089
2290,122,2,2290.43115,127.018425,1.09772098
1674,211,-253,1674.95203,222.461777,-253.305832
1810,90,-163,1810.07617,95.0242004,-163.997086
1810,90,-163,1810.07666,94.9526215,-163.997055
1674,80,-172,1674.98914,84.098175,-172.146881
1674,211,-253,1674.98328,219.896683,-253.1819
1777,195,-203,1777.08789,197.905106,-203.996094
1777,195,-203,1776.02417,197.629898,-203.218506
2037,212,-128,2037.88062,219.545212,-128.473816
2045,344,-146,2045.91113,349.79718,-146.412094
2029,126,-119,2029.90222,129.294113,-119.431183
1971,275,-283,1971.83728,280.965881,-283.546722
2241,158,363,2241.81665,160.964523,362.422974
2465,363,349,2465.96265,365.790619,348.729248
2249,161,233,2249.99805,163.904572,233.060349
2477,345,531,2477.99878,347.465637,530.955078
2249,161,233,2249.23535,165.300262,233.971893
2249,161,233,2249.99707,163.902161,233.074142
2361,75,583,2361.82959,77.887291,582.44165
2406,164,555,2406.76782,165.683624,554.359375
2406,164,555,2406.55176,165.847977,554.166016
2671,132,758,2671.55078,134.669937,757.165405
2361,75,583,2361.50195,78.4550095,582.135132
2346,315,1189,2346.80884,350.38092,1189.58777
2346,315,1189,2346.76318,323.435883,1189.64612
2346,315,1189,2346.99805,393.881256,1189.05908
2045,344,-146,2045.56738,353.514496,-146.823441
2045,344,-146,2045.87659,352.759796,-146.48114
2045,344,-146,2045.53271,350.621124,-146.846268
2283,339,-14,2283.37939,346.772797,-14.9252186
1837,540,1797,1836.53284,542.938354,1797.88416
2696,357,734,2696.67798,359.654694,733.264954
-1182,91,55,-1181.74084,91.6458893,55.9658356
-1148,91,46,-1147.74023,91.6459961,46.9656715
-1071,29,119,-1071.58154,30.6233311,118.186485
-1071,29,119,-1071.99609,30.5972614,118.911705
-1214,26,153,-1213.95691,27.2135983,152.000931
-1107,29,-30,-1107.85596,30.6085529,-29.482954
-1107,29,-30,-1107.0127,30.5897579,-29.000082
1863,71,225,1863.91016,73.0097504,225.41423
1863,71,225,1863.4679,73.0056305,224.116226
1863,71,225,1862.11169,73.0287857,224.540756
1863,71,225,1862.55371,73.010582,225.894867
1731,71,160,1731.90796,73.1420975,160.418884
1731,71,160,1731.42578,72.9687805,159.095184
1731,71,160,1730.09717,72.8983841,159.570007
1731,71,160,1730.57031,73.1658554,160.902939
-373,532,871,-373.441589,535.56842,871.897217
-970,509,636,-970.733459,512.038818,636.679688
1825,76,-9,1824.5188,80.3901215,-9.87657261
1856,76,-74,1855.00183,80.3983765,-73.9395142
1856,76,-74,1855.50781,86.2398453,-73.1295166
1789,76,-70,1789.49902,87.4121704,-69.1334152
1789,76,-70,1789.99817,86.7865372,-69.9395142
1825,76,-9,1825.52808,80.9928436,-9.84917736
3448,68,-1100,3447.47241,71.7499161,-1100.84949
3414,68,-1079,3413.46558,71.7499161,-1079.84521
3444,68,-1141,3443.00391,73.1287689,-1140.91211
3448,68,-1100,3447.00391,73.1287689,-1099.91174
3414,68,-1079,3414.50195,73.3315506,-1079.86487
3379,68,-1100,3379.50195,73.3342667,-1100.86487
3380,68,-1138,3380.99927,75.4598694,-1137.96191
3379,68,-1100,3379.99902,75.4617691,-1099.95605
3380,68,-1138,3380.53516,82.3204575,-1137.15527
3411,68,-1158,3411.53516,82.3131332,-1157.15527
3444,68,-1141,3443.53125,74.3431549,-1140.1167
3411,68,-1158,3410.53247,74.3431549,-1157.11609
3414,68,-1079,3413.51172,72.3169708,-1079.87268
3444,68,-1141,3443.00098,71.7772141,-1140.95593
3444,68,-1141,3443.49121,75.9281616,-1140.13916
3380,68,-1138,3380.50195,78.4004974,-1137.13513
3380,68,-1138,3380.99902,76.5750198,-1137.95605
3414,68,-1079,3414.52148,73.0800247,-1079.85315
3379,68,-1100,3378.48169,68.9394684,-1099.1449
3414,68,-1079,3413.48633,68.9394684,-1078.14209
3414,68,-1079,3414.52661,68.8272552,-1078.1499
3448,68,-1100,3448.52759,68.8268509,-1099.15051
3444,68,-1141,3444.46484,68.7718964,-1141.88538
3411,68,-1158,3411.46289,68.7718964,-1158.88635
3448,68,-1100,3448.99414,68.8598938,-1100.10645
3444,68,-1141,3444.99414,68.8605423,-1141.10645
3411,68,-1158,3410.44751,68.8310013,-1158.8335
3380,68,-1138,3379.44824,68.8310776,-1138.83398
3380,68,-1138,3379.00098,68.820755,-1138.04333
3379,68,-1100,3378.00098,68.8201065,-1100.04297
3495,68,-951,3494.24146,71.7133331,-951.651611
3469,68,-921,3468.24243,71.7133331,-921.652527
3479,68,-989,3478.07397,73.0187302,-988.622559
3495,68,-951,3494.07202,73.016243,-950.62738
3469,68,-921,3469.22363,73.5516663,-921.97467
3429,68,-930,3429.2002,73.5489273,-930.979675
3419,68,-967,3419.96265,76.0770798,-967.270386
3429,68,-930,3429.96265,76.0790634,-930.270081
3419,68,-967,3419.75195,82.1456146,-966.34082
3443,68,-995,3443.75024,82.1456146,-994.338867
3479,68,-989,3478.82324,74.2496414,-988.015747
3443,68,-995,3442.82324,74.252861,-994.015747
3469,68,-921,3468.28247,72.3513641,-921.69635
3479,68,-989,3478.05835,72.138916,-988.663452
3479,68,-989,3478.79297,75.6422882,-988.021667
3419,68,-967,3419.71191,76.7668457,-966.297791
3419,68,-967,3419.96069,76.0600128,-967.277283
3469,68,-921,3469.23926,72.8813782,-921.970825
3429,68,-930,3428.77612,68.8788986,-929.025391
3469,68,-921,3468.77612,68.8785706,-920.025391
3469,68,-921,3469.75122,68.9118042,-920.339966
3495,68,-951,3495.75122,68.9122925,-950.339966
3479,68,-989,3479.15137,68.7638397,-989.988464
3443,68,-995,3443.15137,68.7643127,-995.988464
3495,68,-951,3495.91113,68.9461288,-951.412048
3479,68,-989,3479.92041,68.9464569,-989.390564
3443,68,-995,3442.22632,68.7771835,-995.633423
3419,68,-967,3418.2356,68.777504,-967.644592
3419,68,-967,3418.0293,68.907608,-966.759766
3429,68,-930,3428.0332,68.9079285,-929.744507
4019,69,-1000,4018.28247,82.723381,-1000.69641
4019,69,-1000,4019.23926,78.2543564,-1000.97095
2160,285,220,2160.44043,315.027771,219.102219
2192,285,202,2191.00488,338.018005,201.901306
2041,285,1,2041.58398,314.146454,0.188235134
2073,285,-17,2072.56934,311.389832,-16.0974884
2041,285,1,2041.99316,320.042908,1.115924
2348,444,456,2348.81714,512.415283,455.423584
2339,444,443,2339.81689,512.407104,442.423218
2339,444,443,2339.74756,487.48172,442.335815
2339,444,443,2339.55078,504.648865,443.834625
2352,444,434,2352.57788,504.670532,434.816101
2352,444,434,2352.60767,492.172119,434.794189
1685,303,1061,1684.35376,304.964722,1061.76306
1809,292,1180,1808.06824,293.372314,1179.63696
1594,290,1542,1593.24792,292.146545,1541.34094
1685,303,1061,1684.46387,305.003418,1061.84412
1685,303,1061,1684.2655,304.308105,1061.67859
1809,292,1180,1808.02136,294.422913,1179.79443
2429,354,229,2429.99878,362.812714,228.955719
2249,161,233,2249.22363,165.020218,233.97467
2407,124,-157,2407.99414,153.584106,-157.106842
2037,212,-128,2037.53223,219.435379,-128.846558
2029,126,-119,2029.22974,128.214096,-119.973251
2290,122,2,2290.47754,125.95636,1.12138951
2029,126,-119,2029.36218,130.017715,-119.932106
2267,298,-128,2266.00488,309.47464,-127.901306
2491,118,-257,2490.95801,156.415909,-256.000885
2612,120,46,2611.02417,126.895439,46.2183304
2593,120,-183,2592.00195,139.542679,-183.061951
2728,111,139,2727.41577,115.009018,139.811584
2409,182,211,2409.18262,184.588486,211.98317
2472,195,40,2472.94629,197.30867,40.3232193
2487,346,38,2487.95288,357.685059,37.6966553
2427,335,-155,2427.99902,345.182129,-154.958679
2427,319,-217,2427.34106,331.215698,-216.059967
2493,319,-240,2493.34106,331.218628,-239.059967
2570,319,-240,2569.95801,330.907684,-239.000885
2493,319,-240,2492.95801,330.907684,-239.000885
2584,330,-175,2583.02344,349.883301,-174.784775
2583,341,-98,2582.00098,363.71344,-98.0425262
2616,337,52,2615.36743,435.059906,52.7744865
2883,119,113,2883.17188,123.561256,113.985085
2429,354,229,2429.9519,361.308411,229.305923
2472,195,40,2472.88037,202.964722,40.4741592
2472,195,40,2472.95874,202.605988,39.7157173
2407,124,-157,2407.99121,276.217987,-157.131378
2491,118,-257,2491.37109,136.444061,-256.071411
2593,120,-183,2592.00879,128.632584,-183.131638
2581,120,-101,2580.01172,128.630402,-101.152374
2581,120,-101,2580.02051,129.296326,-100.798523
2612,120,46,2611.01733,129.309555,46.1853485
2570,319,-240,2569.00586,331.461945,-239.891907
2570,319,-240,2570.04199,330.034485,-239.000885
2427,319,-217,2427.37036,334.142792,-216.071121
2427,319,-217,2427.99219,326.476593,-217.123703
2487,346,38,2487.95776,356.110474,37.7126083
2616,337,52,2615.22314,343.93927,52.6296654
2722,280,169,2722.17676,286.167816,169.984222
2612,120,46,2611.3623,130.522598,46.7702293
2883,119,113,2883.1936,122.905556,113.981071
1948,130,-274,1948.88037,134.590363,-274.474274
2283,130,-115,2282.00098,161.796448,-114.956573
2252,185,-252,2251.02124,215.97818,-251.794998
2252,185,-252,2251.08252,203.173798,-252.397766
2767,304,-171,2767.98633,328.250092,-170.83522
2779,301,-250,2779.93433,307.495514,-250.356155
2554,307,-450,2553.88086,310.088806,-450.992859
2283,339,-14,2282.0105,367.902527,-13.8554811
2390,295,-426,2389.47559,298.177185,-426.85141
2909,203,-148,2908.24268,211.574493,-148.652802
3042,194,-378,3041.02441,199.79422,-377.780396
2962,299,-254,2961.00098,300.348297,-254.042267
3042,194,-378,3041.07886,198.72644,-378.389099
2770,307,-104,2769.56543,312.659943,-104.900581
2909,203,-148,2908.52563,213.999466,-148.88028
2863,309,-592,2862.2356,311.410706,-591.355286
2700,311,-663,2699.5957,313.535278,-662.085388
2895,198,-626,2894.33984,373.757019,-625.248901
2553,205,-801,2552.53198,234.020111,-800.116333
2491,218,-933,2490.49121,492.155914,-933.86084
2566,378,-1634,2565.2478,379.016296,-1634.65894
3063,327,-1890,3063.19531,327.554688,-1890.98059
2543,329,-756,2542.45801,331.779144,-755.159668
2553,205,-801,2552.41895,241.495346,-800.186157
2488,353,-944,2487.04858,374.096344,-944.307617
2561,383,-1070,2560.05933,386.721649,-1069.66077
2283,130,-115,2282.02051,171.943604,-114.798523
2267,298,-128,2266.01562,310.379303,-127.823921
2291,286,-361,2290.0874,297.57663,-361.408844
2291,286,-361,2290.66919,296.365997,-361.943695
2554,307,-450,2553.86523,310.376587,-450.990875
2554,307,-450,2554.20801,310.246857,-450.978088
2779,301,-250,2779.89722,324.639221,-250.441544
2779,301,-250,2779.98535,331.553467,-249.829468
2770,307,-104,2770.99609,333.779205,-104.087143
2885,308,-156,2884.58105,313.895416,-156.907959
2962,299,-254,2961.21899,302.626587,-254.624466
2962,299,-254,2961.05664,302.17804,-254.331238
2970,291,-478,2969.01343,292.85318,-477.8367
2970,291,-478,2969.29297,292.799896,-477.292847
2700,311,-663,2699.62109,314.052521,-662.074585
2700,311,-663,2699.44141,314.196686,-662.170593
2443,342,-805,2442.48145,344.727875,-804.144958
2443,342,-805,2442.00098,344.859314,-805.043274
2488,353,-944,2487.47656,365.828888,-944.852051
2561,383,-1070,2560.09448,385.839996,-1069.57581
2492,369,-1476,2491.01074,370.931152,-1476.14563
3063,327,-1890,3063.22656,327.560303,-1890.97388
3063,327,-1890,3063.15161,327.573669,-1890.9884
2566,378,-1634,2565.1438,379.704407,-1634.5166
2566,378,-1634,2565.38086,379.937103,-1634.78528
2644,215,-1024,2643.07007,324.284027,-1023.63232
2491,218,-933,2490.48633,409.194397,-933.857971
2895,198,-626,2894.2981,210.92305,-625.287781
3042,194,-378,3041.00977,203.845276,-377.860596
3042,194,-378,3041.0564,200.7108,-378.330597
2909,203,-148,2908.21948,210.807281,-148.624924
2909,203,-148,2908.57227,210.030838,-148.9039
2487,346,38,2487.94116,357.488739,38.3377228
3725,113,-177,3725.7207,114.292053,-176.306763
3725,113,-177,3725.99609,114.218292,-176.911713
3451,133,141,3450.19653,134.15303,141.595215
3043,151,46,3043.84424,152.020172,46.5356712
3185,165,-32,3184.6814,166.142349,-31.0521126
3185,165,-32,3185.49072,165.981415,-31.128685
3168,96,-101,3168.44238,101.016525,-100.10318
2883,119,113,2883.16138,123.023003,113.986893
2963,110,97,2963.9187,114.717834,97.3947601
2873,303,167,2873.15381,306.416107,167.988098
3395,331,380,3394.64355,333.013184,380.934296
3038,318,216,3037.76392,320.058716,216.971725
3200,329,277,3199.6543,331.974487,277.938324
3395,331,380,3394.52783,333.980865,380.88147
3038,318,216,3037.50098,321.165649,216.86647
3646,232,317,3646.76196,232.726181,317.647491
3868,214,87,3868.66602,214.656296,87.745842
3748,114,-24,3748.99316,114.848099,-24.1154861
3646,232,317,3646.93433,233.547882,317.356262
3573,138,343,3573.70435,140.373932,343.709686
4129,207,-217,4129.41797,207.582031,-216.091553
4039,121,-353,4039.48633,122.098503,-352.126251
3851,125,-285,3851.3042,126.139221,-284.047394
3778,161,-173,3778.70605,162.274948,-172.291855
3778,161,-173,3778.98926,161.902267,-173.145004
3724,226,213,3724.58301,226.814819,213.812439
3748,114,-24,3748.98828,114.712059,-24.1517925
3778,161,-173,3778.66797,162.065765,-172.255814
4129,207,-217,4129.54785,207.495743,-216.163437
4039,121,-353,4039.30371,122.158043,-352.047241
3477,68,76,3476.32349,95.0272064,76.7362518
3168,96,-101,3167.6416,108.475044,-100.066437
3168,96,-101,3168.42896,108.890114,-100.09668
3185,165,-32,3185.55103,165.918961,-31.1655121
3185,165,-32,3184.32349,165.611908,-31.2635708
3321,144,40,3320.29419,144.546753,40.7082825
4353,506,-809,4353.97754,517.11145,-808.789307
4488,501,-1174,4488.99609,506.440308,-1174.08752
4488,501,-1174,4488.83398,506.827789,-1174.55176
4327,214,-816,4327.91113,235.906631,-815.587891
4435,512,-970,4435.88379,522.851685,-969.532166
4016,339,-1867,4016.87646,340.275482,-1867.48096
3935,321,-1990,3935.94922,322.039032,-1990.31445
4122,342,-1880,4121.90137,343.001007,-1880.99512
4220,345,-1891,4219.92383,345.826752,-1891.99707
3988,253,-1780,3988.79468,255.779541,-1780.60693
4122,342,-1880,4122.05957,342.798431,-1880.99817
3988,253,-1780,3988.16895,254.585312,-1780.98547
4220,345,-1891,4220.19043,345.708282,-1891.98169
3935,321,-1990,3935.84277,322.184601,-1990.53809
3841,250,-2061,3841.99976,310.177002,-2060.99219
4271,497,-1616,4271.98145,544.174988,-1616.19116
4302,496,-1452,4302.8999,653.627136,-1452.43555
4435,512,-970,4435.91455,520.204285,-969.595703
4332,214,-592,4332.73438,230.092194,-591.321289
4332,214,-592,4332.99902,251.324921,-592.042969
4327,214,-816,4327.99902,251.324921,-816.042969
4327,214,-816,4327.91016,233.309906,-815.585754
4397,214,-977,4397.91016,233.280533,-976.585754
3451,340,-1923,3450.84277,340.519318,-1923.98755
3606,312,-1981,3605.00781,314.556183,-1980.87537
3451,340,-1923,3450.21851,340.719421,-1923.6239
3638,236,-1960,3637.00098,345.696442,-1960.04297
3638,236,-1960,3637.15039,364.585876,-1960.52734
3606,312,-1981,3605.13525,313.996002,-1981.5022
3451,340,-1923,3450.46411,340.752716,-1923.84424
3675,127,-349,3675.34473,128.770264,-348.06131
3260,124,-168,3260.98926,125.644394,-167.853943
3283,137,-126,3283.99487,137.660812,-126.099091
3283,137,-126,3282.69702,137.659622,-126.952995
3219,88,-35,3219.99219,98.8387756,-34.875248
3260,124,-168,3260.46777,126.02668,-167.116165
3283,137,-126,3282.52148,137.77124,-126.878067
3675,127,-349,3675.34375,128.729935,-348.060944
3696,138,-312,3695.67114,138.759018,-312.944336
3696,138,-312,3695.66797,138.841202,-312.943207
3515,134,-243,3514.42773,134.989594,-243.819977
3260,124,-168,3260.44238,125.776688,-167.10318
3675,127,-349,3675.34082,128.595779,-348.059875
3886,110,-437,3886.36255,111.11898,-436.068054
3223,457,56,3223.9873,516.838806,56.1581001
3225,457,41,3225.9873,516.838806,41.1580963
3225,457,41,3225.99707,503.455109,41.0747833
3225,457,41,3224.93457,511.321014,41.9978561
3254,457,43,3253.93457,511.324341,43.9978561
3254,457,43,3253.95312,505.580902,43.9988976
3657,220,-1136,3657.62842,225.927261,-1135.22217
3731,224,-1059,3730.28442,230.435638,-1059.69849
3718,223,-1135,3717.28735,226.899429,-1134.29858
3745,223,-1108,3744.29126,226.899429,-1107.29456
3657,220,-1136,3657.13086,224.075363,-1135.00867
3664,280,-1141,3664.9646,290.288635,-1140.73633
3636,223,-1046,3636.98535,235.928772,-1046.16968
3731,224,-1059,3730.15527,229.399109,-1059.53516
3750,126,-1056,3749.29492,127.452774,-1056.70911
3727,126,-1033,3726.29492,127.452774,-1033.70911
3739,280,-1116,3738.03589,287.517609,-1116.26538
3628,222,-1096,3628.80078,225.880936,-1095.40112
3718,223,-1135,3717.95605,226.08519,-1134.00098
3745,223,-1108,3744.05249,228.767136,-1107.6803
3718,223,-1135,3717.38477,226.998093,-1134.21167
3731,224,-1059,3730.03491,227.084412,-1059.26172
3731,224,-1059,3730.06812,241.818893,-1059.36267
3718,222,-1024,3718.15161,232.070053,-1024.9884
3636,223,-1046,3636.37695,234.96286,-1046.92615
3628,222,-1096,3628.98828,236.996902,-1096.15234
3749,538,-1049,3749.98242,538.889709,-1048.81335
3753,538,-1070,3753.97949,538.890076,-1069.79858
3758,538,-1030,3758.90186,539.020447,-1030.43152
3749,538,-1049,3749.89624,539.020447,-1049.44312
3776,538,-1020,3776.47949,539.216919,-1020.87744
3758,538,-1030,3758.47754,539.217346,-1030.87854
3797,538,-1022,3796.90088,539.33551,-1022.99506
3776,538,-1020,3775.90137,539.33606,-1020.99512
3813,538,-1036,3812.34009,539.723328,-1036.75134
3797,538,-1022,3796.34009,539.723328,-1022.75122
3817,538,-1057,3816.01562,539.669739,-1057.17493
3813,538,-1036,3812.01855,539.670654,-1036.19141
3808,538,-1077,3807.08496,539.408936,-1076.59668
3817,538,-1057,3816.08887,539.409363,-1056.58789
3789,538,-1087,3788.51855,538.993225,-1086.12354
3808,538,-1077,3807.53174,538.993225,-1076.11646
3768,538,-1085,3768.08765,538.799255,-1084.00391
3789,538,-1087,3789.08789,538.798828,-1086.00391
3753,538,-1070,3753.69678,538.770813,-1069.28271
3768,538,-1085,3768.69751,538.770813,-1084.28345
3749,538,-1049,3749.90527,538.939392,-1049.4248
3776,538,-1020,3776.46289,539.191772,-1020.88629
3776,538,-1020,3775.95605,539.501526,-1020.99902
3813,538,-1036,3812.354,539.517944,-1036.76331
3813,538,-1036,3812.01172,539.619141,-1036.15234
3808,538,-1077,3807.08472,539.307861,-1076.59729
3808,538,-1077,3807.51001,539.039307,-1076.1283
3789,538,-1087,3789.10693,538.913574,-1086.00574
3753,538,-1070,3753.74341,538.756104,-1069.33118
3753,538,-1070,3753.99243,538.764038,-1069.87732
3241,337,-1583,3241.90381,344.491608,-1582.57227
3246,337,-1594,3246.90503,344.491608,-1593.57471
3256,337,-1590,3255.62231,339.201141,-1589.0741
3246,337,-1594,3245.62207,339.201141,-1593.07422
3295,63,-1640,3294.95605,95.7475891,-1640.99902
3238,63,-1640,3237.95605,95.7475891,-1640.99902
3252,337,-1579,3251.05859,374.700531,-1579.33691
3256,337,-1590,3255.05249,374.700531,-1590.3197
3261,149,-1691,3260.24146,150.224091,-1690.34839
3237,149,-1633,3237.91479,197.862228,-1632.59619
3261,149,-1691,3261.91748,197.862228,-1690.60254
3289,144,-1665,3288.00391,153.372498,-1665.08789
3252,337,-1579,3251.00488,344.507019,-1579.09766
3246,337,-1594,3245.28271,339.483795,-1593.30322
3246,337,-1594,3246.92285,345.257751,-1593.61487
3287,135,-1636,3286.00488,144.487686,-1636.09851
3261,149,-1691,3261.06152,151.384796,-1690.00195
3261,149,-1691,3261.99512,153.857071,-1690.90137
3295,63,-1640,3295.06128,76.4944153,-1640.99805
4431,214,-1170,4431.9458,278.579742,-1170.32422
4327,214,-816,4327.99902,246.942276,-816.042969
4438,214,-1076,4438.9209,239.509399,-1075.61023
4397,214,-977,4397.9209,239.490311,-976.610229
4435,512,-970,4435.96094,524.205811,-969.723267
4435,512,-970,4435.92285,519.797791,-969.614868
4431,214,-1170,4431.99512,254.518555,-1170.09827
4397,214,-977,4397.91113,233.69812,-976.587891
2566,378,-1634,2565.09717,380.071014,-1634.42993
147,432,192,147.212524,432.716156,192.977127
619,379,-1084,619.368652,380.107452,-1084.92957
2108,546,1709,2108.37695,552.940918,1709.92603
2559,452,1928,2558.38477,453.678894,1927.21167
2301,457,2133,2300.5686,459.089172,2132.0979
2460,309,2108,2460.15186,607.459717,2107.01172
2559,452,1928,2558.41235,453.550293,1927.19092
2301,457,2133,2300.35938,459.306946,2132.23218
2207,318,2237,2206.05151,339.202728,2236.68335
2207,318,2237,2206.01562,340.473541,2236.82397
1278,507,3064,1277.28235,508.597412,3063.30371
1656,498,2746,1655.49121,499.372284,2745.13916
1533,325,2965,1532.28235,480.573578,2964.30371
1321,325,3182,1320.28613,480.534363,3181.2998
3619,533,2950,3619.87964,534.169128,2949.52441
3751,242,3713,3751.9646,282.014984,3712.73633
3885,481,4184,3885.99707,483.2854,4183.92383
3751,242,3713,3751.99902,323.402985,3712.95605
1206,465,4104,1205.00293,466.981506,4104.0752
764,508,3432,764.958984,510.978241,3431.71655
1015,596,3982,1015.98242,597.051941,3981.81348
1015,596,3982,1015.99902,596.938721,3981.95605
1092,617,3237,1091.0116,618.055542,3236.84839
1238,456,3298,1237.0155,459.112976,3297.82471
1238,456,3298,1237.04077,458.745819,3297.71753
1193,477,3445,1192.02515,479.572571,3444.77734
1278,507,3064,1277.03015,509.511414,3063.75635
1264,325,3888,1263.00391,389.19455,3888.08716
1206,465,4104,1205.00391,467.122742,4104.08789
1398,481,5065,1397.02905,483.917938,5065.23926
3885,481,4184,3885.52148,481.82193,4184.85303
3974,496,3670,3974.9873,497.126007,3670.15771
3561,252,2956,3561.96948,294.315613,2955.75488
3772,234,4132,3772.1521,479.985352,4132.98828
3619,533,2950,3619.9668,537.638245,2949.74463
3679,497,2130,3679.15234,509.770813,2129.01172
3679,497,2130,3679.96948,500.587952,2129.75488
3623,295,2136,3623.96948,372.467865,2135.75488
3667,290,2326,3667.96802,1587.28491,2325.74927
3722,506,2308,3722.97461,509.642029,2307.77612
3626,530,2651,3626.95581,533.667297,2651.29395
3303,456,2071,3303.04272,459.064819,2070.00098
3037,451,1929,3037.19043,458.492035,1928.01831
2710,443,1862,2710.09668,445.710724,1861.00476
3303,456,2071,3303.46729,462.545502,2070.11597
2205,260,3726,2205.73364,265.234894,3726.67944
2262,260,3662,2262.73364,265.232422,3662.67944
2262,260,3662,2262.74414,265.009552,3662.66797
2184,166,3721,2184.72876,181.7686,3721.68433
2255,166,3642,2255.73364,181.79303,3642.67944
2255,166,3642,2255.73364,181.67691,3642.67944
2262,260,3662,2261.80347,265.181946,3662.98047
2345,260,3679,2344.78418,265.181946,3679.97632
2345,260,3679,2344.80835,265.09314,3679.98145
2255,166,3642,2254.79395,181.910553,3642.97852
2360,166,3663,2359.79395,181.891037,3663.97852
2360,166,3663,2359.79297,183.480026,3663.97827
2345,260,3679,2344.05176,264.874176,3679.31714
2373,260,3760,2372.05151,264.872955,3760.31665
2373,260,3760,2372.05273,265.381134,3760.32031
2360,166,3663,2359.05151,183.604706,3663.31665
2394,166,3764,2393.05151,183.62326,3764.31665
2394,166,3764,2393.0498,181.173447,3764.31128
2373,260,3760,2372.24146,264.927551,3759.34839
2316,260,3824,2315.24146,264.919891,3823.34839
2316,260,3824,2315.24146,264.900146,3823.34839
2394,166,3764,2393.24146,182.806549,3763.34839
2323,166,3845,2322.2356,182.822708,3844.35547
2323,166,3845,2322.24146,182.46199,3844.34839
2316,260,3824,2316.19531,264.993896,3823.01929
2233,260,3807,2233.20557,264.996338,3806.02148
2233,260,3807,2233.18652,265.004883,3806.01758
2323,166,3845,2323.19531,182.8582,3844.01929
2218,166,3823,2218.19434,182.875092,3822.01929
2218,166,3823,2218.20898,182.672943,3822.02222
2233,260,3807,2233.94702,264.854828,3806.67896
2205,260,3726,2205.94604,264.853638,3725.67603
2205,260,3726,2205.94629,265.109039,3725.67676
2218,166,3823,2218.94702,182.196915,3822.67896
2184,166,3721,2184.94897,182.215515,3720.68481
2184,166,3721,2184.94922,182.719315,3720.68555
3503,253,3760,3502.89209,254.284042,3760.99414
3539,253,3763,3538.90137,254.284836,3763.99512
3499,253,3797,3499.99121,254.162476,3797.13135
3503,253,3760,3503.99219,254.162872,3760.12329
3503,253,3760,3503.84961,254.486588,3760.52734
3499,253,3797,3499.94019,254.37677,3796.65942
3499,253,3797,3499.55469,254.480988,3796.16797
3503,253,3760,3503.26172,254.289978,3760.96509
819,440,3709,819.991333,441.921661,3708.86865
819,440,3709,819.986267,441.768463,3708.83496
934,502,4491,934.995056,504.341187,4490.90088
989,617,3580,989.992126,618.0271,3579.875
989,617,3580,989.883301,617.83606,3579.53125
-199,172,4365,-199.272507,172.643997,4365.96191
-888,122,4059,-888.658386,162.616241,4059.75244
-832,122,4106,-832.652344,162.655212,4106.75781
-387,312,4279,-387.514465,341.607361,4279.85742
-167,119,4285,-167.896805,139.374893,4285.44238
-167,119,4285,-166.924438,147.510452,4285.99707
-153,169,4431,-153.979752,169.92218,4430.7998
-153,169,4431,-153.836548,169.717911,4431.54785
-666,79,3954,-665.339966,80.9225311,3953.24878
-666,79,3954,-666.773499,80.9862061,3953.36621
-777,79,3857,-777.677856,81.0629959,3857.73511
-777,79,3857,-776.248047,80.8547516,3857.65918
-777,79,3857,-776.339844,80.9279785,3856.24902
-777,79,3857,-777.751221,81.1364899,3856.34009
-387,312,4279,-387.521637,342.266144,4279.85303
481,514,3173,480.312408,543.219849,3172.27393
723,521,3262,723.978333,524.156128,3261.79297
723,521,3262,723.9646,523.78595,3261.73633
184,493,3123,184.459625,517.620972,3122.11206
511,551,3138,510.255829,577.269531,3137.33203
194,882,2918,194.952408,890.89209,2918.30469
-279,488,2827,-278.867737,498.221771,2826.00879
-274,798,2816,-273.867737,825.242798,2815.00879
-354,488,2786,-353.263824,505.892578,2785.32324
-334,796,2769,-333.273132,807.960938,2768.31323
-274,798,2816,-273.65152,812.649597,2815.06274
-310,798,2802,-309.648773,812.656494,2801.06372
-310,798,2802,-309.18808,812.073425,2801.41626
-334,796,2769,-333.693817,836.179688,2768.0481
-406,796,2746,-405.706024,836.169678,2745.04419
-418,490,2750,-417.489502,509.77536,2749.14014
-323,482,2821,-322.288971,503.711365,2820.29688
-323,482,2821,-322.767334,496.715027,2820.02759
-517,345,2784,-516.029053,418.586304,2783.76074
-494,345,2846,-493.064941,370.902832,2845.64551
-517,345,2784,-516.06311,370.915894,2783.65039
-517,345,2784,-516.000977,417.846375,2784.04395
-514,345,2723,-513.000977,417.906403,2723.04395
-203,488,2855,-202.812653,492.806366,2854.01782
-253,640,2836,-252.828766,656.263184,2835.01489
-222,804,2837,-221.767761,829.535461,2836.02734
-274,798,2816,-273.491974,823.848572,2815.13867
-279,488,2827,-278.255829,500.827881,2826.33203
-203,488,2855,-202.499908,491.457153,2854.13403
-494,345,2846,-493.473389,372.309723,2845.1499
-360,345,2945,-359.440552,416.826569,2944.17114
-474,485,2628,-473.079041,1054.30676,2628.38965
-318,639,2388,-317.187714,737.786743,2388.58325
-318,639,2388,-317.025055,640.578735,2387.77759
-429,614,1932,-428.087219,615.835266,1932.40845
-370,325,1485,-369.353821,461.504578,1485.76318
-297,584,1565,-296.600555,586.501709,1565.91675
-297,584,1565,-296.243774,586.383667,1565.6543
-318,639,2388,-317.071228,640.551453,2387.62939
-445,345,2558,-444.087128,455.819427,2557.5918
-318,639,2388,-317.040955,640.783203,2387.7168
-392,616,2177,-391.010803,617.708496,2176.85352
-429,614,1932,-428.071045,616.067566,1932.37012
-444,471,1343,-443.512604,473.961578,1342.12683
-1417,604,1133,-1417.69727,607.777649,1132.2832
-1697,20,2384,-1697.11548,77.9350052,2383.00684
-1697,20,2384,-1697.94019,191.439804,2383.65942
-1793,378,1763,-1793.94592,382.752747,1762.67578
-1946,390,2077,-1946.79175,394.197327,2076.38916
-1931,617,1684,-1931.95105,618.571228,1683.69104
-1949,513,1963,-1949.84924,514.990295,1962.47205
-1986,506,2282,-1986.95874,507.254028,2282.28394
-1689,255,1434,-1689.53711,276.764771,1433.15649
-1689,255,1434,-1689.63281,278.699371,1433.22571
-1532,531,1272,-1532.73364,534.356079,1271.32056
-1417,604,1133,-1417.40247,607.502441,1132.08459
-1841,658,1444,-1841.6134,660.623108,1443.21033
-1532,531,1272,-1532.64453,534.108093,1271.23547
-1949,513,1963,-1949.92786,514.923523,1962.62708
-1944,510,2431,-1944.96069,511.145508,2431.27734
-1944,510,2431,-1944.90479,511.134064,2431.42554
-1860,355,2267,-1860.85486,358.296539,2267.51855
-1867,351,1987,-1867.81873,355.576416,1986.4259
-1147,263,3579,-1147.61389,274.977478,3579.78931
-950,249,2654,-950.788269,253.47641,2654.61523
-872,255,2862,-872.999023,259.442169,2861.95605
-1160,244,2713,-1159.58789,252.17244,2713.91113
-950,249,2654,-949.923523,256.903961,2654.99707
-1076,323,2876,-1075.09668,323.569489,2876.42896
-1196,244,2812,-1195.06311,250.99147,2812.34961
-1160,244,2713,-1159.0636,250.989761,2713.35083
-1076,323,2876,-1075.06348,323.629822,2876.35059
-1426,254,3002,-1425.63611,259.620544,3002.9314
-1322,254,2961,-1321.6311,259.612518,2961.92944
-1426,254,3002,-1425.49658,258.59079,3002.86401
-1426,254,3002,-1425.67603,258.443939,3002.94604
-1179,306,3019,-1178.06311,306.75119,3019.34961
-871,252,2755,-871.791321,256.33078,2755.61133
-872,255,2862,-872.776855,259.948853,2861.37036
-872,255,2862,-872.999023,258.609314,2862.04395
-1749,491,2573,-1749.91492,494.423248,2573.40356
-1533,460,3050,-1533.94006,495.047119,3050.34058
-1468,320,3213,-1468.93176,331.634094,3213.36304
-1468,320,3213,-1468.90515,338.516968,3213.42505
-1533,460,3050,-1533.9469,493.624695,3050.32129
-1710,348,2559,-1710.94104,663.595154,2559.33789
-890,298,1874,-890.988159,302.629395,1873.84668
-902,298,1957,-902.991089,302.630554,1956.86719
-821,301,1700,-821.964844,305.594543,1699.73718
-816,298,1521,-816.95575,302.699097,1521.29395
-792,298,1597,-792.955811,302.696136,1597.29382
-1111,299,1928,-1110.05347,304.544037,1927.67749
-1083,299,1732,-1082.00586,302.589417,1731.89197
-1096,298,1606,-1095.06799,301.948608,1606.36243
-1058,298,1509,-1057.06799,301.954224,1509.36243
-966,299,1986,-966.042969,304.532837,1985.00098
-1009,416,1864,-1008.91174,416.764893,1863.00391
-1073,356,1817,-1072.05347,357.398315,1817.32251
-1089,356,1864,-1088.05396,357.398315,1864.32397
-1073,356,1910,-1072.41895,357.159943,1909.18616
-1034,356,1939,-1033.41235,357.160706,1938.19092
-982,356,1944,-981.901306,357.153442,1943.00488
-1034,356,1939,-1033.90137,357.154572,1938.00488
-982,356,1944,-982.526367,357.048645,1943.14978
-942,356,1920,-942.521545,357.049744,1919.14685
-929,356,1868,-929.960815,357.337311,1868.2771
-944,356,1817,-944.955933,357.336487,1817.29358
-944,356,1817,-944.677734,357.20459,1817.73523
-1073,356,1817,-1072.75537,356.637787,1817.9696
-929,359,1734,-928.84668,360.290039,1733.01184
-929,359,1734,-929.572571,360.142151,1733.18018
-904,359,1477,-904.71582,361.066284,1477.69824
-904,359,1477,-903.911133,361.163788,1477.99597
-1037,356,1529,-1036.32043,358.046875,1529.73352
-1037,356,1529,-1036.06799,358.131165,1529.36243
-1067,356,1605,-1066.07056,358.13089,1605.3689
-956,456,1602,-955.067993,456.940338,1602.36243
-1067,356,1605,-1066.00488,358.00412,1604.90137
-956,456,1602,-955.004822,456.876495,1601.90198
-1073,356,1910,-1072.05347,357.391388,1909.67749
-1009,416,1864,-1008.0592,416.780243,1863.66113
-942,356,1920,-942.970581,357.225006,1919.75928
-929,356,1868,-929.970642,357.225006,1867.75952
-1009,416,1864,-1009.96948,416.74353,1863.75488
-844,356,1679,-844.964661,358.069611,1678.73657
-822,356,1598,-822.964844,358.067535,1597.73718
-956,456,1602,-956.965698,456.735931,1601.74036
-956,456,1602,-956.917725,456.782471,1602.39722
-822,356,1598,-822.936157,358.014069,1598.35156
-1067,356,1605,-1066.00293,358.085388,1604.92358
-1063,355,1657,-1062.47168,355.754761,1656.151
-1073,356,1817,-1072.06311,357.405151,1817.34961
-1159,151,1867,-1158.06311,427.415527,1866.65039
-1159,151,1867,-1158.00098,6731.79443,1866.95593
-875,151,1993,-875.700317,173.138718,1992.28625
-927,151,2044,-927.69635,173.153381,2043.28235
-966,299,1986,-965.621094,302.943024,1985.07458
-966,299,1986,-966.702637,301.161926,1985.28845
-890,298,1874,-890.979553,301.934753,1873.79883
-908,298,1786,-908.667053,303.277496,1785.255
-792,298,1597,-792.955933,302.033112,1596.70642
-792,298,1597,-792.95575,302.714783,1597.29382
-893,298,1447,-893.658508,302.437164,1447.75256
-893,298,1447,-892.957031,302.198425,1447.99902
-1058,298,1509,-1057.30249,303.116089,1509.71655
-1058,298,1509,-1057.08459,302.474731,1509.40247
-1083,299,1732,-1082.01831,300.997528,1732.19043
-1083,299,1732,-1082.00073,300.869537,1732.03821
-1111,299,1928,-1110.06335,305.000671,1927.64978
-1111,299,1928,-1110.50977,306.872772,1927.12842
-1073,356,1910,-1072.31946,357.464539,1909.26733
-982,356,1944,-982.043213,357.356781,1943.00098
-982,356,1944,-982.427795,357.252014,1943.09619
-929,356,1868,-929.989258,357.408386,1867.85388
-929,356,1868,-929.982178,357.612946,1868.1875
-844,356,1679,-844.699158,357.795776,1678.28503
-844,356,1679,-844.964844,357.930756,1678.73718
-845,353,1534,-845.950867,354.760681,1534.30945
-845,353,1534,-845.697266,354.859863,1534.7168
-989,353,1482,-988.956055,354.891266,1482.99902
-989,353,1482,-988.301758,354.828522,1482.71582
-1067,356,1605,-1066.06995,358.15509,1605.36731
-1014,151,1873,-1014.87158,188.31427,1872.50977
-992,151,2006,-991.115662,239.455017,2006.4668
-1089,356,1864,-1088.0592,357.428558,1863.66113
-1073,356,1910,-1072.0592,357.429169,1909.66113
-1468,320,3213,-1468.93652,641.414368,3213.35059
-1235,244,2922,-1234.03674,250.517059,2922.26855
3776,538,-1020,3776.49512,539.116516,-1020.86871
3776,538,-1020,3776.47754,539.255188,-1020.87842
1896,108,-279,1895.55566,109.70813,-279.895844
1810,90,-163,1809.12634,92.1483841,-163.48645
1896,108,-279,1895.46643,109.990875,-279.845734
-1148,91,46,-1148.16602,91.7630157,46.9861221
-1148,91,46,-1148.81384,91.7851868,46.5810623
-1139,91,79,-1139.96375,91.6990509,79.2665939
-1148,91,46,-1148.96655,91.6986771,46.2560997
-1139,91,79,-1139.58105,91.8468628,78.186142
-1174,87,89,-1173.82129,87.8751602,88.0161057
-1184,32,-39,-1184.12781,34.1645203,-38.0082016
-1062,31,37,-1062.82422,32.7822838,37.5662613
-1062,31,37,-1062.99316,32.717556,36.8832741
-1071,29,119,-1071.57019,30.6250858,118.17849
-1135,29,164,-1135.57092,30.6255474,163.179001
-1135,29,164,-1134.83789,30.658453,163.013229
-1139,91,79,-1139.12537,91.7445679,78.0078964
-1139,91,79,-1139.99207,91.8759308,78.8745193
1441,95,992,1441.96948,103.301239,991.754883
1554,99,1020,1554.24316,107.759926,1019.03003
1583,70,840,1583.04395,73.0795898,840.999023
1484,67,843,1484.7511,70.6380844,843.660034
1554,99,1020,1553.26477,112.710068,1019.3222
1641,239,843,1640.79358,239.903305,842.021545
1676,238,837,1675.255,242.18869,836.332947
1620,234,789,1620.99915,234.841873,789.036743
1620,234,789,1620.75037,236.409912,789.661011
1616,231,822,1616.98926,231.938705,822.146118
1641,239,843,1641.28284,239.740417,842.040833
1732,365,740,1731.81274,366.488037,739.0177
1554,99,1020,1553.23547,107.5942,1019.35541
1583,70,840,1582.05237,77.1132736,840.319336
1583,70,840,1582.86731,76.6847,840.99115
1420,66,917,1420.81396,72.1018982,917.580872
1420,66,917,1420.94897,71.2245407,916.684692
1554,99,1020,1554.23926,108.170738,1019.02905
-787,365,281,-786.492188,368.282837,280.13855
-799,365,274,-798.49408,368.283661,273.137421
-793,365,262,-793.444397,483.788147,262.895813
-781,365,268,-781.444336,483.802765,268.895813
-799,365,274,-798.014465,367.685516,273.830536
-799,365,274,-798.112793,367.841095,274.461304
-793,365,262,-792.112976,367.841095,262.46167
-793,365,262,-792.243286,368.319519,262.653717
-806,156,290,-806.969604,157.852234,290.244598
-873,156,305,-872.01062,157.842346,304.854675
-947,23,304,-946.031982,27.4390965,304.250793
-923,23,206,-922.031982,27.4349823,206.250793
-947,23,304,-946.370117,26.7846241,303.223328
-742,23,251,-742.936218,26.9292488,250.64859
-742,23,251,-742.704102,27.2704201,251.709991
-813,23,180,-813.703247,27.2706852,180.710938
-806,156,290,-806.748352,158.111893,289.3367
-854,156,238,-854.34375,157.920013,238.939056
-923,23,206,-922.776367,26.514677,206.97467
-813,23,180,-812.776367,26.5122356,180.97467
-785,22,362,-785.177734,25.5523891,361.01593
-873,156,305,-872.603516,158.246735,304.08197
-834,152,324,-834.177734,154.801605,323.01593
-806,156,290,-806.93042,158.953979,289.633514
-813,151,250,-813.705139,153.562592,250.709015
-854,156,238,-853.224426,157.783035,238.631256
-854,156,238,-853.776367,158.856491,238.97467
-881,151,267,-880.031982,153.32373,267.250793
-873,156,305,-872.370178,158.896011,304.223267
-787,365,281,-786.590149,368.630646,280.08786
-793,365,262,-793.283203,401.848724,262.959045
-861,20,376,-861.213501,23.1237984,375.023071
-742,23,251,-742.936523,27.1531792,250.649399
-742,23,251,-742.702148,26.8904438,251.711945
-923,23,206,-922.732849,27.2154408,206.963654
-923,23,206,-922.024597,26.8791504,206.220337
-861,20,376,-860.355591,23.2578964,375.235321
-889,76,3178,-888.011536,79.5969391,3178.15137
-884,76,3146,-883.011536,79.5963745,3146.15137
-851,76,3207,-850.385376,79.905098,3206.21118
-889,76,3178,-888.396851,79.9041138,3177.20239
-810,77,3144,-810.997131,80.9082031,3143.92432
-810,77,3144,-810.53418,80.777771,3144.84521
-845,77,3122,-845.537109,80.777771,3122.84326
-845,77,3122,-844.476562,80.7046432,3122.85205
-813,76,3190,-813.411987,79.6539536,3189.08887
-851,76,3207,-851.411377,79.6530151,3206.08862
-851,76,3207,-851.425781,79.5847931,3206.09521
-810,77,3144,-810.997009,80.7219009,3143.92285
-810,77,3144,-810.507324,80.6307831,3144.86157
-884,76,3146,-883.472595,79.6950989,3146.84961
-884,76,3146,-883.006714,79.4260178,3146.11548
-851,76,3207,-850.393311,79.6149597,3206.20508
-1189,79,281,-1189.04199,79.8629074,281.999115
-1154,79,281,-1154.04199,79.8629074,281.999115
-1074,29,301,-1074.92847,30.6862583,300.628601
-1074,29,301,-1074.94604,30.6476479,301.324005
-1173,29,397,-1173.3302,30.699789,396.056091
-1174,31,199,-1174.41699,32.5461807,199.90889
-1174,31,199,-1173.7334,32.4854927,199.963806
-1154,79,281,-1153.65442,79.5491638,281.938385
-1154,79,281,-1154.4082,79.7215805,281.912872
-1154,79,281,-1154.99512,80.0119095,280.901306
-1154,75,318,-1154.88623,75.7497559,317.536774
-1176,87,351,-1176.36633,88.3474731,350.069519
-1174,31,199,-1173.69531,32.3820648,199.952438
-1174,31,199,-1174.40137,32.5779152,199.915878
-1099,29,230,-1099.94617,30.647522,230.323654
-1074,29,301,-1074.94592,30.6463318,301.32428
-1074,29,301,-1074.9021,30.5166817,300.568481
-1173,29,397,-1173.36536,30.5881023,396.069153
-1176,87,351,-1176.97559,87.8204346,350.780396
-1154,75,318,-1154.94592,75.5799026,318.324219
868,91,715,868.849182,91.7904968,714.471924
840,91,669,840.849792,91.7896652,668.4729
877,27,584,876.496643,28.8065205,584.864075
877,27,584,877.319702,28.6380653,584.94751
968,29,684,967.053406,31.6235752,684.322327
776,29,663,776.864746,30.8285236,663.502197
776,29,663,776.97644,30.7853794,662.784241
840,91,669,840.950073,92.0494537,668.687988
840,91,669,840.864014,92.0639267,669.503418
840,91,669,840.550781,91.8826065,669.834595
868,87,645,867.532349,88.0251007,645.883911
889,91,673,888.112793,91.9623108,673.461365
814,30,779,814.94989,31.3002377,778.6875
776,29,663,776.861389,30.8144188,663.507935
810,29,604,810.863892,30.8170738,604.503662
810,29,604,810.261902,30.8797054,604.965088
933,29,615,932.53125,30.9140415,615.883301
933,29,615,932.114685,30.8292847,615.464966
968,29,684,967.115845,30.8296013,684.467163
889,91,673,888.285095,91.846283,673.699219
868,87,645,868.263489,88.0525742,645.964661
810,91,920,810.931702,92.0623474,919.63678
797,91,887,797.931702,92.0627975,886.63678
783,30,816,783.041016,31.8936749,816.999146
783,30,816,783.613281,31.9653206,816.789856
900,29,865,899.266052,30.8218079,865.679199
730,32,929,730.995056,34.3615074,928.900696
730,32,929,730.71698,34.0441895,928.302917
797,91,887,797.76825,91.7410126,886.359863
797,91,887,797.999023,91.8913879,887.043762
829,91,874,829.376953,92.2554932,874.926208
797,91,887,797.377258,92.2560883,887.926086
829,91,874,829.037231,92.0322571,874.999207
843,87,908,842.265991,87.8103256,908.679138
730,32,929,730.788513,35.09729,928.38501
730,32,929,730.999207,33.7571602,929.038513
783,30,816,783.658203,31.8281231,816.752808
783,30,816,783.033325,31.7698479,816.99939
854,29,815,853.265259,30.8047981,815.678345
900,29,865,899.264709,30.8047352,865.677734
829,91,874,828.04895,92.5072479,874.309021
829,91,874,829.658936,91.8333893,874.752197
1014,79,790,1014.04358,80.3030472,790.999023
1115,29,797,1114.00671,30.583252,796.884338
1115,29,797,1114.11572,30.6434803,797.466919
1039,32,894,1038.57227,33.5266571,893.09613
1026,29,725,1025.75586,30.6288719,725.969727
1026,29,725,1026.31641,30.5034809,725.948608
1050,75,786,1050.42383,75.7065582,786.905579
1050,75,786,1049.64917,75.9072495,786.936401
1052,79,821,1051.0116,80.085228,821.15155
1052,79,821,1051.00488,79.8424377,820.901306
1018,79,825,1017.5871,79.6320038,824.089233
1026,29,725,1026.42444,30.2431774,725.905457
969,29,753,969.424011,30.2429848,753.90564
1026,29,725,1025.67883,30.4047546,725.947021
1115,29,797,1114.12329,30.5338593,797.481018
1115,29,797,1114.00574,30.653965,796.893066
1107,29,869,1106.00488,30.6547756,868.901306
1039,32,894,1038.62109,33.703186,893.074585
1052,79,821,1051.86731,79.914444,820.00885
1018,79,825,1017.88385,79.9151917,824.006775
1052,79,821,1051.13513,79.7341385,821.501953
3551,158,3448,3551.93115,158.958008,3447.63574
3531,158,3395,3531.93604,158.957672,3394.64844
3514,83,3288,3514.0332,84.8465729,3288.99927
3514,83,3288,3514.58984,84.7517776,3288.80737
3690,81,3365,3689.31738,82.3474884,3365.73071
3430,85,3458,3430.99512,87.2562714,3457.90137
3430,85,3458,3430.8186,87.1254501,3457.42578
3531,158,3395,3531.77344,158.68782,3394.36621
3531,158,3395,3531.99707,158.685974,3395.07593
3584,158,3375,3584.3396,158.972992,3375.94043
3531,158,3395,3531.34961,158.973358,3395.93677
3584,158,3375,3583.95605,159.018692,3375.99902
3605,152,3430,3604.2478,152.674652,3430.65894
3430,85,3458,3430.80957,86.8668289,3457.41309
3430,85,3458,3430.99927,86.6130142,3458.03711
3514,83,3288,3514.63281,84.5951614,3288.77417
3514,83,3288,3513.95508,84.7482605,3288.99854
3622,81,3289,3621.25513,82.7144394,3289.66699
3690,81,3365,3689.25586,82.71492,3365.66797
3584,158,3375,3583.04077,159.151169,3375.28223
3584,158,3375,3584.63916,158.610199,3375.76904
3144,144,3745,3144.94727,144.982178,3744.67969
3125,144,3690,3125.94629,144.982681,3689.67676
3118,72,3579,3117.95605,73.5149918,3579.99902
3118,72,3579,3118.63354,73.4721451,3579.77368
3292,72,3663,3291.26489,73.4313889,3663.67773
3033,74,3759,3033.99951,75.602562,3759.03101
3033,74,3759,3033.80884,75.6105042,3758.41211
3125,144,3690,3125.75854,144.553329,3689.34839
3125,144,3690,3125.99805,144.876907,3690.05981
3125,144,3690,3125.23975,145.221329,3690.9707
3182,138,3669,3181.90137,138.776505,3669.99512
3033,74,3759,3033.77271,75.5183487,3758.36548
3033,74,3759,3033.99902,75.4724121,3759.04346
3037,72,3647,3037.63379,73.5120621,3647.77344
3118,72,3579,3118.63501,73.5147476,3579.77246
3118,72,3579,3117.90137,73.3700485,3579.99512
3292,72,3663,3291.24219,73.3666382,3663.65234
3182,138,3669,3181.26538,138.814072,3669.67847
3182,138,3669,3182.63379,138.656265,3669.77344
3199,144,3725,3198.09741,144.662231,3725.43042
3050,144,4041,3050.96973,144.995743,4040.75586
3062,76,3917,3062.04297,78.0218353,3917.99902
3062,76,3917,3062.47559,77.9783401,3917.87964
3217,74,4032,3216.11426,75.2586288,4032.46411
2949,72,4088,2949.98535,73.683403,4088.16992
2949,72,4088,2949.91504,73.5195618,4087.59668
3050,144,4041,3050.82959,144.661087,4040.44165
3050,144,4041,3050.99902,144.670731,4041.04053
3107,144,4030,3107.17578,144.810165,4030.98438
3050,144,4041,3050.16992,144.810165,4041.98535
3107,144,4030,3106.75586,144.733124,4030.96973
2949,72,4088,2949.83008,73.2932129,4087.44238
2949,72,4088,2949.99878,74.3466263,4088.04004
2952,72,3969,2952.99902,74.343071,3969.04224
3062,76,3917,3062.41138,78.5578613,3917.91138
3062,76,3917,3061.75488,77.1876068,3917.96948
3217,74,4032,3216.12695,75.2432709,4032.4873
3107,144,4030,3106.13525,144.626434,4030.5022
3107,144,4030,3107.47852,144.586807,4030.87793
3107,144,4030,3106.01562,144.676666,4030.17529
3117,144,4087,3116.0144,144.677399,4087.16895
2715,144,4174,2715.93628,144.742569,4173.64893
2695,144,4121,2695.93628,144.743607,4120.64893
2677,74,4014,2677.0271,75.5605621,4014.99951
2677,74,4014,2677.60938,75.7490616,4014.79272
2854,72,4092,2853.24854,73.5598068,4092.65967
2594,76,4184,2594.99316,77.9678116,4183.8833
2594,76,4184,2594.78516,77.9675674,4183.38086
2695,144,4121,2695.77661,144.573639,4120.37012
2695,144,4121,2695.99805,144.681427,4121.06152
2747,144,4101,2747.3396,145.028564,4101.94043
2695,144,4121,2695.34766,145.029602,4121.9375
2747,144,4101,2746.93774,144.811569,4101.99805
2594,76,4184,2594.8042,78.1401443,4183.40576
2594,76,4184,2594.99878,77.5237427,4184.04053
2677,74,4014,2677.65161,75.5045776,4014.75854
2677,74,4014,2676.95605,75.4915771,4014.99902
2786,72,4015,2785.2478,73.6921844,4015.65894
2854,72,4092,2853.24902,73.6946945,4092.66016
2747,144,4101,2746.24805,144.793655,4101.65918
2747,144,4101,2747.65161,144.689941,4101.7583
2747,144,4101,2746.02344,144.641205,4101.21484
2508,144,4459,2508.99902,145.076736,4458.95605
2507,144,4403,2507.99902,145.075867,4402.95605
2534,72,4301,2533.66016,73.7388916,4301.94043
2534,72,4301,2534.33984,73.5231247,4301.94043
2668,72,4429,2667.08887,73.3846893,4429.41211
2403,74,4440,2403.94604,75.716156,4440.32373
2403,74,4440,2403.96509,75.602951,4439.73828
2507,144,4403,2507.92969,144.622314,4402.63184
2507,144,4403,2507.92749,144.885239,4403.37354
2507,144,4403,2506.91187,145.195282,4403.99609
2565,138,4402,2564.59668,138.845016,4402.91504
2403,74,4440,2403.93628,75.2573853,4439.64893
2403,74,4440,2403.93604,75.7559967,4440.35156
2439,72,4338,2439.37305,73.6079178,4338.92773
2534,72,4301,2534.35034,73.6079178,4301.93652
2534,72,4301,2533.58496,73.3082123,4301.90967
2668,72,4429,2667.08887,73.4355927,4429.41211
2565,138,4402,2564.09473,138.740326,4402.4248
2565,138,4402,2565.36768,138.579086,4402.92969
2564,144,4458,2563.00781,144.645386,4458.12402
2188,144,4466,2188.93652,144.663727,4465.64941
2169,144,4415,2169.93652,144.66301,4414.64941
2257,72,4312,2256.24805,73.6706619,4312.65918
2257,72,4312,2257.02026,73.6516724,4312.99951
2319,69,4489,2318.00195,70.3425217,4489.06104
2072,72,4377,2072.60986,73.6922302,4377.79248
2072,72,4377,2072.99902,73.6752853,4377.04053
2169,144,4415,2169.99707,144.775024,4415.07422
2169,144,4415,2169.64502,144.726608,4415.76416
2220,144,4396,2220.35034,144.676559,4396.93652
2169,144,4415,2169.35034,144.677155,4415.93652
2220,144,4396,2219.24805,144.800629,4396.65918
2071,76,4476,2071.99902,77.4775925,4476.04053
2152,74,4312,2152.63916,75.6798096,4312.76904
2152,74,4312,2151.95605,75.6211929,4312.99902
2257,72,4312,2256.24854,73.589653,4312.65967
2323,72,4387,2322.23633,73.588501,4387.64551
2323,72,4387,2322.00098,73.6683884,4386.95605
2220,144,4396,2219.00293,144.741516,4395.92383
2220,144,4396,2219.95605,144.802338,4396.99902
2220,144,4396,2219.03882,144.99472,4396.27588
1867,159,4687,1867.96448,159.899689,4687.26367
1883,159,4627,1883.96277,159.900024,4627.27002
1943,81,4525,1942.4198,82.5116501,4525.81445
1943,81,4525,1943.08752,82.6136322,4525.99609
2048,81,4703,2047.01245,82.3448715,4703.15723
1760,83,4634,1760.78052,84.3588791,4634.625
1760,83,4634,1760.99902,84.3658524,4633.95605
1883,159,4627,1883.99597,159.670044,4626.91113
1883,159,4627,1883.78442,159.737488,4627.62012
1883,159,4627,1882.67871,160.163666,4627.94678
1946,153,4643,1945.35974,153.776794,4643.76807
1760,83,4634,1760.995,84.3997726,4633.90039
1760,83,4634,1760.80884,84.6285324,4634.58789
1830,81,4536,1830.0752,82.5575714,4536.99707
1943,81,4525,1943.08789,82.5566711,4525.99609
1943,81,4525,1942.36621,82.4924927,4525.77344
2048,81,4703,2047.00671,82.5920181,4703.11523
1946,153,4643,1945.00879,153.74147,4643.13184
1946,153,4643,1946.08789,153.64888,4643.99609
1928,159,4703,1927.00867,159.624298,4702.86865
1527,160,4540,1527.99902,160.951752,4540.04004
1570,86,4417,1569.67578,88.0788345,4417.9458
1570,86,4417,1570.25452,88.2243271,4417.9668
1700,84,4574,1699.02905,85.6295319,4574.23926
1412,82,4563,1412.87146,83.5046692,4563.49023
1412,82,4563,1412.9552,83.2050934,4562.7041
1527,160,4540,1527.92737,160.720764,4539.62598
1527,160,4540,1527.9646,160.811554,4540.26367
1587,160,4544,1586.92358,160.79509,4544.99707
1527,160,4540,1526.92358,160.796051,4540.99707
1587,160,4544,1586.53406,160.625351,4544.88477
1412,82,4563,1412.93689,83.2994003,4562.65039
1412,82,4563,1412.95776,84.3891754,4563.28711
1445,82,4442,1445.9646,84.3891754,4442.26367
1570,86,4417,1570.18616,88.6297531,4417.98242
1570,86,4417,1569.56091,87.466568,4417.89844
1700,84,4574,1699.03381,85.5051117,4574.25781
1587,160,4544,1586.04114,160.791214,4544.28369
1587,160,4544,1587.23999,160.642151,4544.9707
1587,160,4544,1586.00098,160.606461,4543.95605
1584,160,4604,1583.00098,160.605804,4603.95605
3421,253,4084,3420.90137,254.372177,4084.99512
3458,253,4087,3457.91187,254.373367,4087.99609
3418,253,4121,3418.99609,254.273743,4121.08789
3421,253,4084,3421.99512,254.273346,4084.09741
3421,253,4084,3421.85205,254.361099,4084.52319
3418,253,4121,3418.94604,254.551346,4120.67627
3421,253,4084,3421.30762,254.330917,4084.95142
2320,253,4873,2320.62793,254.284393,4873.77783
2348,253,4849,2348.63916,254.284393,4849.76904
2348,253,4849,2348.2439,254.5186,4849.96973
2320,253,4873,2320.90283,254.365738,4873.42969
2320,253,4873,2320.97852,254.530502,4872.79395
2348,253,4849,2347.54736,254.610245,4849.8916
613,144,4588,613.941162,145.023941,4588.33789
684,76,4501,683.370972,78.3003922,4501.77734
684,76,4501,683.937561,78.2834167,4501.99805
743,74,4666,742.000977,75.4030838,4666.04346
513,72,4573,513.733887,73.6974258,4573.6792
513,72,4573,513.995117,73.4110794,4573.09863
613,144,4588,613.999023,144.690842,4587.95605
613,144,4588,613.80957,144.892975,4588.58691
661,144,4609,660.585754,144.943253,4609.91016
613,144,4588,612.583618,144.943588,4588.90918
661,144,4609,660.247192,144.702194,4609.6582
513,72,4573,513.999084,73.3349609,4573.0415
513,72,4573,513.813721,74.3789749,4573.58105
575,72,4485,575.808899,74.3776932,4485.58789
684,76,4501,683.853821,79.0524063,4501.98926
684,76,4501,683.282288,77.5196075,4501.69629
743,74,4666,742.002869,75.6855392,4665.92432
661,144,4609,660.000977,144.758286,4608.95605
661,144,4609,660.891907,144.569092,4609.99414
661,144,4609,660.078674,144.753983,4608.61133
640,144,4657,639.078857,144.75444,4656.61084
285,144,4383,285.880646,144.658218,4383.47363
313,144,4329,313.880585,144.658081,4329.47363
438,72,4332,437.00592,73.6964111,4331.8916
438,72,4332,437.272919,73.6734543,4332.68652
353,69,4489,352.256256,70.4184875,4488.33154
273,72,4243,272.835236,73.6121368,4243.98633
273,72,4243,273.742859,73.7768326,4243.66943
313,144,4329,313.599579,144.708344,4329.80029
313,144,4329,312.853821,144.913376,4329.98926
355,144,4359,354.415009,144.748306,4359.81104
313,144,4329,312.423218,144.749069,4329.81689
355,144,4359,354.004883,144.906067,4358.90137
202,76,4306,202.63765,78.3610916,4306.77002
371,74,4257,370.853821,75.8258591,4257.98926
371,74,4257,370.239594,75.8568878,4257.64941
438,72,4332,437.004883,73.825119,4331.90137
428,72,4426,427.00592,73.8275299,4425.8916
428,72,4426,427.36792,73.8153152,4425.2251
355,144,4359,354.385071,144.805527,4358.21143
355,144,4359,354.234192,144.903,4359.64307
355,144,4359,354.144379,145.108124,4358.48242
-47,144,4258,-46.0338058,144.8797,4258.25781
-33,144,4207,-32.0338058,144.879868,4207.25781
13,74,4118,12.3920116,75.7986526,4118.79395
13,74,4118,13.0339909,75.8593674,4118.99902
102,72,4273,101.003876,73.6755905,4273.08789
-143,76,4198,-142.144958,78.0577927,4198.51855
-143,76,4198,-142.000885,78.310173,4198.04199
-33,144,4207,-32.0010109,144.67868,4206.95508
-33,144,4207,-32.2480164,144.712143,4207.65918
17,144,4221,16.7132587,145.15799,4221.95801
-33,144,4207,-33.2761993,145.158356,4207.96094
17,144,4221,16.3691196,144.897552,4221.77588
-143,76,4198,-142.000885,77.7986526,4197.95801
-143,76,4198,-142.226105,77.7160721,4198.6333
13,74,4118,13.0411034,75.698494,4118.99902
13,74,4118,12.3819427,75.7735748,4118.78613
94,72,4179,93.0029831,73.7711945,4179.07715
102,72,4273,101.002983,73.7720413,4273.07715
17,144,4221,16.0029068,144.869141,4221.07617
17,144,4221,17.0760899,144.655365,4221.99707
17,144,4221,16.0845127,144.752686,4220.59766
551,129,3389,550.570557,130.158813,3388.09692
439,54,3408,439.987946,56.0515022,3407.84521
439,54,3408,439.726593,55.9724274,3407.31299
509,53,3249,509.681335,54.4811478,3249.73193
610,51,3473,609.923523,52.6150284,3472.00293
610,51,3473,609.34668,52.456398,3472.24292
551,129,3389,550.264709,129.822876,3388.32227
551,129,3389,550.798523,129.774063,3388.02051
534,129,3348,534.920837,129.899887,3347.61011
551,129,3389,551.92572,129.899475,3388.62183
534,129,3348,534.999084,129.780884,3348.04272
610,51,3473,609.282288,52.2068787,3472.30371
610,51,3473,609.797852,53.1945229,3472.02075
505,51,3494,504.780396,53.1909142,3493.02441
439,54,3408,439.787567,56.6631165,3407.38379
439,54,3408,439.999084,55.5145874,3407.95728
509,53,3249,509.663696,54.5507393,3249.7478
534,129,3348,534.679565,129.863617,3348.7334
534,129,3348,534.772583,129.660629,3347.36523
534,129,3348,534.402649,129.739105,3348.91528
575,129,3330,575.41156,129.739258,3330.91138
-1294,119,3420,-1294.28296,120.139351,3420.95898
-1251,119,3432,-1251.28308,120.138992,3432.95898
-1178,57,3477,-1178.84949,58.6426544,3476.47241
-1178,57,3477,-1178.99695,58.6145821,3477.0769
-1308,57,3551,-1308.09766,58.471077,3550.00488
-1254,59,3343,-1254.58984,60.7645531,3343.80737
-1254,59,3343,-1254.04297,60.6839371,3343.99902
-1251,119,3432,-1250.91174,119.62632,3432.99609
-1251,119,3432,-1251.62793,119.929176,3432.77808
-1251,119,3432,-1251.94592,120.30159,3431.67578
-1263,114,3478,-1263.75769,114.866425,3477.34741
-1254,59,3343,-1253.93762,60.503994,3343.99805
-1254,59,3343,-1254.62793,60.6718636,3343.77808
-1185,57,3395,-1185.99609,58.6520348,3395.08789
-1178,57,3477,-1178.99609,58.6508369,3477.08765
-1178,57,3477,-1178.76416,58.3108635,3476.35498
-1308,57,3551,-1308.13098,58.4344444,3550.00879
-1263,114,3478,-1263.16345,114.850594,3477.01367
-1263,114,3478,-1263.99695,114.641838,3478.07715
-1306,119,3464,-1305.84766,119.70974,3463.01172
1264,346,228,1264.98535,348.266571,227.829468
1288,346,373,1288.98328,348.270752,372.817902
1288,346,373,1287.00012,346.964691,373.007172
1296,338,224,1295.00085,339.520355,224.03978
1264,346,228,1263.85889,346.945435,228.98999
1248,95,-44,1247.51855,103.159813,-43.1235275
1152,99,22,1152.56433,107.619438,22.8255482
1267,70,163,1266.21887,72.983078,162.375641
1330,67,87,1329.00964,70.4831161,87.1383743
1152,99,22,1152.99609,113.535934,21.9116993
1264,346,228,1264.99817,347.977264,228.059448
1245,309,235,1245.99316,311.981049,234.883286
1296,338,224,1295.17017,339.82785,224.557983
1318,305,225,1317.00879,312.909515,225.132141
1296,338,224,1295.34375,339.437042,224.754501
1264,346,228,1264.53223,347.056,228.846573
1264,346,228,1264.98328,347.832886,227.817886
1152,99,22,1152.99121,107.846298,21.8677101
1267,70,163,1267.36719,77.2239914,162.069855
1267,70,163,1266.33813,76.8265305,162.250381
1317,66,-10,1316.02429,71.5906906,-9.78092575
1317,66,-10,1316.58508,71.2959824,-9.0901413
1152,99,22,1152.5625,108.156166,22.8267403
1914,420,543,1914.07642,421.596008,543.99707
1927,420,542,1927.07556,421.595764,542.997131
1927,420,542,1926.20764,421.014191,542.610046
1927,420,542,1926.00195,421.122681,542.061218
1928,420,556,1927.00293,421.122864,556.075684
1928,420,556,1927.24866,424.202454,555.340088
1974,263,494,1974.71936,266.04483,493.305389
1996,321,476,1995.25208,323.570984,476.663696
2112,53,498,2111.06543,59.4958878,498.355499
2077,52,404,2076.90039,57.2500839,404.995026
1910,51,447,1910.9646,56.6931076,446.736298
1940,50,560,1940.21521,56.8288727,559.023438
2039,50,582,2039.20703,56.835289,581.021667
1974,263,494,1974.97949,265.91391,494.201416
2019,263,508,2018.82056,265.721924,507.016235
2112,53,498,2111.24268,59.607151,497.346985
1910,51,447,1910.70325,56.4463348,447.710907
1996,321,476,1996.58301,324.287567,476.812408
1979,261,465,1979.68652,264.456787,465.72699
1974,263,494,1974.9646,267.183289,493.736298
1992,260,514,1992.21411,263.810852,513.023193
2014,318,494,2013.34399,321.912598,493.24527
2019,263,508,2018.24231,266.246887,507.347412
2014,318,494,2013.06323,320.913574,494.349762
1996,321,476,1995.89954,324.317688,476.994934
1914,420,543,1914.40283,423.46402,543.915222
1965,50,393,1965.72864,54.5349503,393.684845
1940,50,560,1940.96277,56.1844711,559.729675
1940,50,560,1940.2002,56.1932678,559.020264
2112,53,498,2111.24268,59.4148712,497.346985
2112,53,498,2111.06372,59.0587692,498.351227
1965,50,393,1964.89954,55.1734161,393.994934
1522,486,4043,1522.37732,489.832336,4042.07397
1522,486,4043,1522.91064,486.875702,4043.41309
1522,486,4043,1522.20605,487.256378,4043.97852
1535,464,4023,1535.08777,465.550415,4023.99609
1440,361,4021,1439.00867,368.55954,4020.86865
1408,397,4021,1408.96082,398.393463,4021.2771
1233,95,3856,1233.02087,121.699631,3856.99976
1256,99,4082,1256.995,105.806618,4081.90039
1488,70,3973,1487.20142,73.2316589,3973.60181
1440,361,4021,1439.44434,366.480377,4020.1687
1417,355,3967,1416.39258,359.582306,3967.79419
1429,67,3893,1428.63672,69.9581528,3893.93164
1256,99,4082,1256.09692,113.467476,4081.00488
1408,397,4021,1408.49524,399.296143,4020.13135
1410,360,4041,1410.0752,364.687195,4040.00293
1440,361,4021,1439.12329,377.480774,4020.51904
1446,353,3988,1445.19019,359.67038,3988.58667
1411,389,3989,1411.47949,391.178009,3989.87744
1417,355,3967,1416.62622,358.856964,3967.92749
1411,389,3989,1410.8833,391.490509,3989.99316
1408,397,4021,1408.99512,398.785034,4020.90137
1532,464,4053,1532.46484,466.28183,4052.11475
1256,99,4082,1256.07581,108.411842,4081.00293
1488,70,3973,1487.18066,76.671669,3972.42676
1488,70,3973,1487.11279,76.9376221,3973.46118
1333,66,3854,1332.75977,72.8610153,3854.9707
1333,66,3854,1333.13135,71.1967392,3854.99121
1256,99,4082,1256.99121,110.469231,4081.86792
1724,486,3107,1724.51172,488.588043,3106.14087
1724,486,3107,1724.6582,486.632446,3107.75269
1724,486,3107,1723.87537,487.249451,3107.99219
1743,464,3092,1742.83533,465.637482,3092.98633
1651,406,3081,1650.11377,418.339844,3080.53687
1628,432,3073,1628.8186,433.744751,3073.57422
1463,95,2974,1463.47852,117.816109,2974.87793
1534,99,3113,1534.901,101.215149,3112.56641
1582,85,3158,1581.302,87.6403885,3157.28394
1692,70,3062,1691.02917,73.5367432,3062.23975
1651,406,3081,1650.77539,410.994598,3080.02563
1648,402,3038,1647.16992,407.395752,3038.55762
1668,67,2961,1667.04382,70.5056534,2961.29272
1534,99,3113,1534.64514,103.445099,3112.23608
1628,432,3073,1628.91455,435.306824,3072.5957
1625,405,3087,1625.63342,408.859222,3086.22632
1651,406,3081,1650.3302,432.441589,3080.25757
1663,400,3059,1662.03003,412.409332,3059.24316
1639,427,3052,1639.19141,429.052917,3052.98145
1648,402,3038,1647.04382,409.536926,3038.29272
1639,427,3052,1639.42395,429.153381,3052.90552
1628,432,3073,1628.88379,435.189148,3072.53223
1730,464,3120,1730.53503,466.00116,3119.15527
1534,99,3113,1534.4115,101.315071,3112.08862
1692,70,3062,1691.41211,71.6750641,3061.19116
1692,70,3062,1691.02136,73.7318573,3062.20557
1641,66,2873,1640.16553,78.4886932,2873.55103
1641,66,2873,1641.5293,71.3693848,2873.84839
1534,99,3113,1534.86389,101.502266,3112.49634
2924,38,2229,2923.13525,38.6561394,2229.5022
3031,38,2413,3030.13135,38.6559944,2413.49536
2711,38,2598,2711.8645,38.945816,2597.49756
2604,38,2413,2604.86475,38.9442253,2412.4978
2924,38,2598,2923.95605,38.5741386,2597.00098
2711,38,2598,2710.95605,38.5741386,2597.00098
3031,38,2413,3030.12305,38.8482819,2412.51953
2924,38,2598,2923.12158,38.8441467,2597.52222
2711,38,2229,2710.95605,38.844162,2229.99902
2924,38,2229,2923.95605,38.844162,2229.99902
2604,38,2413,2604.85498,38.9250031,2413.51831
2711,38,2229,2711.84961,38.9236832,2229.52734
245,190,3964,245.83519,323.940308,3964.5498
271,190,3924,271.835205,324.006714,3924.54956
271,190,3924,271.840332,303.729858,3924.54199
271,190,3924,270.937561,303.904388,3924.99805
318,190,3927,317.923523,303.904388,3927.99707
318,190,3927,317.955841,266.463257,3927.99902
318,190,3927,317.117218,285.691589,3927.46973
340,190,3969,339.11618,285.618195,3969.46777
340,190,3969,339.102234,315.287262,3969.44043
340,190,3969,339.163452,333.579773,3968.45215
314,190,4008,313.162811,333.646729,4007.45312
314,190,4008,313.15036,282.454651,4007.47266
314,190,4008,314.037811,263.427246,4007.00073
267,190,4006,267.038544,263.408417,4005.00098
267,190,4006,267.042816,305.963623,4005.00098
267,190,4006,267.88208,309.584412,4005.52905
245,190,3964,245.882233,309.661041,3963.5293
245,190,3964,245.882217,318.107941,3963.5293
293,281,3966,293.881042,283.245453,3965.5271
293,281,3966,293.833191,283.245453,3966.55273
293,281,3966,293.039886,283.299011,3965.00098
293,281,3966,292.113342,283.226196,3966.4624
293,281,3966,292.172546,283.288788,3965.43848
293,281,3966,292.937561,283.341553,3966.99805
-218,122,3980,-217.167618,321.905334,3980.5542
-199,122,3951,-198.167953,321.905334,3951.55469
-199,122,3951,-198.158524,236.331024,3951.54028
-199,122,3951,-199.061401,300.747589,3951.99805
-165,122,3953,-165.061493,300.790833,3953.99805
-165,122,3953,-165.042267,204.753754,3953.99902
-165,122,3953,-165.896774,209.162155,3953.44238
-149,122,3984,-149.88533,209.128448,3984.46484
-149,122,3984,-149.896683,215.115936,3984.44238
-149,122,3984,-149.835251,224.599213,3983.4502
-168,122,4013,-168.845291,224.599213,4012.46582
-168,122,4013,-168.840683,244.897629,4012.4585
-168,122,4013,-167.937546,298.066589,4012.00195
-202,122,4011,-201.956665,298.066589,4010.00098
-202,122,4011,-201.957672,203.053802,4010.00098
-202,122,4011,-201.11824,219.240494,4010.52832
-218,122,3980,-217.11824,219.17308,3979.52832
-218,122,3980,-217.104141,309.204041,3979.55566
-183,188,3982,-182.117462,190.147995,3981.52979
-183,188,3982,-182.163437,190.244156,3982.54785
-183,188,3982,-182.957672,190.288666,3981.00098
-183,188,3982,-183.897064,190.248749,3982.44189
-183,188,3982,-183.840332,190.165451,3981.45801
-183,188,3982,-183.061401,190.105972,3982.99805
23,122,3446,23.8313618,247.772659,3446.55566
42,122,3417,42.8332253,247.699402,3417.55273
42,122,3417,42.8405304,209.665558,3417.54175
42,122,3417,41.9558182,210.296921,3417.99902
76,122,3418,75.9558182,210.338058,3418.99902
76,122,3418,75.9235153,281.145264,3418.99707
76,122,3418,75.1140976,247.120285,3418.46387
92,122,3449,91.1090546,247.16539,3449.4541
92,122,3449,91.1203308,216.451843,3449.47559
92,122,3449,91.1602478,224.102249,3448.45703
73,122,3478,72.1558685,224.126495,3477.46387
73,122,3478,72.1563339,205.256897,3477.46313
73,122,3478,73.0601425,210.004059,3477.00195
39,122,3476,39.0611763,210.004059,3475.00195
39,122,3476,39.0411911,203.312317,3475.00098
39,122,3476,39.8764038,211.349106,3475.51855
23,122,3446,23.8763371,211.371323,3445.51855
23,122,3446,23.9015217,494.798096,3445.56738
58,188,3447,58.8765297,190.052383,3446.5188
58,188,3447,58.831295,190.21727,3447.55566
58,188,3447,58.042778,190.275116,3446.00098
58,188,3447,57.1203308,190.255966,3447.47559
58,188,3447,57.1552505,190.18338,3446.46484
58,188,3447,57.9554749,190.235947,3447.99878
-923,274,3025,-922.365845,274.592651,3025.77319
-1197,118,2269,-1196.01257,121.060928,2269.15796
-1197,118,2269,-1196.3927,121.298698,2268.20557
-1128,118,2240,-1128.99902,121.250977,2239.95605
-1128,118,2240,-1128.55688,121.33876,2240.83057
-1158,118,2220,-1158.55688,121.337929,2220.83057
-1158,118,2220,-1157.47742,121.268837,2220.85254
-1130,117,2280,-1130.41211,120.181351,2279.08887
-1164,117,2295,-1164.41479,120.182564,2294.09009
-1164,117,2295,-1164.32239,120.80706,2294.05347
-1128,118,2240,-1128.99707,121.146362,2239.92358
-1128,118,2240,-1128.52649,120.954437,2240.8501
-1193,117,2241,-1192.48633,120.339027,2241.85791
-1193,117,2241,-1192.00671,120.067841,2241.11548
-1164,117,2295,-1163.41235,120.668243,2294.19092
-1683,154,2223,-1682.1759,156.315857,2222.43359
-1658,154,2260,-1657.18005,156.31337,2259.42773
-1715,75,2236,-1714.00098,75.8691711,2235.95605
-1715,75,2190,-1714.00098,75.8691711,2189.95605
-1715,75,2236,-1714.63672,76.0249786,2235.06836
-1637,60,2190,-1637.99902,70.2701492,2189.95605
-1637,60,2236,-1637.99902,70.2701492,2235.95605
-1665,154,2181,-1664.93848,159.834,2181.99805
-1618,154,2178,-1617.93848,159.836899,2178.99805
-1676,68,2167,-1676.55664,71.7608337,2167.83057
-1676,68,2259,-1676.5863,69.9695358,2258.18994
-1683,154,2223,-1682.08472,155.861176,2223.40259
-1665,154,2181,-1664.08154,155.861694,2181.39551
-1665,154,2181,-1664.51855,159.042877,2181.87646
-1683,154,2223,-1682.00098,156.474823,2222.95605
-1658,154,2260,-1657.51062,165.150162,2259.12793
-1676,68,2259,-1675.95703,70.1552353,2258.00098
-1715,75,2190,-1714.38477,76.1670609,2190.78833
-1715,75,2190,-1714.05359,76.1399841,2190.32275
-1637,60,2190,-1637.6582,75.3720322,2190.75269
-1715,75,2190,-1714.64941,75.9882889,2190.93652
-1676,68,2167,-1676.47949,71.6697311,2167.87744
-1715,75,2236,-1714.08887,76.1600723,2235.58789
-1471,171,1517,-1471.87207,178.523117,1517.48938
-1492,171,1480,-1492.87659,178.523117,1480.4812
-1550,88,1524,-1549.01929,90.1100311,1524.19531
-1541,88,1478,-1540.02136,90.1097488,1478.2052
-1513,88,1553,-1512.38879,89.9034958,1552.20862
-1550,88,1524,-1549.38879,89.9040298,1523.20862
-1473,89,1491,-1473.99707,91.6106873,1490.92358
-1473,89,1491,-1473.55469,91.789978,1491.83203
-1510,89,1466,-1510.55664,91.7892532,1466.83069
-1471,171,1517,-1471.95093,254.862457,1516.69067
-1485,171,1561,-1485.95105,254.89299,1560.69104
-1537,171,1483,-1536.93958,176.448395,1483.99817
-1492,171,1480,-1491.93762,176.446381,1480.99805
-1510,89,1466,-1509.63135,91.2763824,1466.92957
-1476,88,1536,-1476.4115,89.9955215,1535.08862
-1513,88,1553,-1513.41309,89.9965897,1552.08936
-1492,171,1480,-1492.57239,226.519409,1480.81995
-1553,171,1522,-1552.07458,186.219254,1522.37878
-1537,171,1483,-1536.07385,186.21199,1483.37708
-1537,171,1483,-1536.63635,184.878815,1483.93152
-1513,88,1553,-1513.39563,90.0443802,1552.08167
-1473,89,1491,-1473.99402,91.2623215,1490.8916
-1473,89,1491,-1473.50684,91.463501,1491.86194
-1541,88,1478,-1540.5752,90.5499802,1478.90527
-1541,88,1478,-1540.01343,89.9511185,1478.16309
-1513,88,1553,-1512.39648,89.9583054,1552.20276
-1363,217,1524,-1363.86401,217.524521,1523.49658
-1434,203,1649,-1434.64514,203.589172,1648.23596
-1578,215,1652,-1577.95996,215.519012,1651.00085
-1434,203,1649,-1434.34961,203.606384,1648.06311
-1506,206,1670,-1506.34961,206.626892,1669.06311
-1578,215,1652,-1577.95874,215.550949,1651.00085
-1631,229,1601,-1630.6311,229.464172,1600.07056
-1363,217,1524,-1363.87708,217.523788,1523.51965
-1382,207,1596,-1382.64478,207.58873,1595.23572
-462,144,-1165,-462.915039,148.384964,-1165.40332
-462,144,-1165,-462.413879,524.844421,-1164.08972
-462,144,-1165,-462.915039,148.384964,-1165.40332
-512,144,-1055,-512.910706,148.393539,-1055.41296
-278,104,695,-278.960541,104.561218,695.278137
-232,82,716,-232.963516,196.856186,716.267578
-258,80,647,-258.712067,248.085693,647.702087
-536,103,577,-536.308655,103.718605,577.951172
664,327,-1697,664.075684,333.11026,-1696.00293
-247,482,658,-247.677734,1026.73535,658.735291
-258,481,648,-257.539459,933.081116,648.887634
-382,484,820,-381.087494,1497.59448,820.409058
-318,484,677,-317.087738,1494.98853,677.409607
-500,480,595,-500.96048,1883.33386,595.278259
-500,480,595,-500.96048,1883.33386,595.278259
-588,483,569,-587.44165,960.941284,569.82959
-646,483,703,-645.084656,1517.98499,703.402588
-588,483,569,-587.084595,1517.17249,569.402527
-588,483,569,-587.084595,1517.17249,569.402527
-232,483,717,-232.97258,2125.98511,717.232422
-232,483,717,-232.97258,2125.98511,717.232422
-258,481,648,-258.677734,1025.70203,648.735291
-541,477,537,-540.957275,870.558777,537.999084
-517,471,536,-516.955078,864.656555,536.998962
-588,483,569,-587.44165,960.941284,569.82959
