-1564,348,4987,-1563.0155,348.435791,4987.17529
3966,1415,5607,3966.8833,1417.74829,5607.46875
-2056,-245,4018,-2056.61816,-231.336594,4018.78589
-2008,-253,4053,-2008.98816,-241.986862,4052.84668
-2015,-253,4097,-2015.98914,-241.995483,4096.85352
-2086,-247,4158,-2086.28613,-240.241028,4157.04199
-2086,167,4151,-2085.50977,234.880798,4150.12842
-2143,-238,4066,-2142.19019,-232.015945,4066.58643
-2103,-238,4011,-2102.19556,-232.008789,4011.59399
-2225,-278,3695,-2225.95093,-270.128815,3695.30933
-2165,-277,3864,-2165.86401,-146.495529,3863.49658
-2273,-251,4004,-2272.95605,-247.625519,4003.00098
-2489,-250,3958,-2488.00098,-233.38298,3957.95605
-2638,-295,3186,-2638.93726,-250.391312,3186.34814
-1143,427,47,-1142.72266,428.137177,46.0392303
-329,-35,1774,-329.652557,-16.1327648,1773.24231
-416,-35,1849,-416.65274,-16.1143856,1848.24243
-848,80,2652,-848.042969,162.272415,2652.99902
-711,80,2653,-711.042969,162.330811,2653.99902
-529,-28,1509,-528.882812,-5.73424244,1509.99304
1942,183,2084,1942.12354,195.941574,2084.99219
2549,800,2006,2548.15527,803.735229,2006.53503
-18,106,2615,-17.2894173,114.927551,2615.70361
102,585,2561,102.516144,616.782776,2561.85645
-138,513,2709,-137.450073,653.570007,2709.83521
2890,372,1424,2890.50195,378.149719,1423.13513
4381,1164,2513,4381.65967,1165.8197,2512.24854
-2295,399,5141,-2294.02515,403.815216,5141.22266
-1294,247,4080,-1293.03003,256.07309,4080.24316
-390,326,2819,-389.656677,338.279266,2819.93921
-1896,422,4430,-1896.04297,429.93811,4430.99902
-1896,422,4430,-1896.14551,426.646149,4430.98926
-1380,447,4412,-1379.82947,453.51593,4412.98535
-1372,232,4396,-1371.95703,234.115601,4396.99902
4310,1227,3760,4310.98242,1228.8186,3759.81348
4180,528,3780,4180.98145,537.83313,3780.19116
3152,0,4305,3151.38574,36.0446129,4305.78906
3363,212,4465,3362.42676,344.569641,4465.81934
4009,1254,4935,4008.44604,1338.92004,4935.83252
4930,1590,4554,4930.99512,1628.75769,4554.09814
4310,1227,3760,4310.52734,1229.19263,3759.15039
4180,528,3780,4180.77344,609.516296,3779.36621
2865,1202,3738,2864.04956,1288.72559,3738.31079
3473,481,1956,3473.87305,481.828674,1956.4873
3473,481,1956,3472.77563,481.60202,1956.97449
3471,476,1947,3471.71191,485.424255,1947.70215
3472,422,1911,3472.69751,427.019653,1911.71655
3457,422,1926,3457.69849,427.019653,1926.71558
3480,476,1949,3479.72974,479.53714,1949.96277
3472,422,1911,3471.75879,426.101013,1911.97046
3493,422,1916,3492.75879,426.099945,1916.97046
3480,476,1949,3479.02051,479.470001,1949.20068
3493,422,1916,3492.02319,433.477936,1916.21387
3498,422,1937,3497.02905,433.474915,1937.23926
2979,934,3807,2978.09448,937.666687,3806.57593
2973,934,3819,2972.09448,937.666687,3818.57593
2973,934,3819,2972.10181,937.737427,3818.56055
2973,934,3819,2972.92358,938.681152,3818.00293
2959,934,3820,2958.91187,938.681152,3819.00391
2952,934,3809,2952.88843,940.478638,3809.45874
2958,934,3797,2958.88379,940.478638,3797.46777
2958,934,3797,2958.87183,940.069092,3797.48975
2958,934,3797,2958.06128,938.4328,3797.99805
2972,934,3796,2972.05884,938.431763,3796.99805
3935,1275,3762,3935.8584,1278.46289,3762.5127
3958,1275,3749,3957.95605,1280.2323,3749.99902
3958,1275,3775,3957.12793,1279.93909,3774.51074
3958,1275,3775,3957.95605,1278.70935,3774.00098
3919,1382,4703,3918.01929,1385.49817,4703.19531
3921,1382,4713,3920.01562,1385.49817,4713.17529
3921,1382,4713,3920.02515,1385.56824,4713.22266
3943,1315,4716,3942.02295,1342.5564,4716.21289
3936,1315,4686,3935.02612,1342.5564,4686.22656
3921,1382,4713,3920.33203,1385.92163,4712.25586
3914,1382,4719,3913.33203,1385.92163,4718.25586
3920,1315,4737,3919.32031,1365.05261,4736.2666
3943,1315,4716,3942.31982,1365.05261,4715.26709
3904,1382,4717,3904.97852,1386.17114,4716.79395
3902,1382,4707,3902.97827,1386.17114,4706.79297
3902,1382,4707,3902.97046,1386.10205,4706.75879
3884,1315,4697,3884.96948,1329.21716,4696.75488
3891,1315,4727,3891.96948,1329.21716,4726.75488
3902,1382,4707,3902.69775,1385.46716,4707.71631
3909,1382,4700,3909.69922,1385.46716,4700.71484
3907,1315,4677,3907.63892,1341.46436,4677.76904
3884,1315,4697,3884.62891,1341.46436,4697.77734
-4200,-234,1633,-4200.32227,-231.969055,1633.94653
-4475,-251,1536,-4475.31348,-247.195801,1536.94958
-4294,-234,1101,-4294.61377,-231.799377,1100.21057
-4128,-300,1193,-4127.64404,-299.499268,1192.06555
-4331,-266,1149,-4330.95703,-264.737274,1148.00098
-4131,3,1466,-4131.98047,3.74128914,1466.19629
-4684,292,1446,-4684.96484,292.581879,1446.26196
-4160,0,1270,-4160.8833,0.773341477,1270.46851
-4885,228,1185,-4885.24414,229.512299,1185.96973
-4785,228,1756,-4785.55176,229.464844,1755.16602
-4127,-8,1346,-4127.98828,-7.24230242,1345.84741
-3998,-108,1415,-3998.81934,-100.735069,1414.42676
-4077,-34,1497,-4077.80615,-29.1779842,1496.40833
-5645,-279,1896,-5644.23584,-277.542542,1895.35498
-5731,-279,1793,-5730.24902,-277.542542,1792.33972
-5731,-279,1793,-5730.0625,-277.702972,1792.6521
-5770,-279,1680,-5769.05859,-277.706268,1679.66284
-5723,-279,1431,-5722.11621,-277.921295,1431.46777
-5663,-279,1312,-5662.1167,-277.916992,1312.46875
-3504,-281,1885,-3504.88452,-279.662415,1884.53357
-3520,-160,1885,-3520.88623,-151.101349,1884.53711
-3741,-282,2220,-3741.64502,-280.26413,2219.23584
-3447,-279,1040,-3447.84253,-276.518494,1039.46143
-5367,406,1135,-5367.98145,407.1073,1135.19128
-5367,406,1135,-5366.00098,426.624542,1134.95593
-5185,363,2043,-5184.01562,364.689789,2042.82397
-5367,406,1135,-5366.12305,407.369324,1134.51953
-5367,406,1135,-5367.98828,408.009705,1135.15173
-4804,383,2398,-4803.33105,3217.35645,2397.25684
-5185,363,2043,-5185.4248,370.761017,2043.90527
-5367,190,1497,-5367.06152,220.699783,1496.00195
-4786,160,1556,-4785.01855,274.998322,1555.80835
-4533,-201,1345,-4533.96875,-195.056335,1345.24683
-4499,-201,1477,-4499.96875,-195.056335,1477.24634
-4533,-201,1345,-4533.73242,-198.295471,1345.68066
-4533,-201,1345,-4533.09863,-199.725403,1345.99512
-1124,-215,2704,-1123.23584,-214.21698,2703.35498
-1303,-224,2507,-1302.30176,-223.469574,2506.28418
-3944,-221,3892,-3944.99902,-220.335083,3891.95605
3573,-68,4627,3572.37036,-57.039814,4627.77686
3440,-68,4522,3439.37524,-57.0478554,4522.78076
4093,-62,3931,4092.40869,-56.4655685,3930.1936
3846,-63,4054,3845.84082,-56.1395836,4053.01294
3693,-64,4064,3692.09448,-61.3433723,4063.57593
3633,-64,4183,3632.10278,-61.3433723,4182.55859
3441,9,4520,3440.13867,375.706177,4519.49219
4390,-395,5060,4390.24414,-384.687988,5060.96973
4599,-395,5001,4599.25879,-384.682465,5001.96582
4870,-136,4554,4870.99902,-112.92141,4553.95605
4888,29,4554,4888.99707,1253.10461,4553.92383
4865,29,4228,4865.99609,1251.96179,4227.91211
4194,40,3807,4194.37793,64.5206909,3806.07422
3029,29,1948,3029.71411,29.6511765,1947.30005
2967,18,1911,2967.91113,27.228138,1910.58789
3029,29,1948,3029.38892,30.3792782,1947.07874
3029,29,1948,3029.09766,29.7590008,1947.00488
3010,14,1966,3010.46484,30.5864487,1965.11462
2967,18,1911,2967.77759,42.7375679,1910.37134
2985,20,1898,2984.28271,22.4732113,1898.69666
3029,29,1948,3028.34668,31.1761036,1948.75708
2596,10,1808,2595.60254,11.6211967,1807.0824
1198,60,686,1198.58606,65.2140121,686.810242
1237,60,657,1237.58752,65.2172012,657.809204
1237,60,657,1237.58594,65.1946564,657.810242
1227,60,725,1227.80615,65.0769272,724.408325
1198,60,686,1198.80151,65.0797958,685.402039
1198,60,686,1198.80896,65.2123871,685.41217
1266,60,696,1265.41211,65.0297394,695.191101
1227,60,725,1226.40442,65.0329285,724.196716
1227,60,725,1226.40125,65.1785355,724.199097
1237,60,657,1236.19031,65.1674652,657.586853
1266,60,696,1265.19019,65.1700211,696.58667
1266,60,696,1265.19031,65.1604843,696.586853
1381,60,642,1380.18982,65.1655579,642.586121
1410,60,681,1409.1908,65.1684265,681.587524
1410,60,681,1409.19092,65.158226,681.587646
1410,60,681,1409.41211,65.0195389,680.191101
1371,60,710,1370.40466,65.022728,709.196533
1371,60,710,1370.39661,65.179184,709.202576
1371,60,710,1371.80066,65.0788345,709.40094
1342,60,671,1342.80896,65.0813904,670.41217
1342,60,671,1342.80896,65.2152863,670.41217
1342,60,671,1342.58594,65.2242203,671.810303
1381,60,642,1381.58667,65.2274094,642.809814
1381,60,642,1381.58667,65.1940155,642.809814
1474,60,771,1473.19336,65.1751175,771.591003
1503,60,810,1502.19031,65.1776733,810.586853
1503,60,810,1502.1897,65.1556473,810.585999
1503,60,810,1502.40039,65.0118866,809.199768
1464,60,839,1463.39758,65.0150757,838.201843
1464,60,839,1463.41211,65.1772461,838.191101
1464,60,839,1464.80896,65.0692749,838.41217
1435,60,800,1435.8092,65.072464,799.412476
1435,60,800,1435.80359,65.217865,799.404846
1435,60,800,1435.58606,65.2318726,800.810242
1474,60,771,1474.58472,65.2344208,771.811218
1474,60,771,1474.58691,65.1959457,771.809631
1396,60,901,1395.1897,65.1846848,901.585999
1425,60,940,1424.1897,65.187233,940.585999
1425,60,940,1424.19006,65.1566162,940.586487
1425,60,940,1424.39685,65.0176239,939.202393
1386,60,969,1385.38867,65.0195389,968.208679
1386,60,969,1385.39685,65.1746674,968.202393
1386,60,969,1386.80078,65.0600281,968.401062
1357,60,930,1357.80664,65.0625763,929.408997
1357,60,930,1357.80908,65.2165756,929.412354
1357,60,930,1357.58594,65.2261276,930.810181
1396,60,901,1396.58667,65.2293167,901.809814
1396,60,901,1396.58606,65.1985245,901.810242
1352,60,761,1351.19336,65.1747971,761.591003
1381,60,800,1380.19031,65.1773529,800.586853
1381,60,800,1380.1908,65.158226,800.587524
1381,60,800,1380.4043,65.0214462,799.196838
1342,60,829,1341.41211,65.0240021,828.191101
1342,60,829,1341.4082,65.1766052,828.19397
1342,60,829,1342.80896,65.0695877,828.41217
1313,60,790,1313.8092,65.0727768,789.412476
1313,60,790,1313.79492,65.2149658,789.393311
1313,60,790,1313.58606,65.2229385,790.810242
1352,60,761,1352.58594,65.2254944,761.810303
1352,60,761,1352.58594,65.1959457,761.810181
4088,1090,3603,4087.03516,1091.34338,3603.2627
3897,1136,3109,3896.45801,1171.40967,3109.84033
3851,1143,3123,3851.97827,1144.74915,3122.79297
4058,1090,3617,4058.65161,1090.64258,3616.24146
-4057,-219,-411,-4056.24414,-218.380051,-411.654572
-3976,-208,-366,-3975.67993,-207.392975,-366.947357
-3976,-208,-366,-3975.677,-207.339386,-366.946381
-3465,-280,2712,-3464.47656,-276.977112,2711.14795
-3288,-321,2759,-3288.14551,-317.429108,2758.01074
-3238,-315,2578,-3238.99805,-312.559998,2578.06079
-3288,-321,2759,-3288.78833,-318.156921,2758.38477
-3415,-274,2531,-3414.2373,-270.610992,2531.64673
-3465,-280,2712,-3464.00781,-277.985077,2711.87549
-3415,-274,2531,-3414.95605,-268.735046,2531.99902
-3313,-294,2522,-3313.58594,-288.721619,2522.8103
-3579,-256,-223,-3579.44116,-255.410889,-223.897415
-3483,-251,-314,-3483.79272,-250.470642,-314.609558
-3675,-253,-231,-3674.9563,-252.453857,-231.999039
-3578,-302,4336,-3578.88745,-301.468597,4336.46045
-3634,-285,4479,-3634.92578,-284.454071,4478.62207
-3578,-302,4336,-3578.99902,-301.503723,4336.04346
-1669,-242,1741,-1668.75977,-241.422012,1741.9707
-1807,-256,1781,-1806.09521,-255.449051,1781.42578
-1807,-256,1781,-1806.41211,-255.370071,1781.80884
-2639,-213,-511,-2638.29785,-212.487961,-511.711975
-2639,-213,-511,-2639.11719,-212.45929,-511.993103
-2547,-201,-543,-2547.12427,-200.450043,-543.992249
-2639,-213,-511,-2638.6687,-212.263107,-511.943512
-2639,-213,-511,-2638.63281,-212.226822,-511.930115
4043,-395,4045,4042.58691,-387.029053,4044.08936
3930,-395,4095,3929.5752,-387.048737,4094.09473
4159,-394,3959,4158.38916,-383.128601,3958.20825
4633,-438,4121,4633.5835,-428.064697,4120.18799
3896,-393,4813,3895.44165,-385.409637,4813.82959
3511,-64,4407,3510.15015,-61.64151,4406.47314
3566,-64,4293,3565.09473,-61.4052162,4292.5752
3511,-64,4407,3510.08887,-61.4066658,4406.58789
3633,-64,4183,3632.1438,-61.2622223,4182.4834
3566,-64,4293,3565.13013,-61.2651672,4292.50684
3679,-395,4331,3678.11475,-389.295349,4330.53516
3736,-395,4224,3735.11621,-389.304047,4223.53223
3649,-395,4437,3648.00098,-389.073364,4437.04102
3658,-395,4656,3657.00098,-389.089722,4656.0415
3679,-395,4331,3678.03394,-387.994202,4330.7417
3649,-395,4437,3648.03296,-387.987305,4436.74561
3794,-395,4113,3793.11426,-389.441406,4112.53613
3736,-395,4224,3735.11621,-389.43866,4223.53223
3440,-68,4522,3439.00098,-66.5426865,4522.04346
3511,-64,4407,3510.03394,-61.7398224,4406.7417
3633,-64,4183,3632.10767,-60.8504028,4182.54883
3633,-64,4183,3632.10474,-61.2544785,4182.55469
4122,-393,4953,4121.63184,-372.186371,4953.92969
4122,-393,4953,4121.45801,-360.460602,4953.84033
3896,-393,4813,3895.46558,-360.332001,4813.84521
3573,-68,4627,3572.41992,-54.2567253,4627.81445
3838,-70,4810,3837.44165,-59.0218735,4810.82959
4097,-104,4979,4096.60938,-95.8440857,4979.92041
3838,-70,4810,3837.44238,-58.1100121,4810.83008
4097,-104,4979,4096.63184,-93.7110672,4979.92969
4097,-104,4979,4096.46484,-95.6403198,4979.84473
4832,-394,4843,4832.55762,-387.874817,4843.83008
4411,-108,5098,4411.31396,-99.0877762,5098.94922
4635,-116,5019,4635.55176,-108.74662,5019.83398
4635,-116,5019,4635.4873,-110.35347,5019.87305
4640,29,5018,4640.53027,109.820328,5018.84766
4882,29,4870,4882.50781,109.457619,4870.86133
4882,-136,4871,4882.99805,-130.628601,4870.93799
4870,-136,4554,4870.99902,-130.618103,4553.95605
4882,29,4870,4882.99951,37.7269669,4870.02637
4888,29,4554,4888.99951,37.7584877,4554.02344
4888,29,4554,4888.99902,38.1772766,4553.95605
4859,-395,4550,4859.99902,-386.200592,4549.95605
4832,-394,4843,4832.99512,-388.18515,4843.09717
4865,-134,4230,4865.99902,-109.128746,4229.95605
4870,-136,4554,4870.99316,-112.857491,4554.11621
4409,-438,3935,4409.63379,-434.108765,3934.22656
4633,-438,4121,4633.62891,-434.106842,4120.22266
4253,-394,3878,4252.33203,-380.978027,3877.25586
4159,-394,3959,4158.32959,-380.952576,3958.25806
4622,-134,4065,4622.58398,-126.405304,4064.18848
4622,-134,4065,4622.6333,-125.788597,4064.22632
4194,-62,3807,4194.29199,-55.3401909,3806.0437
4622,-134,4065,4622.55078,-128.060669,4064.16553
4865,-134,4230,4865.55176,-128.065125,4229.16602
4363,-109,3881,4363.57275,-90.6972885,3880.18042
4194,-62,3807,4194.36816,-52.263176,3806.07031
4348,29,3869,4348.56934,166.382751,3868.17798
4316,532,3877,4316.48047,548.100159,3876.12305
3794,-395,4113,3793.86792,-387.465485,4112.00879
3930,-395,4095,3929.854,-387.458038,4094.01074
4003,-62,4042,4002.90137,-55.2716713,4041.00488
4194,-62,3807,4193.21826,-56.7316628,3806.37646
4093,-62,3931,4092.22632,-56.734066,3930.36646
3441,9,4520,3440.08496,14.3287754,4519.59668
3693,9,4064,3692.14722,16.0366802,4063.47778
3693,40,4064,3692.91187,102.432961,4063.00391
4003,-62,4042,4002.58521,-42.7857895,4041.09009
4194,-62,3807,4193.33105,-58.5731277,3806.25684
3846,-63,4054,3845.92358,-57.0739021,4053.00293
4093,-62,3931,4092.20435,-51.2113304,3930.39429
4003,-62,4042,4002.20728,-51.2014122,4041.39062
4899,1504,4840,4899.99951,1592.45557,4840.02002
4196,1071,3565,4195.8833,1078.19812,3565.99316
3909,1071,3535,3908.8833,1078.17419,3535.99316
4507,1164,2792,4507.91113,1165.80969,2791.58789
4381,1164,2513,4381.90527,1165.80286,2512.5752
3952,1103,2100,3952.79785,1105.62854,2099.39722
4096,967,2401,4096.81934,972.057068,2400.42676
3936,967,2170,3936.81421,972.055786,2169.41943
4381,1164,2513,4381.67969,1165.67163,2512.2666
4081,823,2425,4081.80957,827.652588,2424.41309
4096,967,2401,4096.81006,972.880371,2400.41382
3936,967,2170,3936.80957,971.406311,2169.41309
3952,1103,2100,3952.87158,1105.64209,2099.50977
3801,1032,1872,3801.86768,1034.53796,1871.50293
4124,1098,2333,4124.81885,1100.02563,2332.42603
4096,967,2401,4096.78906,972.619629,2400.38574
4002,819,2316,4002.81152,822.384033,2315.41577
3928,815,2214,3928.79175,818.176331,2213.38916
4234,865,2614,4234.79199,872.541321,2613.38965
4096,401,2447,4096.66797,489.955536,2446.25586
4077,780,2429,4077.71606,786.321594,2428.302
4351,918,2839,4351.88428,933.444275,2838.5332
4077,780,2429,4077.86401,817.09198,2428.49658
3936,967,2170,3936.77344,971.768494,2169.36621
2918,216,1446,2918.41138,221.366669,1445.08862
2976,216,1522,2976.78833,226.958649,1521.38477
2918,216,1446,2918.78491,226.945786,1445.38049
2992,678,1495,2992.67871,685.361694,1494.26562
3625,370,1895,3625.73291,392.858185,1894.3197
3406,370,1803,3406.61328,483.061066,1802.21021
3218,370,1657,3218.60938,483.407623,1656.20715
3664,189,1901,3664.48022,199.852142,1900.12292
2974,379,1533,2974.45898,506.893738,1532.11157
2992,678,1495,2992.31128,681.808777,1494.04968
3801,1032,1872,3801.63281,1034.41357,1871.22571
3267,669,1588,3267.73242,672.733032,1587.31921
3464,642,1813,3464.58667,655.9953,1812.19019
3417,402,1800,3417.60938,405.591736,1799.20715
3532,410,1858,3532.46216,414.221039,1857.11328
3699,700,1972,3699.73291,808.664978,1971.3197
3464,642,1813,3464.46191,667.462036,1812.11316
3367,969,1481,3367.71509,970.97583,1480.30103
3801,1032,1872,3801.71094,1034.04919,1871.29675
2992,678,1495,2992.42627,685.482788,1494.09546
3367,969,1481,3367.30859,971.295715,1480.04883
2881,677,1394,2881.52637,689.699219,1393.14978
2754,204,1375,2754.50195,212.152542,1374.13513
2536,315,1236,2536.04102,330.367157,1235.00085
2254,292,1224,2254.18652,333.668915,1223.01758
2534,633,1185,2534.23926,639.47876,1184.02905
2298,572,1136,2298.13086,575.00116,1135.00867
2759,363,1348,2759.47827,369.395325,1347.12183
2009,291,1177,2009.76416,341.408661,1176.35498
2023,443,1141,2023.75122,447.516113,1140.33997
1880,516,917,1880.78064,529.420837,916.375061
1479,541,559,1479.52637,551.566895,558.14978
3713,1255,4716,3712.2998,1317.33447,4716.71387
3363,212,4465,3362.40503,319.360107,4465.80371
3596,1622,4630,3595.42676,1628.40662,4630.81934
4256,1255,5041,4255.70703,1357.85095,5041.95605
4371,1255,5077,4370.68848,1358.03223,5077.9502
4009,1254,4935,4008.58496,1281.50391,4935.90967
3840,1255,4811,3839.33057,2898.85889,4811.74268
3713,1255,4716,3712.38892,1992.4043,4716.7915
3840,1255,4811,3839.38452,1991.84619,4811.78809
3596,1622,4630,3595.38403,1627.92993,4630.7876
3391,1515,4464,3390.41309,1544.8385,4464.80957
4089,1932,4950,4088.51855,1979.35583,4950.87646
3999,1375,5622,3998.64941,1454.92407,5622.93652
4363,1875,5094,4362.5332,1891.62976,5094.88428
4249,1399,5028,4248.63184,1527.1958,5028.92969
3999,1375,5622,3998.64941,1441.75,5622.93652
4363,1875,5094,4362.63184,1885.53638,5094.92969
4363,1875,5094,4363.39355,1900.61987,5094.91895
3152,0,4305,3151.1897,43.859333,4305.58594
3149,168,4313,3148.39722,188.904236,4313.79785
2979,194,4064,2978.16797,218.498474,4064.55469
3141,479,4307,3140.16772,564.771606,4307.5542
2978,736,4059,2977.15649,896.103333,4059.53711
2834,444,3771,2833.06494,451.713348,3771.35449
2957,496,4024,2956.09473,631.542725,4024.4248
2870,774,3737,2869.05078,894.536804,3737.31445
3073,507,2757,3072.00977,510.25119,2756.8606
2834,444,3771,2833.01562,452.43158,3770.82397
2858,1051,3503,2857.00098,1060.74316,3503.04004
2923,771,3896,2922.05054,879.041687,3896.31348
2923,771,3896,2922.04858,878.716431,3896.30786
2863,814,3511,2862.00073,836.71582,3511.03467
2943,420,3287,2942.02905,427.628021,3286.76074
2863,814,3511,2862.03516,831.502258,3510.7373
2858,1051,3503,2857.00098,1092.06421,3502.95605
2873,826,3271,2872.00098,830.142639,3270.95605
2940,541,3288,2939.03003,586.109558,3287.75684
2858,1051,3503,2857.00098,1097.98767,3503.0415
2863,814,3511,2862.00098,2096.23242,3511.0415
2865,1202,3738,2864.00098,1288.4386,3738.0415
2882,399,3532,2881.02148,404.659851,3531.79395
3074,479,2758,3073.00488,515.643555,2757.90137
3059,479,2900,3058.00488,515.643555,2899.90137
2862,932,3252,2861.03296,939.771057,3251.74561
2967,553,3166,2966.04883,556.722046,3165.69141
2940,541,3288,2939.06812,589.951782,3287.63745
3017,525,3036,3016.01929,528.281738,3035.80469
3017,525,3036,3016.03198,535.356873,3035.74927
2873,826,3271,2872.0271,830.16394,3270.7688
2967,553,3166,2966.02612,557.102356,3165.77295
3073,507,2757,3072.00391,530.329041,2756.91187
2873,826,3271,2872.01562,829.505066,3270.82397
2955,678,3029,2954.0625,682.054504,3028.6521
2988,783,2753,2987.03882,785.162476,2752.72412
3054,631,2756,3053.02539,635.240662,2755.77612
2955,678,3029,2954.04102,680.486877,3028.71655
2988,783,2753,2987.03003,785.255859,2752.75684
2940,815,3023,2939.01074,823.385803,3022.854
2862,932,3252,2861.02905,938.974548,3251.76074
2988,783,2753,2987.11328,785.59314,2753.46191
3074,479,2758,3073.11597,521.329712,2758.46729
3073,507,2757,3072.12769,578.980042,2757.48877
2714,789,2254,2713.13574,792.766541,2254.50293
2955,678,3029,2954.01758,680.489319,3028.81348
3054,631,2756,3053.01074,637.42981,2755.854
3054,631,2756,3053.12207,638.790039,2756.47876
2760,627,2244,2759.15039,675.748962,2244.52734
2738,465,2252,2737.19043,475.307434,2252.58691
2941,479,2524,2940.15527,485.789124,2524.53516
2851,472,2380,2850.17871,1064.2948,2380.57031
2851,472,2380,2850.16748,608.814026,2380.55396
2941,479,2524,2940.12671,486.05014,2524.48706
3074,479,2758,3073.12793,486.076263,2758.48926
3074,479,2758,3073.11597,502.468353,2758.46729
2981,479,3184,2980.07397,487.721161,3183.62256
3059,479,2900,3058.03491,485.9039,2899.73828
2981,479,3184,2980.03418,485.893311,3183.74097
2943,420,3287,2942.0437,426.995087,3286.70776
3005,305,3145,3004.02905,494.50177,3144.76074
2943,420,3287,2942.06274,432.874512,3286.65137
3059,479,2900,3058.01929,750.889099,2899.80469
3059,479,2900,3058.03394,491.341278,2899.7417
3059,479,2900,3058.0293,519.799683,2899.75977
2863,309,2397,2862.15527,382.595459,2397.53516
2549,800,2006,2549.10645,817.278809,2006.99426
2549,800,2006,2548.18066,831.826233,2006.57324
2738,465,2252,2737.21094,475.55014,2252.61426
2863,780,2506,2862.09473,782.406982,2506.4248
2863,780,2506,2862.16602,782.726929,2506.55176
617,0,2382,616.937561,44.331543,2382.99805
1111,0,2279,1111.71106,6.20659971,2279.70312
1098,-59,2279,1098.33923,-58.2334595,2279.94067
1808,0,2133,1808.20557,11.3770514,2133.97852
1691,-47,2156,1691.20898,-40.4278679,2156.97778
1691,-47,2156,1690.95593,-40.4853172,2156.99902
1098,-59,2279,1098.22266,-57.8810349,2279.97485
-675,0,2200,-674.135132,76.847168,2200.50195
-675,0,2200,-675.043274,41.6319809,2200.99902
-482,0,2217,-482.138489,39.9102211,2217.99023
-482,0,2217,-482.99292,346.670258,2217.11865
-771,60,2415,-770.050415,167.839371,2415.31348
-482,60,2218,-482.138519,93.8214035,2218.99023
-482,60,2218,-482.993835,361.479889,2218.11035
-771,60,2415,-770.008606,329.290771,2415.13086
-675,0,2200,-675.043274,41.6319809,2200.99902
-580,0,2205,-580.060547,41.5830841,2205.99805
-482,0,2217,-482.138489,39.9102211,2217.99023
-580,0,2205,-580.130981,39.8708649,2205.99121
-482,0,2217,-482.992859,423.961426,2217.11914
-467,0,2347,-467.993866,424.1409,2347.11035
-786,0,2531,-785.008606,449.188995,2531.13086
-771,0,2414,-770.008606,448.864685,2414.13086
-771,0,2414,-770.048523,114.518143,2414.30762
-736,0,2305,-735.050415,114.66922,2305.31348
-675,0,2200,-674.138,69.8578262,2200.50684
-736,0,2305,-735.135132,69.7659225,2305.50195
-129,0,2707,-128.406967,102.162491,2707.80518
-14,0,2622,-13.4133587,102.391777,2622.80981
-630,-39,2013,-629.06311,-4.17895269,2013.34961
-454,0,1920,-454.044159,39.0416641,1920.99902
-630,40,2014,-629.048706,169.113663,2014.30823
-527,40,1918,-526.84668,80.3246841,1918.98816
-527,40,1918,-527.042969,79.6699371,1918.99902
-630,40,2014,-629.048706,169.113663,2014.30823
-603,40,1931,-602.050415,169.129471,1931.31348
-527,40,1918,-526.84668,80.3246841,1918.98816
-603,40,1931,-602.84668,80.319725,1931.98816
-588,-35,1599,-587.043701,28.6069508,1599.29236
-588,-35,1599,-587.165527,-2.06620193,1599.55103
-298,-35,1662,-298.912109,-11.9167194,1662.40991
-404,40,1495,-404.768524,102.229965,1495.63965
-339,40,1571,-339.764496,102.327705,1571.64453
-588,40,1599,-587.04071,182.876892,1599.28235
-622,40,1713,-621.04364,183.064926,1713.29211
122,179,2534,122.83136,186.433319,2534.55566
71,-66,2610,71.572258,-64.8892899,2610.82007
-404,-25,1495,-403.891205,-11.5133419,1495.99402
-404,-25,1495,-403.891907,-11.9804115,1495.99414
-275,80,2657,-275.381927,89.4874878,2657.92407
-126,80,2717,-126.38134,89.4586029,2717.92432
-412,80,2654,-412.043213,161.811493,2654.99902
-275,80,2657,-275.043213,161.927429,2657.99902
-711,80,2653,-711.042969,159.019531,2653.99902
-412,80,2654,-412.042267,158.707352,2654.99902
-329,-35,1774,-329.613342,-29.2886028,1773.21021
1680,287,2185,1680.33606,381.593018,2185.94165
1114,703,2389,1113.65942,707.280762,2389.94019
1114,703,2389,1113.90137,704.709656,2389.99512
1115,313,2294,1115.78442,338.753632,2294.62012
1115,313,2294,1115.84399,358.9263,2294.53613
1680,287,2185,1680.07605,295.488647,2185.99707
1680,287,2185,1680.09851,294.955231,2185.99512
1114,703,2389,1114.30859,706.157227,2389.95117
1146,304,2244,1146.33643,360.043243,2244.94165
1114,703,2389,1114.82935,710.770935,2389.55859
1066,325,2279,1065.68176,348.947723,2279.948
1114,703,2389,1114.28223,706.066589,2389.95923
1066,325,2279,1066.45703,331.782928,2279.8894
626,247,2383,626.286072,318.380127,2383.95801
1114,703,2389,1114.1239,709.663879,2389.99219
626,247,2383,626.107117,360.361755,2383.99414
122,179,2534,122.097618,180.921555,2534.99512
122,179,2534,122.358093,188.307144,2534.93359
102,585,2561,102.295288,604.891968,2561.95532
102,585,2561,102.22702,591.706055,2561.97388
-138,513,2709,-137.527649,528.843933,2709.88135
-390,326,2819,-389.706024,328.00943,2819.95581
-1212,-67,174,-1211.3125,-66.513649,173.273819
-1439,-87,16,-1438.12158,-86.4559021,15.5221071
-1002,-124,694,-1001.00287,-123.420921,694.075623
-1002,-124,694,-1001.44739,-123.448181,693.166565
-1387,-145,364,-1386.17273,-144.313828,363.438202
-1253,-141,569,-1252.22571,-140.270248,568.367188
-1387,-145,364,-1386.15967,-144.293213,363.457947
-2268,-223,-680,-2268.99707,-222.434814,-679.923523
-2364,-181,-766,-2364.67847,-180.453812,-765.265381
-2464,-184,-866,-2463.65918,-183.467743,-865.059875
-2464,-184,-866,-2463.44141,-183.336319,-865.170593
-2464,-184,-866,-2463.10132,-183.473373,-865.561401
-2722,-240,-787,-2721.35938,-239.251724,-786.232178
-2750,-223,-629,-2749.21021,-222.22995,-629.613281
-2364,-181,-766,-2364.96069,-180.401917,-765.722656
-2346,-230,-572,-2345.64893,-229.507538,-572.93634
-2463,-188,-651,-2463.4668,-187.36203,-651.884338
-2579,-221,-529,-2579.33911,-220.291016,-529.940735
-2579,-221,-529,-2578.68213,-220.383408,-529.94812
-2579,-221,-529,-2578.47656,-220.432159,-529.852051
-4081,-226,-662,-4081.04297,-225.436859,-661.000977
-4274,-211,-1100,-4273.28809,-210.47966,-1099.29785
-4318,-229,-956,-4317.18506,-228.30246,-956.579468
-4017,-199,-960,-4016.90088,-198.16217,-960.995056
-4017,-199,-960,-4016.92285,-198.262878,-960.997009
-3733,-200,-937,-3733.09766,-199.220688,-937.995117
-3470,-265,-886,-3470.67871,-264.513794,-886.734375
-4017,-199,-960,-4016.92358,-198.264496,-960.99707
-3811,-208,-636,-3810.96021,-207.403473,-635.000793
-3555,-225,-563,-3555.24365,-224.433167,-562.030151
-3555,-225,-563,-3555.9646,-223.973526,-562.736328
-3476,-268,-330,-3476.95972,-267.424866,-329.719055
-3555,-225,-563,-3555.99512,-224.094345,-562.901367
-4101,-274,-306,-4100.6333,-273.396851,-306.930328
-4101,-274,-306,-4100.40137,-273.370056,-306.800995
-4101,-274,-306,-4100.26758,-273.422821,-306.680756
-4040,-281,-245,-4040.04297,-280.512726,-245.999069
-4040,-281,-245,-4039.74414,-280.401367,-245.966705
-4040,-281,-245,-4039.60913,-280.487762,-245.920441
-2945,-212,185,-2945.2998,-211.470093,184.046005
-2432,-210,289,-2431.03979,-209.416931,289.278992
-2432,-210,289,-2431.03198,-209.48262,289.250793
-2945,-212,185,-2945.51758,-211.438858,184.144379
-2229,-211,522,-2229.94897,-210.501907,521.684692
-1032,-74,2377,-1031.07397,-73.4777908,2376.62256
-984,-106,2650,-983.078735,-105.244507,2649.61108
-1109,-74,2121,-1108.04407,-73.4479904,2120.70654
-1032,-74,2377,-1031.0437,-73.4512253,2376.70776
-1106,-120,2411,-1105.21399,-119.526512,2410.38184
-1857,-248,2210,-1856.63574,-247.348785,2209.06885
-1469,-211,2301,-1468.30176,-210.465378,2300.28418
-1106,-120,2411,-1105.30176,-119.454613,2410.28418
-3811,-208,-636,-3811.07642,-207.214355,-635.00293
-4318,-229,-956,-4318.04297,-228.342331,-956.999023
-3811,-208,-636,-3811.36353,-207.227402,-635.06842
-2463,-188,-651,-2462.93774,-187.445679,-651.998047
-4934,-249,2337,-4933.03906,-248.53363,2337.27612
-5457,-279,1116,-5456.2832,-278.152802,1116.69727
-3978,-206,4145,-3978.99902,-205.443115,4144.95605
-1253,-141,569,-1252.15466,-140.292801,568.46582
-1800,-134,2962,-1799.15527,-132.455597,2962.53516
-1800,-134,2962,-1800.4043,-133.333878,2962.91455
-1962,-168,3051,-1961.12732,-167.535263,3050.51172
-1962,-168,3051,-1961.07397,-167.470779,3050.62256
-1905,-181,3263,-1904.25586,-180.369278,3262.33203
-2851,-295,3219,-2850.04468,-232.906754,3218.70459
-2489,-250,3958,-2488.6438,-246.543137,3957.06567
-2480,-260,3842,-2479.16553,-257.103424,3842.55103
-2225,-278,3695,-2224.91455,-265.885406,3695.99634
-2489,-250,3958,-2488.41504,-225.453583,3957.18896
-2382,-253,4001,-2381.63574,-249.721039,4000.06885
-2426,-268,3733,-2425.09473,-263.931244,3733.4248
-2480,-260,3842,-2479.11475,-255.03653,3842.46509
-2426,-268,3733,-2425.72949,-264.971924,3733.96265
-2273,-251,4004,-2273.71631,-244.736633,4003.30225
-2273,-251,4004,-2273.83203,-248.667313,4003.44531
-2382,-253,4001,-2381.96289,-249.721558,4000.00073
-2851,60,3219,-2850.19922,386.75415,3219.59888
-2797,60,3146,-2796.1936,387.222229,3146.59131
-2770,-295,3368,-2770.11572,-240.670395,3367.00684
-2604,60,3267,-2604.9209,453.865662,3267.38965
-2642,60,3179,-2642.92554,453.769287,3179.37842
-2770,-295,3368,-2769.25586,-286.853424,3367.33203
-2825,-295,3305,-2824.2478,-286.857574,3304.34106
-2825,-295,3305,-2824.0437,-249.450012,3304.70776
-2851,-295,3219,-2850.04541,-249.483917,3218.70215
-2851,-295,3219,-2850.1936,-283.515503,3219.59131
-2799,-295,3147,-2798.1897,-283.509705,3147.58594
-2638,-295,3186,-2638.92749,162.966461,3186.37378
-2604,-295,3267,-2604.9209,163.080734,3267.38965
-2143,-238,4066,-2142.00293,-227.934692,4065.92358
-2139,-242,4128,-2138.5415,-236.593384,4127.11133
-2086,167,4151,-2086.26953,230.063995,4150.03711
-2015,-253,4097,-2015.98816,-239.161697,4096.84668
-2022,-253,4141,-2022.98914,-239.17215,4140.85352
-2022,-253,4141,-2022.97949,-214.20784,4140.79883
-2015,-253,4097,-2015.9823,-239.0849,4096.81299
-2008,-253,4053,-2008.98718,-241.013412,4052.84082
-2008,-253,4053,-2008.60168,-241.641205,4053.79858
-2056,-245,4018,-2056.04297,-230.449585,4018.99902
-2143,-238,4066,-2142.16968,-230.074203,4066.55713
-2139,-242,4128,-2138.00098,-233.705139,4127.95605
-2086,-247,4158,-2085.51953,-240.840469,4157.12305
-2022,-253,4141,-2022.32031,-243.829605,4140.05273
-2143,168,4125,-2142.59668,535.324829,4124.08496
-1274,-262,2805,-1274.24316,-261.448395,2804.03003
-1274,-262,2805,-1274.71106,-261.479584,2804.29688
-1370,-236,3052,-1370.66772,-235.389252,3051.25562
-1571,-167,3071,-1571.63354,-166.348358,3070.22632
-1562,-195,3375,-1562.97644,-194.445312,3375.21558
-1562,-195,3375,-1562.97461,-194.536652,3374.77612
-1571,-167,3071,-1571.995,-166.378113,3070.90039
-2162,437,4888,-2161.10425,441.832794,4888.44434
-2162,437,4888,-2161.14087,441.023041,4888.51172
-1896,422,4430,-1895.14087,428.05304,4430.51172
-2038,388,4656,-2037.18066,392.635559,4656.57324
-1182,80,3031,-1181.00867,128.906525,3030.86865
-1212,80,2788,-1211.00867,128.882248,2787.86865
-1110,80,2696,-1109.67883,186.786758,2696.94702
-985,80,2652,-984.684692,186.660965,2652.94897
-275,80,2657,-275.341949,210.690887,2657.93945
-129,0,2707,-129.34198,89.1896896,2707.9397
-275,80,2657,-275.042267,230.210983,2657.99902
-711,80,2653,-711.042969,159.019531,2653.99902
-985,80,2652,-985.042969,156.892776,2652.99902
-848,80,2652,-848.042969,156.892776,2652.99902
-848,80,2652,-848.042969,184.539825,2652.99902
-1110,80,2696,-1109.30176,143.919998,2696.71582
-1182,80,3031,-1181.37524,319.074219,3030.21924
-1096,80,3101,-1095.38013,319.074219,3100.21533
-1173,-302,3212,-1173.4248,-292.244415,3212.90527
-1281,-295,3328,-1280.11609,-292.804901,3328.46753
-1173,-302,3212,-1172.59399,-296.921753,3212.91382
-1281,-295,3328,-1280.0946,-292.108582,3327.57544
-1165,-288,3436,-1164.5957,-285.139984,3435.08545
-1245,-291,3401,-1244.09619,-288.121918,3400.57227
-1281,-295,3328,-1280.08484,-291.205627,3328.40308
-1246,-300,3247,-1245.57263,-295.859955,3247.90405
-1393,-230,2613,-1392.19324,-227.648026,2613.59082
-1437,-258,2796,-1436.02539,-254.777542,2795.77612
-1437,-258,2796,-1436.41919,-229.434662,2795.18604
-1253,-281,2837,-1253.13806,-278.414886,2836.00977
-1253,-281,2837,-1253.80945,-278.335114,2836.41284
-1209,-254,2654,-1209.995,-250.123795,2654.09912
-1209,-254,2654,-1209.61328,-250.780396,2654.78979
-1393,-230,2613,-1392.89197,-226.382431,2613.99414
-1448,-239,2693,-1447.02136,-237.232864,2692.79443
-1393,-230,2613,-1392.13574,-228.603867,2613.50293
-1393,-230,2613,-1392.91174,-227.244034,2613.99609
-1289,-237,2601,-1289.61426,-233.81958,2601.78906
-1209,-254,2654,-1209.99915,-252.015778,2654.03882
-1198,-272,2757,-1198.80908,-269.531647,2756.41235
-1357,-274,2849,-1357.15186,-270.751373,2848.01172
-1437,-258,2796,-1436.50293,-255.175323,2795.13232
-1782,-244,2335,-1781.15466,-241.848526,2334.46582
-1782,-244,2335,-1781.84119,-241.165863,2334.0127
-1570,-216,2285,-1570.51172,-213.125153,2284.14087
-1570,-216,2285,-1570.98218,-213.004623,2284.8125
-1621,-203,2072,-1621.8833,-201.646027,2072.46875
-1732,-214,2056,-1732.06067,-212.356659,2056.99805
-1834,-231,2122,-1833.42639,-229.422821,2122.81909
-1834,-231,2122,-1833.00098,-229.56929,2121.95605
-1848,-243,2233,-1847.15515,-239.165817,2232.46509
-1834,-231,2122,-1833.00391,-228.359283,2122.08789
-1732,-214,2056,-1731.41211,-211.709595,2056.80884
-1621,-203,2072,-1621.0752,-201.591553,2072.99707
-1621,-203,2072,-1621.85193,-200.628159,2072.52344
-1555,-205,2174,-1555.98425,-202.495865,2173.82324
-1570,-216,2285,-1570.51172,-212.661407,2284.14087
-1671,-234,2351,-1670.82947,-230.979294,2350.01465
-1843,-278,1763,-1842.46423,-276.480743,1763.84436
-1843,-278,1763,-1842.00769,-276.78656,1763.12305
-1790,-230,1958,-1789.08459,-228.290009,1957.59753
-1790,-230,1958,-1789.86719,-227.706116,1957.00891
-1592,-210,1900,-1592.47986,-208.773987,1899.12268
-1592,-210,1900,-1592.99902,-208.034515,1899.95593
-1565,-255,1790,-1565.73242,-252.694626,1790.68066
-1749,-277,1696,-1749.07617,-274.220764,1696.99707
-1790,-230,1958,-1789.15515,-225.754593,1957.46509
-1855,-259,1867,-1854.00867,-249.318298,1867.13086
-1749,-277,1696,-1748.4198,-273.558563,1696.81445
-1645,-258,1705,-1645.04395,-252.872498,1705.99902
-1581,-230,1796,-1581.71582,-228.455093,1796.698
-1592,-210,1900,-1592.99902,-208.413345,1900.04199
-1592,-210,1900,-1592.57239,-207.310272,1899.18005
-1686,-212,1966,-1685.8606,-209.272842,1965.00977
-2587,-302,2200,-2586.02417,-300.361389,2200.21826
-2551,-296,2425,-2550.10376,-294.508087,2424.55664
-2551,-296,2425,-2550.80347,-293.699585,2424.01953
-2326,-297,2389,-2326.5022,-293.701874,2388.13525
-2326,-297,2389,-2326.96948,-293.307373,2388.75488
-2362,-302,2164,-2362.87158,-298.887512,2164.48999
-2476,-303,2139,-2476.24316,-300.293243,2139.96997
-2587,-302,2200,-2586.58789,-300.401672,2200.91113
-2551,-296,2425,-2550.12158,-293.881927,2424.52222
-2612,-299,2314,-2611.02905,-297.173737,2314.23926
-2587,-302,2200,-2586.53125,-298.5289,2200.8833
-2362,-302,2164,-2362.22656,-298.763885,2164.97388
-2301,-299,2275,-2301.87842,-296.895721,2275.47754
-2326,-297,2389,-2326.97949,-294.754211,2388.79858
-2437,-295,2449,-2437.49023,-292.643433,2448.12842
-2437,-295,2449,-2436.79858,-292.667114,2448.02051
-3270,-298,2600,-3270.99316,-297.439636,2599.8833
-3305,-303,2726,-3305.8584,-302.393127,2725.48706
-3390,-301,2768,-3390.48926,-300.43985,2767.12793
-3390,-301,2768,-3390.15186,-296.982178,2767.01172
-3465,-280,2712,-3464.47656,-276.572662,2711.14795
-3472,-269,2609,-3471.00977,-266.857727,2608.8606
-3472,-269,2609,-3471.21191,-266.970184,2609.61548
-3415,-274,2531,-3414.95605,-269.619904,2531.99902
-3313,-294,2522,-3313.67871,-292.06781,2522.73438
-3238,-315,2578,-3238.99902,-313.46521,2577.95605
-3288,-321,2759,-3288.8186,-319.360046,2758.42578
-3454,-305,3744,-3453.43164,-302.749359,3743.17725
-3254,-294,3787,-3254.14526,-291.011871,3786.01074
-3254,-294,3787,-3254.83398,-291.368073,3786.44824
-3212,-287,3587,-3212.99512,-284.255981,3587.09863
-3212,-287,3587,-3212.5459,-284.75235,3587.83765
-3412,-298,3544,-3411.84741,-295.730225,3544.98828
-3412,-298,3544,-3411.15015,-295.933685,3544.52686
-3454,-305,3744,-3453.00684,-303.35379,3743.8833
-3367,-301,3802,-3366.4292,-299.206696,3801.17896
-3469,-304,3632,-3468.01074,-301.769043,3631.854
-3412,-298,3544,-3411.15527,-295.996796,3544.53516
-3300,-291,3529,-3299.8606,-288.185242,3529.99023
-3212,-287,3587,-3212.56348,-284.374054,3587.82593
-3212,-287,3587,-3212.99121,-283.687286,3587.13062
-3197,-288,3700,-3197.83398,-284.858887,3699.44824
-3254,-294,3787,-3254.10645,-291.924683,3786.00586
-4353,-216,3328,-4352.49219,-213.394485,3327.13867
-4123,-210,3366,-4123.15723,-206.670471,3365.01245
-4123,-210,3366,-4123.83154,-206.288284,3365.44458
-4086,-207,3136,-4086.97827,-202.895142,3136.20703
-4189,-210,3075,-4189.54004,-206.476334,3075.84155
-4316,-214,3098,-4315.86084,-211.365036,3098.99023
-4316,-214,3098,-4315.13574,-210.58989,3098.50293
-4353,-216,3328,-4352.01855,-212.974777,3327.80835
-4123,-210,3366,-4123.18555,-206.353699,3365.01758
-4251,-214,3389,-4250.47266,-210.755875,3388.15039
-4353,-216,3328,-4352.01855,-212.331924,3327.80835
-4376,-216,3201,-4375.01855,-212.330063,3200.80835
-4316,-214,3098,-4315.14453,-210.854523,3098.51758
-4189,-210,3075,-4188.81348,-204.034164,3075.98242
-4086,-207,3136,-4086.52148,-202.558716,3136.85303
-4086,-207,3136,-4086.98608,-205.018967,3136.16504
-4063,-207,3263,-4063.98633,-205.015625,3263.16406
-4063,-207,3263,-4063.84473,-205.317688,3262.46484
-3737,-272,4517,-3737.04297,-269.470459,4516.00098
-3618,-301,4523,-3618.78516,-298.447815,4522.38086
-3543,-321,4440,-3543.99902,-318.493011,4439.95605
-3619,-308,4240,-3619.75146,-305.792633,4240.65967
-3739,-280,4234,-3739.19629,-278.401306,4234.98047
-3814,-259,4317,-3813.35352,-257.674438,4317.7627
-3818,-255,4440,-3817.00195,-253.532578,4440.06104
-3818,-255,4440,-3817.39722,-253.409973,4439.20215
-3739,-280,4234,-3739.07544,-277.268677,4234.99707
-3739,-280,4234,-3738.34717,-278.427612,4234.75732
-3818,-255,4440,-3817.00073,-253.372726,4440.03467
-3818,-255,4440,-3817.375,-253.009018,4439.21973
-3747,-300,4529,-3747.04297,-297.976593,4528.00098
-3618,-301,4523,-3618.77734,-298.10376,4522.37109
-3538,-326,4317,-3538.99878,-323.570251,4316.95508
-3619,-308,4240,-3619.71094,-304.84787,4240.70312
-4733,-204,3666,-4732.02539,-197.034561,3665.77612
-4496,-214,3495,-4496.9834,-207.588196,3495.17993
-4700,-204,3461,-4700.06055,-199.999542,3461.99805
-4700,-204,3461,-4699.1416,-200.714874,3461.5127
-4587,-209,3441,-4587.54297,-203.952881,3441.8396
-4496,-214,3495,-4496.98535,-207.909851,3495.16992
-4529,-214,3699,-4529.85547,-205.500641,3698.48218
-4642,-209,3720,-4642.20557,-206.884903,3719.02148
-4733,-204,3666,-4732.52246,-201.981018,3665.12158
-4754,-202,3553,-4753.01855,-196.745361,3552.80835
-4754,-202,3553,-4753.15527,-197.751816,3553.53516
-3920,-192,-487,-3919.95728,-190.814178,-486.000916
-4014,-199,-491,-4013.25293,-197.740936,-490.335266
-4093,-227,-431,-4092.02051,-225.483383,-431.201324
-4094,-259,-342,-4093.31274,-256.683105,-342.726318
-3934,-273,-262,-3933.92236,-271.156647,-262.996979
-3856,-246,-322,-3856.47363,-244.317474,-322.880676
-3854,-214,-411,-3854.99121,-210.939789,-411.131653
-3920,-192,-487,-3920.83447,-190.129654,-486.449097
-4028,-280,-266,-4027.91016,-277.437622,-266.995941
-3856,-246,-322,-3856.61157,-241.676895,-322.791138
-3854,-214,-411,-3854.99414,-210.475449,-411.107605
-3920,-192,-487,-3920.74707,-188.498459,-486.335266
-3920,-192,-487,-3920.09961,-189.82135,-486.004974
-4021,-224,-512,-4020.24414,-222.985489,-511.345276
-4093,-227,-431,-4092.03418,-225.625107,-431.258636
-4105,-276,-343,-4104.32275,-274.240784,-343.735718
-3663,-219,-412,-3662.09351,-216.395462,-411.577789
-3711,-231,-319,-3710.14893,-229.441422,-319.524994
-3675,-253,-231,-3674.65454,-251.075333,-231.9384
-3582,-275,-185,-3582.44067,-274.069122,-185.897644
-3444,-267,-317,-3444.82715,-266.16861,-317.56192
-3480,-245,-404,-3480.99023,-243.963776,-403.860596
-3573,-224,-450,-3573.60742,-222.871964,-449.205627
-3663,-219,-412,-3662.64355,-216.8004,-411.065704
-3573,-224,-450,-3573.45117,-221.928802,-449.107574
-3573,-224,-450,-3572.65747,-221.426239,-449.060516
-3711,-231,-319,-3710.11328,-229.453888,-318.53772
-3711,-231,-319,-3710.14258,-229.355789,-319.514496
-3582,-275,-185,-3581.65137,-267.653168,-185.93718
-3687,-275,-224,-3686.66821,-267.655914,-224.943298
-3582,-275,-185,-3582.23438,-262.307953,-185.972046
-3444,-267,-317,-3444.86841,-265.866455,-317.495361
-3480,-245,-404,-3480.97559,-243.783966,-403.780396
-3176,-298,-1016,-3175.05933,-296.781647,-1015.66071
-3216,-299,-907,-3215.13184,-297.627869,-907.496094
-3055,-301,-773,-3054.65918,-299.700409,-773.940125
-3164,-301,-813,-3163.65918,-299.700806,-813.940125
-2961,-300,-825,-2961.47998,-298.667206,-825.877258
-2921,-298,-934,-2921.94019,-296.706604,-934.340332
-2973,-297,-1028,-2973.87695,-295.425323,-1027.51953
-3083,-297,-1068,-3083.34961,-295.660034,-1067.06311
-2973,-297,-1028,-2973.34961,-295.659424,-1027.06311
-3083,-297,-1068,-3082.49634,-295.769562,-1067.13611
-2921,-298,-934,-2921.87207,-296.563965,-933.51062
-3083,-297,-1068,-3083.36255,-295.808197,-1067.06812
-3083,-297,-1068,-3082.50293,-295.804932,-1067.13232
-3216,-299,-907,-3215.0498,-297.106842,-906.688354
-3216,-299,-907,-3215.12256,-297.432495,-907.479675
-3055,-301,-773,-3054.65918,-299.609589,-773.940125
-3055,-301,-773,-3055.47949,-299.65097,-773.877502
-2921,-298,-934,-2921.94702,-296.543304,-934.321167
-2686,-194,-655,-2685.1897,-192.690887,-654.414001
-2774,-238,-587,-2773.03882,-236.201004,-587.275391
-2771,-283,-486,-2770.33008,-280.39856,-486.742401
-2583,-295,-397,-2582.83789,-293.994598,-397.986755
-2494,-252,-465,-2494.21289,-251.124802,-465.97702
-2497,-207,-566,-2497.93164,-205.862778,-566.36322
-2576,-180,-651,-2576.82935,-178.412384,-650.441406
-2576,-180,-651,-2575.92285,-178.848877,-650.002991
-2494,-252,-465,-2494.54785,-249.938354,-465.836487
-2497,-207,-566,-2497.99902,-204.674454,-566.042969
-2576,-180,-651,-2576.89551,-178.897781,-650.554993
-2576,-180,-651,-2575.78418,-179.152222,-650.023621
-2697,-227,-683,-2696.19263,-225.51532,-682.409973
-2774,-238,-587,-2773.01562,-235.316208,-587.17572
-2480,-260,3842,-2479.00195,-258.050812,3842.06079
-2489,-250,3958,-2488.00488,-247.397247,3958.09814
4002,819,2316,4002.78833,823.50531,2315.38477
4081,823,2425,4081.79175,830.818909,2424.38916
300,181,220,300.887329,253.772751,219.538864
129,151,-134,129.872604,161.43454,-134.488403
383,202,332,383.808136,239.226471,331.411011
240,161,102,240.896942,177.153259,101.557854
618,605,396,618.108521,641.232849,395.00592
-523,172,305,-522.873108,192.183563,304.008087
-411,172,287,-411.598419,239.742615,286.198822
-1425,174,19,-1424.13708,203.427002,18.4946518
-1741,170,-441,-1740.21912,198.208969,-441.624603
-411,172,287,-411.160156,221.507645,286.012909
-523,172,305,-523.160156,221.456818,304.012909
-417,417,282,-416.751251,419.301788,281.031433
-664,372,238,-663.785156,374.261597,237.023361
-417,417,282,-417.160126,458.972626,281.012909
-417,417,282,-416.955841,427.062775,281.000977
-417,417,282,-417.160156,458.684204,281.012909
-664,372,238,-663.837891,374.54776,237.013229
-919,304,226,-918.899414,306.025604,225.005081
-1143,427,47,-1142.59595,428.674286,46.0852661
-1143,427,47,-1142.41699,428.753082,46.1875343
-919,304,226,-918.667969,306.184601,225.056732
-2808,328,-1311,-2807.67896,334.225586,-1311.94702
-2808,328,-1311,-2807.81274,331.840546,-1311.9823
1223,630,467,1223.33203,1394.97046,466.056732
1223,630,467,1223.26611,640.273132,466.036072
938,630,388,938.266907,640.254517,387.036285
938,630,388,938.076172,638.728882,387.00293
618,605,396,618.087891,649.947205,395.003876
938,630,388,937.955139,653.681458,387.001007
-1143,427,47,-1142.39258,428.697906,46.2056236
-5353,-279,885,-5352.15527,-277.997498,885.535156
-5227,-279,692,-5226.16943,-277.99234,692.556641
-5047,-271,511,-5046.28613,-269.70932,511.700043
-5227,-279,692,-5226.26562,-277.86319,692.678711
-5144,-279,603,-5143.2666,-277.863953,603.679688
-5144,-279,603,-5143.28516,-277.690155,603.69928
-5353,-279,885,-5352.09521,-277.947754,885.425781
-5353,-279,885,-5352.09473,-278.054626,885.424561
-5457,-279,1116,-5456.08887,-278.06073,1116.41211
-5353,-279,885,-5352.15527,-277.997498,885.535156
-5280,-279,2100,-5279.57422,-277.673859,2099.09521
-5459,-279,2013,-5458.58691,-277.672302,2012.08936
-5459,-279,2013,-5458.57422,-277.689209,2012.09521
-5532,-279,1977,-5531.5874,-277.688416,1976.08911
-5459,-279,2013,-5458.57471,-277.802917,2012.09497
-5280,-279,2100,-5279.53516,-278.010529,2099.11475
-5532,-279,1977,-5531.42871,-277.68631,1976.17932
-5645,-279,1896,-5644.24756,-277.623383,1895.34143
-5532,-279,1977,-5531.41309,-277.58783,1976.19043
-5645,-279,1896,-5644.44141,-277.588654,1895.17065
-5770,-279,1680,-5769.00098,-277.508179,1679.95593
-5771,-279,1556,-5770.00098,-277.51062,1555.95593
-5771,-279,1556,-5770.00098,-277.773224,1555.95593
-5770,-279,1680,-5769.05371,-277.576904,1679.67676
-5663,-279,1312,-5662.11621,-277.656036,1312.46777
-5771,-279,1556,-5770.07422,-277.805237,1556.37793
-5723,-279,1431,-5722.07031,-277.802399,1431.36804
-5723,-279,1431,-5722.07031,-277.826721,1431.36792
-5564,-279,1209,-5563.28711,-277.837677,1209.70117
-5663,-279,1312,-5662.28906,-277.836243,1312.70312
-5564,-279,1209,-5563.29199,-277.920715,1209.70605
-5457,-279,1116,-5456.35449,-277.853333,1116.76355
-5564,-279,1209,-5563.34668,-277.850861,1209.75708
-5280,-279,2100,-5279.46387,-277.875671,2099.15601
-5268,157,2098,-5267.41943,167.062897,2097.18579
-4527,-178,2478,-4526.58691,-176.736816,2477.08936
-4672,-210,2443,-4671.47656,-208.825089,2442.14795
-4527,0,2450,-4526.73633,3.49536538,2449.0354
-4672,0,2411,-4671.91211,3.7915113,2410.00391
-4802,-1,2399,-4801.49121,11.4344339,2398.13916
-4527,-178,2478,-4526.58691,-176.736816,2477.08936
-5393,198,1431,-5392.05957,225.482101,1430.66003
-5393,198,1431,-5392.12256,221.816757,1430.52039
-5371,121,1479,-5370.11133,134.313416,1478.5415
-5397,45,1437,-5396.11377,51.1222801,1436.53687
-5312,43,1500,-5311.75488,52.356163,1499.03052
-5312,112,1496,-5311.75488,130.530151,1495.03052
-5371,121,1479,-5370.74023,137.565201,1478.03442
-5417,186,1362,-5416.00879,195.841293,1361.8678
-5323,54,1861,-5322.03076,110.112679,1860.75391
-5268,157,2098,-5267.01562,164.006851,2097.82397
-5323,54,1861,-5322.00781,198.01825,1860.87537
-5329,48,1802,-5328.00391,53.5174713,1801.91174
-5329,48,1802,-5328.01172,60.5777359,1801.84741
-5324,177,1853,-5323.02539,319.693939,1852.77612
-5335,42,1738,-5334.39258,60.9594002,1738.79431
-5281,113,1700,-5280.35352,123.274796,1700.7627
-5281,113,1700,-5280.82324,121.001968,1700.98425
-5325,196,1714,-5324.72949,270.444397,1714.96265
-5312,112,1496,-5312.18652,128.577698,1495.01758
-5367,406,1135,-5366.09912,407.346741,1134.56604
-5367,406,1135,-5366.03027,407.992615,1134.75586
-5185,363,2043,-5184.03906,365.078156,2042.72327
-5367,406,1135,-5367.99902,407.168274,1135.04272
-5367,406,1135,-5366.03418,407.898163,1134.74084
-5367,406,1135,-5366.02539,408.177185,1134.77612
-5185,363,2043,-5184.05371,366.841248,2042.67676
-5185,363,2043,-5184.00391,364.166687,2042.91174
-5185,363,2043,-5184.02148,364.938751,2042.79395
-5367,406,1135,-5366.0293,407.188873,1135.24011
-5185,363,2043,-5184.42871,365.021851,2042.17932
-5185,363,2043,-5184.40039,365.57782,2042.19983
-4358,-287,349,-4358.04199,-285.671875,349.999054
-4498,-286,333,-4498.13281,-284.668671,333.991089
-4498,-286,333,-4497.77734,-284.755554,333.974884
-4790,-280,398,-4789.60889,-278.835358,398.920319
-3717,-282,556,-3717.50684,-280.653198,556.862
-4218,-282,353,-4218.22559,-280.391296,353.97406
-4644,-281,366,-4643.84473,-279.66745,366.987854
-5047,-271,511,-5046.61816,-269.669373,511.924194
-4790,-280,398,-4789.79199,-278.910858,398.978119
-4644,-281,366,-4643.80518,-279.531586,366.980835
-4498,-286,333,-4498.13281,-284.668671,333.991089
-4218,-282,353,-4218.04199,-280.568909,353.999115
-4218,-282,353,-4218.23438,-280.703918,353.972046
-3951,-282,416,-3951.22168,-280.699585,416.975098
-3951,-282,416,-3951.51758,-280.635437,416.855621
-3717,-282,556,-3717.5271,-280.634399,556.849792
-4218,152,353,-4218.26562,235.109848,353.963989
-3951,140,421,-3951.49707,243.254486,421.867676
-3717,140,556,-3717.50684,242.992584,556.861816
-3487,-280,915,-3487.88354,-276.120209,915.468262
-3717,-282,556,-3717.85767,-280.579254,556.513672
-3551,-281,783,-3551.81909,-275.291473,783.573608
-3487,-280,915,-3487.90503,-274.028656,915.425293
-3447,-279,1040,-3447.95093,-275.453583,1040.30884
-3447,-279,1040,-3447.95874,-274.464783,1040.28381
-3412,-280,1620,-3412.9646,-278.287354,1619.73633
-3442,-280,1755,-3442.90503,-278.290283,1754.57471
-3420,-160,1620,-3420.97729,-144.833923,1619.78906
-3635,-282,2130,-3635.6582,-280.129272,2129.24731
-3741,-282,2220,-3741.6582,-280.128754,2219.24731
-3635,-282,2130,-3635.75708,-258.668365,2129.34668
-3504,-281,1885,-3504.92578,-278.895691,1884.62195
-3504,-281,1885,-3504.89062,-278.956879,1884.54529
-3412,-280,1620,-3412.97852,-278.130341,1619.79395
-3442,-280,1755,-3442.97632,-278.130341,1754.78418
-3442,-280,1755,-3442.97632,-278.130341,1754.78418
-3376,-286,1505,-3376.96094,-284.340027,1504.72327
-3520,-160,1885,-3520.90479,-151.228775,1884.57422
-3420,-160,1620,-3420.95874,-144.398865,1619.71582
-3424,-285,1459,-3424.7041,-280.725494,1459.70996
-3376,-286,1505,-3376.52637,-284.329895,1505.85022
-3481,-282,1093,-3481.40234,-276.611237,1092.08459
-3612,-289,1082,-3611.78418,-253.907928,1081.02368
-3481,-282,1093,-3481.7627,-277.069183,1092.35352
-3608,-153,1082,-3607.64844,-54.4256897,1081.06384
-3564,-172,1509,-3563.47339,-117.948212,1509.8501
-3460,-156,1060,-3460.98511,-148.83255,1060.1709
-3398,-158,1489,-3398.67896,-116.06646,1489.73413
-3492,-181,1100,-3492.84912,-163.131561,1099.47192
-3434,-184,1455,-3434.69727,-158.241165,1455.7168
-3398,-158,1489,-3398.98535,-152.936127,1488.82947
-3401,0,1502,-3401.99609,97.6292038,1501.91174
-3420,-160,1620,-3420.94116,-155.544403,1619.66211
-3520,-160,1885,-3520.94116,-155.547729,1884.66211
-4240,-114,2438,-4240.09863,-107.716118,2437.00488
-3741,140,2204,-3741.58691,150.914337,2203.19043
-3975,140,2369,-3975.57031,150.92746,2368.17871
-4240,-114,2438,-4240.30859,-107.458893,2437.04883
-3741,-282,2220,-3741.52734,-280.894104,2219.15039
-3975,-282,2368,-3975.53516,-280.889893,2367.15527
-4527,-178,2478,-4527.2583,-177.023666,2477.03394
-4105,-162,2402,-4105.31738,-155.469131,2401.05176
-4105,-162,2402,-4105.38916,-155.755325,2401.07886
-3743,-189,5470,-3742.354,-188.336349,5469.23682
-3743,-189,5470,-3742.52246,-187.885513,5469.12158
-622,-31,1712,-621.04364,44.0097046,1712.29211
-529,-28,1509,-528.166016,12.9074688,1509.55176
-404,-25,1495,-404.749481,-0.46301797,1495.66199
-339,-26,1570,-339.917999,13.2710066,1570.39648
-298,-35,1662,-298.963531,-31.8984718,1661.73242
-329,-35,1774,-329.963531,-31.8980751,1773.73242
-339,40,1571,-339.917999,136.548386,1571.39636
-529,39,1510,-528.900391,78.4694595,1510.995
-529,39,1510,-528.165527,110.638702,1510.55103
4411,-108,5098,4411.2627,-101.183929,5098.96484
4640,29,5018,4640.31152,232.78302,5018.9502
4865,29,4228,4865.55762,127.407524,4227.16992
4882,29,4870,4882.99902,4097.875,4869.95605
-3608,-153,1082,-3607.12744,-116.114807,1081.5116
-3564,-172,1509,-3563.1416,-138.769882,1509.51282
-3635,140,1625,-3634.15015,1183.1897,1625.52698
-3612,-289,1082,-3611.11475,-279.717896,1081.53491
-5185,363,2043,-5185.65918,364.823364,2043.75195
-5185,363,2043,-5185.75098,364.437469,2043.66003
-4251,-266,1601,-4250.5332,-264.445374,1601.88428
-4161,-275,1583,-4161.46729,-269.101318,1582.11597
-4271,-287,1589,-4270.53223,-261.379028,1589.88379
-4076,-300,1490,-4075.3313,-299.449768,1490.74341
-4162,-269,1551,-4161.57422,-267.411163,1551.90479
-4158,-298,1529,-4157.59668,-282.65448,1529.91504
-4251,-266,1601,-4250.59668,-264.982788,1601.91504
-4331,-266,1149,-4330.875,-264.407166,1148.00793
-4230,-269,1165,-4229.92383,-267.498627,1164.00293
-4331,-266,1149,-4330.71582,-146.789642,1148.04126
-4528,-87,1097,-4528.15137,-84.8689728,1097.9884
-4214,-153,1132,-4214.41211,-86.6400681,1132.91101
-4456,17,1155,-4456.27588,18.622942,1155.96118
-4395,-67,1115,-4395.08789,-63.3698235,1115.99609
-4389,-143,1093,-4389.15234,-140.551071,1093.98828
-4339,-78,1113,-4339.04297,-36.2575989,1113.99902
-4131,-22,1190,-4131.57227,-17.3802338,1190.81995
-4167,-10,1233,-4167.92041,-9.30147743,1232.60938
-4129,-136,1162,-4129.34961,221.928711,1162.93665
-4222,-88,1165,-4222.24316,-86.0414047,1165.96997
-4131,-22,1190,-4131.09766,-17.904459,1190.99512
-4279,-85,1123,-4279.32227,-47.2918739,1123.94653
-4214,-153,1132,-4214.08789,-151.315247,1132.99609
-4389,-143,1093,-4389.34961,-140.290405,1093.93677
-4308,-175,1111,-4308.29199,-173.437988,1111.9563
-4265,-58,1137,-4265.59375,-48.8461914,1137.80457
-4351,-49,1123,-4351.04297,-46.2742386,1123.99902
-4885,228,1185,-4885.26855,229.592255,1185.96313
-4811,37,1074,-4811.17529,41.2249794,1074.9845
-4954,102,1081,-4954.06152,106.387291,1081.99805
-5099,212,1126,-5098.77539,222.98848,1126.97437
-4885,228,1185,-4885.20557,229.401031,1185.97864
-4785,228,1756,-4785.56934,229.464874,1755.17798
-4814,102,1878,-4814.40283,106.094002,1877.08484
-4203,-19,1543,-4203.37305,-15.7612782,1542.07227
-4157,-88,1546,-4157.55762,-86.2207489,1545.16992
-4077,-34,1497,-4077.39575,-29.8695755,1496.08167
-4263,42,1538,-4263.31152,43.0937157,1537.0498
-4263,42,1538,-4263.61377,44.0751953,1537.21057
-4371,17,1638,-4371.6333,18.7299232,1637.2262
-4228,-9,1594,-4227.90039,-8.42718792,1593.005
-4217,-175,1628,-4217.59766,-173.247849,1627.19836
-4220,-142,1624,-4220.59863,-135.530594,1623.1991
-4135,-153,1577,-4135.41211,-151.365952,1576.08887
-4220,-142,1624,-4220.50781,-135.40773,1623.13855
-4302,-81,1651,-4302.58057,-78.8357315,1650.18579
-4157,-88,1546,-4157.28223,-86.1641006,1545.04077
-4181,-135,1580,-4181.62451,-134.399826,1579.21899
-4261,-49,1632,-4261.41211,-0.758624673,1631.08887
-4294,-16,1599,-4293.84082,-14.8173237,1598.01282
-4214,-47,1627,-4214.11523,-17.5329762,1626.00671
-4203,-19,1543,-4203.99902,-16.806345,1542.95593
-4676,37,1835,-4676.55469,39.6531219,1834.16797
-4286,-143,1673,-4286.48047,-140.390198,1672.12305
-4371,17,1638,-4371.46729,19.3159485,1637.11597
-4419,-87,1717,-4419.48828,-84.5639954,1716.12732
-4419,-87,1717,-4419.49512,-84.5704041,1716.13123
-4302,-81,1651,-4302.46777,-78.6406937,1650.11621
-4131,3,1466,-4131.99902,3.87761068,1466.03357
-4696,276,1592,-4696.71582,276.982605,1591.30176
-4456,17,1155,-4456.07568,19.0205498,1155.99707
-4785,228,1756,-4785.5791,229.62146,1755.18481
-4528,-87,1097,-4528.16895,-84.599556,1097.9856
-4954,102,1081,-4953.78418,113.291573,1081.97632
-4811,37,1074,-4811.24316,39.6727295,1074.96997
-4676,37,1835,-4676.51172,41.7543564,1834.14087
-4965,212,1885,-4965.11523,223.718048,1884.00671
-4814,102,1878,-4814.13086,113.124863,1877.00867
-4251,-266,1601,-4251.39551,-265.507416,1600.08154
-4331,-266,1149,-4331.04297,-265.506134,1149.99902
-4240,-275,1134,-4240.11523,-269.438507,1134.99329
-4240,-275,1134,-4240.23047,-231.43782,1134.97302
-4218,-298,1184,-4217.92383,-286.192047,1183.00293
-4128,-300,1193,-4127.46387,-297.045654,1192.15588
-4076,-300,1490,-4075.21021,-296.324341,1490.61328
-4533,-201,1345,-4533.78857,-198.913849,1345.61475
-4533,-201,1345,-4533.97461,-200.164566,1344.77612
-4533,-201,1345,-4533.93115,-200.150818,1344.63574
-4475,-251,1536,-4475.42871,-250.002625,1536.90332
-4535,-251,1302,-4535.7168,-250.139023,1301.30273
-4535,-251,1302,-4535.60938,-246.19194,1301.20715
-4129,-136,1162,-4129.58984,-131.960342,1162.8075
-4029,-108,1237,-4029.56958,-100.767036,1237.8219
-4286,-143,1673,-4286.65967,-140.061432,1672.24854
-4214,-47,1627,-4214.09863,-18.0297794,1626.00488
-4294,-16,1599,-4293.75977,-14.5509777,1598.0293
-4321,42,1212,-4321.75146,42.5187531,1212.65942
-5367,406,1135,-5367.71387,599.56311,1134.2998
-5367,406,1135,-5367.8418,409.01358,1134.46094
-4965,212,1885,-4965.04297,229.653885,1884.00098
-5152,196,1861,-5151.75879,273.540619,1860.02954
-5070,198,1887,-5070.06104,209.363113,1886.00195
-5152,198,1128,-5151.72266,227.588028,1128.96069
-5099,212,1126,-5098.92383,219.007233,1126.99707
-4263,42,1538,-4263.63916,43.5732841,1537.23096
-4131,3,1466,-4131.48926,3.70328975,1465.12793
-4684,292,1446,-4684.99902,292.570801,1446.03455
-4684,292,1446,-4684.82959,292.640289,1446.55835
-4277,-28,1147,-4277.77344,-26.1837101,1147.63379
-4321,42,1212,-4321.57227,43.1908112,1212.81982
-1380,447,4412,-1379.92383,460.3284,4412.99707
-1507,238,4404,-1506.1438,242.734512,4404.5166
-1507,238,4404,-1506.96094,240.121506,4404.99902
-1520,322,4417,-1519.95703,328.357422,4417.99902
-1779,228,4412,-1779.88318,231.491745,4412.46875
-1733,228,4495,-1733.87793,231.488083,4495.47852
-1668,348,4991,-1668.99207,379.673401,4991.125
-1668,348,4991,-1668.97046,348.74704,4991.24121
-1564,348,4987,-1563.00061,367.763824,4987.03467
-1914,228,4405,-1914.06116,229.800995,4405.99805
-1779,228,4412,-1779.06055,229.798538,4412.99805
-1767,315,4422,-1767.0752,324.178314,4422.99707
-1896,422,4430,-1895.15527,428.587799,4430.53516
3029,29,1948,3028.28271,31.497303,1948.69678
3029,29,1948,3028.2981,31.2701244,1948.71216
3909,1382,4700,3908.70386,1385.15222,4700.95508
3919,1382,4703,3918.70703,1385.15222,4703.95605
3936,1315,4686,3935.68262,1333.93433,4686.94824
3907,1315,4677,3906.68848,1333.94434,4677.9502
3914,1382,4719,3914.18652,1386.09167,4718.01758
3904,1382,4717,3904.20996,1386.09167,4716.02246
3891,1315,4727,3891.30371,1332.9668,4726.04736
3920,1315,4737,3920.31372,1332.9668,4736.05078
3909,1382,4700,3909.63281,1385.63232,4700.77393
3919,1382,4703,3918.68848,1384.98303,4703.9502
3914,1382,4719,3913.30273,1386.12012,4718.2832
3904,1382,4717,3904.32031,1386.58325,4716.05273
3891,1315,4727,3891.30957,1328.22583,4726.04932
3920,1315,4737,3919.29053,1337.45642,4736.29541
3943,1315,4716,3942.02148,1349.65308,4716.20605
3936,1315,4686,3935.69141,1342.00549,4686.95117
3907,1315,4677,3907.6582,1330.74634,4677.75244
3884,1315,4697,3884.97461,1331.28418,4696.77637
3958,1275,3749,3957.12793,1281.12122,3749.48926
3935,1275,3762,3935.86108,1277.89905,3761.4917
3921,1168,3805,3921.87158,1177.94934,3804.50977
3899,1168,3767,3899.86401,1177.95056,3766.49658
3966,1168,3805,3965.95605,1184.75,3804.00098
3921,1168,3805,3920.95605,1184.75,3804.00098
3899,1168,3767,3899.87256,1195.94421,3767.48828
3921,1168,3728,3921.86377,1195.9314,3728.50366
3899,1168,3767,3899.84204,1183.96387,3767.53906
3921,1168,3805,3921.86401,1179.03955,3804.49658
3921,1168,3805,3920.95605,1184.75,3804.00098
3958,1275,3749,3957.11597,1280.52368,3749.46729
3965,1275,3762,3964.11572,1280.52222,3762.4668
3965,1275,3762,3964.12207,1279.87122,3761.52124
3958,1275,3775,3957.10864,1279.8689,3774.54688
3958,1275,3775,3957.95605,1278.70935,3774.00098
3943,1275,3775,3942.95605,1278.70935,3774.00098
3943,1275,3775,3943.84277,1278.26306,3774.46191
3935,1275,3762,3935.84302,1278.26257,3761.46216
3935,1275,3762,3935.84424,1278.80676,3762.53589
3943,1275,3749,3943.84473,1278.80676,3749.53516
3943,1275,3749,3942.95605,1280.2323,3749.99902
3958,1275,3749,3957.95605,1280.2323,3749.99902
2959,934,3820,2959.83203,940.951172,3819.44531
2972,934,3796,2971.15479,937.219543,3796.53442
2979,934,3807,2978.15015,937.218628,3807.52686
2959,934,3820,2958.93774,939.180725,3819.00195
2979,934,3807,2978.15039,937.356689,3807.52734
2972,934,3796,2972.03955,938.064331,3796.99902
2959,934,3820,2959.84473,940.970642,3819.46484
2952,934,3809,2952.84473,940.970642,3808.46484
3062,593,2573,3061.02808,599.395874,2572.76489
3060,593,2581,3059.02515,599.395874,2580.77734
3060,593,2581,3059.0166,598.805969,2580.8186
3060,593,2581,3059.62207,598.003967,2580.07422
3052,593,2584,3051.6311,598.005249,2583.07056
3045,593,2579,3045.97656,598.4198,2579.21484
3047,593,2570,3047.97827,598.4198,2570.20703
3047,593,2570,3047.98828,598.166504,2570.15234
3036,533,2563,3036.98804,562.025391,2563.15332
3033,533,2584,3033.98828,562.018005,2584.15186
3047,593,2570,3047.33594,599.128235,2570.94165
3055,593,2567,3055.34985,599.129639,2567.93677
3052,593,2584,3052.62329,598.076294,2583.21802
3033,533,2584,3033.62842,574.235718,2583.22217
3049,533,2597,3049.62842,574.245117,2596.22217
3055,593,2567,3054.34033,599.85083,2567.75146
3062,593,2573,3061.34106,599.851624,2573.7522
3073,533,2569,3072.38477,573.373474,2569.78833
3056,533,2556,3055.37988,573.355042,2556.78442
3056,533,2556,3056.36743,566.925476,2556.92993
3033,533,2584,3033.63281,582.930725,2583.22583
3049,533,2597,3048.62622,563.288513,2596.07251
3052,593,2584,3051.64941,598.421143,2583.06348
3062,593,2573,3061.38477,598.917358,2573.78833
3055,593,2567,3055.31665,598.954773,2567.94849
3052,593,2584,3052.5708,598.630371,2583.17896
3045,593,2579,3045.57251,598.629639,2578.18018
3476,473,1963,3476.23926,485.236694,1962.02905
3468,473,1961,3468.23926,485.236694,1960.02905
3482,475,1957,3481.32812,478.372955,1956.2594
3493,422,1916,3492.03003,437.255768,1916.24316
3472,422,1911,3471.75879,426.101013,1911.97046
3472,422,1911,3472.67773,427.755371,1911.73523
3489,445,1936,3488.02319,447.935028,1936.21387
3473,443,1932,3472.77563,444.015808,1932.97449
3473,443,1932,3473.8313,444.199585,1932.55566
3463,440,1943,3463.94995,448.458496,1942.68762
3473,443,1932,3473.69922,444.389221,1932.71484
3489,445,1936,3488.8606,446.168915,1936.99023
3489,445,1936,3488.02319,447.646973,1936.21387
3463,440,1943,3463.96948,449.340546,1942.75488
3468,473,1961,3468.96265,521.042603,1960.72949
3483,463,1946,3482.02051,465.207489,1946.20068
3472,463,1943,3471.73779,464.675079,1943.96497
3483,463,1946,3482.73682,464.675323,1946.96472
3472,463,1943,3472.78052,466.078217,1943.62476
3472,463,1943,3472.77271,466.239807,1943.63464
3472,463,1943,3471.82324,464.844482,1943.98413
3471,476,1947,3470.78442,479.088287,1947.97644
3480,476,1949,3479.78491,479.088287,1949.97656
3482,475,1957,3481.03003,477.999756,1957.24316
3483,463,1946,3482.02905,465.279999,1946.23926
3486,463,1957,3485.03516,465.280609,1957.26233
3476,473,1963,3476.26221,483.47995,1962.03503
3482,475,1957,3481.2832,479.085938,1956.30273
3471,476,1947,3471.76392,483.656982,1947.64526
3473,481,1956,3473.90332,482.294525,1955.57104
3473,481,1956,3473.23975,482.429901,1955.02917
3473,481,1956,3472.44751,482.108429,1955.1665
3473,481,1956,3472.00195,481.642853,1956.05872
3860,1160,3110,3860.41406,1161.0929,3110.91016
4066,1121,3466,4065.00024,1122.39673,3465.97949
4088,1090,3603,4087.00073,1091.43958,3603.03223
4058,1090,3617,4058.97437,1090.65247,3616.77539
3990,1149,3334,3990.85278,1151.12512,3333.47778
4018,1130,3268,4018.8313,1131.37549,3268.55566
3920,1174,3194,3920.80957,1176.26636,3193.41309
3883,1161,3102,3882.25562,1165.22449,3102.66772
3829,1042,3013,3828.21069,1045.2655,3013.61377
3829,1042,3013,3829.75146,1042.6593,3013.65967
3807,1084,3083,3807.96851,1089.99268,3083.24805
3814,1099,3073,3814.49609,1100.39844,3073.86816
3833,1102,3067,3832.1228,1104.74597,3067.47998
4029,1149,3323,4028.01074,1150.90283,3323.14551
4042,1115,3293,4041.02515,1135.69885,3292.77734
3956,1174,3184,3955.16797,1184.64954,3184.55469
4029,1149,3323,4028.09448,1150.33093,3323.42407
3956,1174,3184,3955.07007,1175.73401,3184.36719
4070,1074,3193,4069.01929,1079.11426,3192.80469
4085,1060,2985,4084.00098,1065.70825,2985.04175
4101,1071,3549,4100.00098,1073.13953,3549.04175
4058,1090,3617,4058.86401,1090.65588,3616.49658
4029,1121,3481,4029.9043,1121.99768,3480.57324
3998,1083,3490,3998.99512,1095.61243,3489.90137
4029,1121,3481,4029.96069,1122.21167,3480.72266
4029,1121,3481,4029.93457,1122.24231,3480.64429
3956,1174,3184,3955.26538,1180.84192,3184.67822
3883,1161,3102,3883.35034,1162.21631,3102.93652
3883,1161,3102,3882.46143,1179.38159,3102.84253
4018,1130,3268,4017.00488,1130.64709,3268.09717
4059,1095,3190,4058.00684,1096.94617,3189.8833
4042,1115,3293,4041.00098,1116.80725,3292.95605
3833,1102,3067,3833.41211,1103.04443,3067.91113
3845,1083,3074,3844.13867,1085.33948,3074.50781
-4029,-108,1237,-4029.85205,-101.455849,1237.52344
-3998,-108,1415,-3998.97656,-101.778801,1414.78479
-4160,0,1270,-4160.96484,0.849534333,1270.26257
-4128,0,1395,-4128.98438,0.810146809,1395.17578
-4127,-8,1346,-4127.87158,-7.32707024,1346.49011
-4684,292,1446,-4684.98047,292.578583,1446.19617
-4066,-136,1519,-4066.82959,-132.027359,1518.44165
-4066,-136,1519,-4066.55762,-130.034851,1518.16992
-4030,-168,1254,-4030.54297,-165.455017,1254.8396
-4127,-174,1190,-4127.32324,-168.538834,1190.94629
-4129,-136,1162,-4129.26172,-128.914215,1162.96509
4631,1125,4007,4631.51172,1127.00073,4006.14087
5056,1557,4139,5056.75098,1558.95618,4138.33984
4273,1113,3782,4273.56934,1114.86011,3781.17798
4867,1198,4216,4867.69775,1204.18445,4215.28369
4631,1125,4007,4631.4248,1160.40454,4006.09473
4361,1011,3876,4361.49609,1043.32605,3875.13184
4273,1113,3782,4273.61035,1116.30261,3781.20801
4609,993,4016,4609.50195,1000.30841,4015.13525
4587,860,4024,4587.53516,878.547852,4023.15527
4350,915,3873,4350.52734,936.275269,3872.15039
4587,860,4024,4587.52734,877.60022,4023.15039
4631,1125,4007,4631.46729,1132.41174,4006.11597
4263,1219,3530,4263.85791,1222.35791,3530.51367
4328,1092,3328,4328.95605,1093.84363,3328.29272
4769,1425,3913,4769.50293,1427.19019,3912.13574
4509,1363,3793,4509.78906,1364.05261,3792.38574
4419,1348,3703,4419.96484,1348.96741,3702.7373
4346,1331,3490,4346.86816,1333.68787,3490.49609
4451,1277,3255,4451.9502,1278.35071,3255.31152
4346,1331,3490,4346.82275,1333.54431,3490.56812
4346,1331,3490,4346.98438,1332.27063,3489.82397
4509,1363,3793,4509.53516,1364.77014,3792.15527
4196,1071,3565,4196.9209,1089.1626,3565.38965
4208,1113,3561,4208.95898,1115.49377,3560.71655
4273,1113,3782,4273.95801,1115.49573,3781.71338
4310,1227,3760,4310.58691,1229.96826,3759.19043
4375,1150,3306,4375.85205,1151.87134,3306.52344
4375,1150,3306,4375.98828,1151.37939,3306.15088
4208,1113,3561,4208.87158,1116.49353,3561.48999
4328,1092,3328,4328.90479,1094.12952,3328.42578
4208,1113,3561,4208.90039,1117.79065,3561.43457
4208,1113,3561,4208.95898,1116.23682,3560.71655
4310,1227,3760,4310.95898,1229.73169,3759.71655
4280,870,3374,4280.91455,894.058716,3374.4043
4280,870,3374,4280.92529,887.069946,3374.37891
4507,1164,2792,4507.9458,1165.66614,2792.32422
4451,1277,3255,4451.99023,1278.77527,3255.1377
4386,1114,3065,4386.97852,1116.49939,3065.20483
4386,1114,3065,4386.97461,1116.42444,3065.22314
4431,1054,2814,4431.93652,1055.52869,2813.64941
4386,1114,3065,4386.94922,1115.81836,3065.31445
4280,870,3374,4280.99902,879.656982,3373.96484
4317,964,3105,4317.99805,968.178223,3105.0603
4268,754,3161,4268.99512,757.81366,3160.90137
4317,964,3105,4317.97656,969.815247,3105.21411
4268,754,3161,4268.97852,757.802368,3161.20532
4351,918,2839,4351.98047,925.840088,2839.19556
4326,750,2852,4326.97363,760.220337,2852.22754
4317,964,3105,4317.98438,971.178345,3105.17554
4268,754,3161,4268.97266,756.494446,3161.23145
4326,750,2852,4326.98438,752.866333,2852.17529
4351,918,2839,4351.91016,923.684021,2838.58594
4234,865,2614,4234.77344,878.946472,2613.36621
4326,750,2852,4326.92969,767.317749,2851.63184
4251,616,3407,4251.98145,626.731079,3407.19116
4228,309,3371,4228.98438,319.607269,3371.17554
4260,599,3180,4260.98633,814.975159,3180.16382
4251,616,3407,4251.99902,628.544434,3407.04272
4268,626,3109,4268.96973,920.192078,3109.24316
4167,822,3636,4167.99512,858.507263,3635.90137
4930,1590,4554,4930.94043,1592.62024,4554.33984
4867,1198,4216,4867.69727,1204.30896,4215.2832
4587,860,4024,4587.55469,876.786194,4023.16797
4867,1198,4216,4867.58691,1241.11621,4215.19043
4930,1590,4554,4930.9873,1627.79871,4553.84131
4867,1198,4216,4867.98926,1261.71594,4215.854
4507,1164,2792,4507.95996,1165.46069,2791.71997
4316,532,3877,4316.57275,545.957581,3876.18042
4180,528,3780,4180.94629,561.944641,3779.67676
4180,528,3780,4180.61914,568.72345,3779.21484
-2670,-193,-602,-2669.03516,-192.531281,-602.262329
-2733,-228,-563,-2732.12744,-227.214371,-563.488464
-2727,-251,-492,-2726.48096,-249.885315,-492.854645
-2603,-259,-433,-2602.78516,-257.871552,-433.976624
-2539,-238,-478,-2539.2998,-237.130463,-478.953949
-2547,-201,-543,-2547.57275,-200.339401,-543.819641
-3132,-280,-850,-3131.06812,-279.551056,-850.362488
-3132,-280,-850,-3131.79883,-279.4953,-850.979553
-2999,-279,-857,-2999.32227,-278.45462,-857.946594
-3573,-219,-312,-3573.7561,-218.470886,-312.654419
-3573,-219,-312,-3573.50586,-218.45192,-312.86261
-4013,-256,-296,-4012.47607,-255.221298,-296.851715
-4013,-256,-296,-4012.86523,-255.199326,-296.990875
-3893,-232,-334,-3893.23438,-231.341614,-334.972107
-1723,-211,1825,-1722.25598,-210.503479,1825.66809
-1723,-211,1825,-1722.26562,-210.53035,1825.67871
-2539,-238,-478,-2539.13306,-237.259857,-478.991089
-2733,-228,-563,-2732.25659,-227.272018,-563.668762
-2676,-278,-433,-2675.47559,-277.160339,-433.85144
-2676,-278,-433,-2675.82227,-277.125122,-433.98407
-3511,-229,-371,-3511.98926,-228.421936,-371.145691
-3483,-251,-314,-3483.74731,-250.467361,-314.664429
-3579,-256,-223,-3579.51074,-255.419708,-223.859604
-3639,-234,-257,-3638.95532,-233.259247,-257.998993
-3897,-205,-393,-3897.67578,-204.379517,-393.736816
-3893,-232,-334,-3893.37134,-231.185028,-334.928497
-3950,-244,-295,-3949.78589,-243.01825,-295.976807
-4054,-234,-348,-4053.48096,-233.101318,-348.854675
-4057,-219,-411,-4056.08936,-218.315704,-411.413177
-3326,-289,598,-3325.57495,-288.499786,597.094849
-3309,-286,499,-3308.07593,-285.550323,499.381897
-1631,-215,1804,-1631.36731,-214.425491,1804.93005
-1770,-223,1917,-1769.03003,-222.524765,1916.75684
-1811,-235,1850,-1810.11462,-234.252426,1850.46484
-1741,-246,1739,-1740.33984,-245.177094,1739.75098
-1669,-242,1741,-1668.95593,-241.32193,1741.99902
-1611,-206,2262,-1611.42419,-205.484589,2261.09448
-1684,-209,2302,-1683.60254,-208.374191,2301.08252
-1801,-215,2224,-1800.24719,-214.275589,2223.3418
-1801,-215,2224,-1800.00488,-214.381653,2224.09863
-1724,-196,2109,-1723.16748,-195.482971,2109.55396
-2469,-280,2192,-2469.36255,-279.560181,2192.93188
-2559,-277,2306,-2558.09473,-276.525696,2306.4248
-2469,-280,2192,-2468.42603,-279.557617,2192.81885
-3322,-278,2566,-3322.91748,-277.319275,2566.39722
-3270,-298,2600,-3270.99902,-297.21521,2599.95605
-3269,-299,2671,-3269.79468,-298.315582,2670.39307
-3373,-282,2727,-3373.47949,-281.350037,2726.12256
-3357,-280,3756,-3356.30176,-279.435394,3755.28418
-3424,-281,3643,-3423.03882,-280.417725,3642.72412
-3424,-281,3643,-3423.1853,-280.540039,3643.57983
-4241,-191,3335,-4240.35352,-190.533859,3334.2373
-4323,-192,3211,-4322.05371,-191.52243,3210.67676
-4323,-192,3211,-4322.21094,-191.562683,3211.61426
-4595,-189,3489,-4595.71582,-188.485733,3489.698
-4522,-194,3599,-4522.9707,-193.42012,3599.24023
-4522,-194,3599,-4522.80371,-193.488419,3598.40503
-4632,-189,3672,-4632.40332,-188.571365,3671.08496
-3634,-282,4287,-3634.89111,-281.312836,4287.45312
-3585,-290,4419,-3585.99609,-289.304108,4419.08496
-3634,-285,4479,-3634.83325,-284.285461,4478.44727
-3713,-258,4469,-3713.55835,-257.345428,4468.17041
-3717,-270,4278,-3717.38892,-269.487122,4278.9209
4431,1219,3839,4431.50293,1221.36328,3838.13574
-1242,-243,2678,-1242.995,-242.435928,2677.90039
-1239,-249,2750,-1239.65955,-248.306824,2749.24854
-1344,-250,2809,-1344.31067,-249.302185,2808.04956
-1401,-246,2776,-1400.58789,-245.467896,2775.08887
-1219,-283,3273,-1218.06836,-282.46582,3273.36328
-1219,-283,3273,-1218.74084,-282.482391,3273.96582
-1118,-283,3273,-1118.24316,-282.512512,3273.96997
3815,1036,3016,3815.99316,1038.48596,3015.8833
3973,1117,3335,3973.9812,1145.17041,3334.80762
4085,1060,2985,4085.99707,1061.24512,2985.07422
4028,1076,3181,4028.72876,1077.34363,3181.68457
3999,1096,3254,3999.83398,1097.37268,3254.55176
4042,1095,3186,4042.72681,1096.37573,3186.68652
4066,1121,3466,4065.01074,1122.14429,3466.14526
4066,1121,3466,4065.00098,1122.23889,3465.95605
4091,1091,3445,4090.00098,1092.87878,3444.95605
4002,1069,3548,4002.99414,1086.11499,3547.89209
3990,1149,3334,3990.93652,1150.86707,3333.64941
3920,1174,3194,3920.84961,1176.2113,3193.47266
3920,1174,3194,3920.87695,1175.12512,3193.51953
3860,1160,3110,3860.98438,1161.57874,3109.82397
3814,1099,3073,3814.94824,1102.62366,3073.31738
2703,27,1744,2702.50293,28.4096451,1743.13232
2689,32,1725,2689.5166,33.5989761,1725.8562
2680,13,1716,2680.50195,14.0733442,1716.86487
2586,13,1788,2586.72778,13.9588251,1788.68542
2584,2,1774,2584.75024,3.44451475,1774.66101
2621,11,1750,2621.64453,12.652421,1750.76453
2586,13,1788,2586.69678,13.9544334,1788.71729
2634,21,1786,2633.63086,22.6710491,1785.07068
2689,32,1725,2689.76196,33.5727539,1725.64746
2727,27,1674,2727.87646,27.6792679,1674.4812
2739,46,1688,2738.06323,46.5017624,1687.65015
2739,46,1688,2739.57617,47.0713425,1688.81726
2760,40,1665,2760.68018,40.729393,1665.73303
2780,40,1646,2780.698,40.7295456,1646.71606
2760,40,1665,2760.69727,40.7885475,1665.7168
2584,2,1774,2584.71606,4.08009958,1774.698
2547,-10,1842,2546.57422,-6.85533619,1841.09521
2547,-10,1842,2547.30786,-9.48265266,1841.04858
2703,27,1744,2702.31934,28.4337692,1743.26746
2624,25,1763,2624.69922,26.2720432,1763.71484
2689,32,1725,2689.55078,33.0743103,1725.83459
2739,46,1688,2739.74927,47.1264343,1688.66211
2621,11,1750,2621.55664,13.2844429,1750.83069
2739,46,1688,2738.51953,46.5870323,1687.12305
2838,131,1726,2837.06348,134.537415,1725.64941
2741,69,1723,2741.77344,69.9350433,1722.36621
2680,37,1684,2679.88281,38.6304893,1684.99304
2834,114,1749,2834.57275,115.470802,1748.1803
2838,131,1726,2838.95581,131.621353,1726.29395
2732,56,1728,2732.29272,74.6113358,1727.04382
2843,117,1724,2842.68652,146.484863,1724.94958
2707,51,1711,2707.94604,51.4941902,1710.67603
2838,131,1726,2837.90137,136.755096,1726.99512
2809,84,1742,2809.18555,107.976433,1741.01746
2745,68,1705,2745.03662,69.3723984,1705.99927
2745,55,1696,2744.92285,56.9361115,1696.99695
2674,36,1703,2674.55151,37.2080154,1702.16589
2732,56,1728,2732.67847,57.1075554,1727.26538
2741,69,1723,2741.65894,70.3512268,1722.2478
2707,51,1711,2707.55176,52.2675667,1710.16602
2838,131,1726,2838.98438,131.651459,1726.17578
2843,117,1724,2843.15137,118.505493,1724.9884
2843,117,1724,2842.79346,124.075806,1724.97839
2838,131,1726,2837.07397,134.68161,1725.62256
2838,131,1726,2837.05933,135.17601,1725.66077
2843,117,1724,2842.11621,119.268318,1723.53223
2745,55,1696,2744.95605,56.4669266,1696.99902
2832,129,1743,2832.40234,132.154068,1742.08459
2547,-10,1842,2546.60938,-5.56823301,1841.07947
2604,-10,1818,2603.59668,-5.56708813,1817.08496
2641,-3,1799,2640.50977,7.30670118,1798.12842
2710,8,1756,2709.51855,11.8785124,1755.12354
2765,10,1703,2764.30103,13.2132235,1702.28491
2596,10,1808,2595.62109,11.5656071,1807.07458
2641,-3,1799,2640.5625,1.82048619,1798.10083
2634,21,1786,2633.51855,22.6585979,1785.12354
2710,8,1756,2709.47656,17.4024372,1755.14795
2816,84,1714,2815.95605,85.9636841,1714.99902
-4880,60,2968,-4879.19629,384.413788,2968.59497
-4826,60,2895,-4825.21045,384.754211,2895.61353
-4633,60,3016,-4633.91992,452.612701,3016.3916
-4671,60,2928,-4671.93164,452.419922,2928.36328
-5508,60,2654,-5507.19873,481.706818,2654.5979
-5454,60,2581,-5453.20801,481.301758,2581.61035
-5261,60,2702,-5261.91699,522.269775,2702.39844
-5299,60,2614,-5299.92871,522.041199,2614.37012
-4163,60,2742,-4162.19043,426.891724,2742.58691
-4109,60,2669,-4108.19287,427.415527,2669.59033
-3916,60,2790,-3916.92847,493.424927,2790.37085
-3954,60,2702,-3954.92725,493.424927,2702.37402
-2038,388,4656,-2037.15527,392.940308,4656.53516
-2162,437,4888,-2161.08496,441.064789,4888.40332
-819,327,3027,-818.429504,328.930634,3027.82129
-912,313,3108,-911.254944,314.939148,3108.66699
-719,317,2949,-718.510193,318.837555,2949.87183
-912,313,3108,-911.286133,315.134308,3108.7002
-719,317,2949,-718.487061,318.901001,2949.8584
-819,327,3027,-818.301758,329.035492,3027.71582
-819,327,3027,-818.359924,329.546692,3027.76831
-390,326,2819,-389.867737,337.286011,2819.99121
-1086,283,3310,-1085.11072,290.546417,3310.45728
-1202,536,3416,-1201.42639,548.061279,3416.81909
-1002,295,3191,-1001.1673,297.231598,3191.55371
-1202,536,3416,-1201.34668,558.901184,3416.75708
-1105,160,3311,-1104.14087,183.822128,3311.51172
-809,196,2979,-808.011536,988.248901,2978.84863
-811,196,2966,-810.012451,988.062866,2965.84277
-897,289,3038,-896.353577,300.037781,3038.76294
-782,289,2942,-781.359375,300.027069,2942.76782
-897,289,3038,-896.36554,301.269379,3038.77295
-4527,364,2477,-4526.82324,490.164154,2476.01587
-4673,385,2450,-4672.82422,568.028137,2449.01562
-4672,-90,2435,-4671.67969,-73.3439941,2434.05273
-4672,-90,2435,-4671.75879,-74.6151505,2434.02954
-4527,-78,2474,-4527.13184,-53.5256958,2473.00879
-4673,385,2450,-4672.62695,650.256592,2449.07227
-4804,383,2398,-4803.63672,649.900146,2397.06836
-4527,364,2477,-4527.04297,485.582245,2476.00098
-4240,0,2438,-4240.04297,3.07561493,2437.00098
-4527,0,2450,-4527.04297,3.06315303,2449.00098
-4527,-78,2474,-4526.74023,-53.460392,2473.03442
-4527,0,2450,-4526.73633,3.71154976,2449.0354
-4672,0,2411,-4671.73633,3.70959187,2410.0354
-3496,141,1885,-3496.83398,148.913193,1884.44824
-3401,0,1502,-3401.99902,41.2201157,1502.04199
-3546,140,783,-3546.93628,152.904984,783.351196
-3495,140,915,-3495.93604,152.917236,915.351257
-3457,144,1060,-3457.97046,156.060287,1060.24121
-3457,144,1060,-3457.98047,156.543869,1060.19629
-3385,140,1502,-3385.99414,152.732422,1502.10706
-3416,140,1620,-3416.9646,197.393616,1619.73633
-3385,140,1502,-3385.97046,197.478867,1501.75879
-3496,141,1885,-3496.95801,225.726791,1884.71338
-3416,140,1620,-3416.96069,195.97963,1619.72266
-3457,144,1060,-3457.97729,162.810349,1060.21082
-3414,0,1266,-3414.99902,79.566658,1266.0415
-3401,0,1502,-3401.99902,79.5104523,1502.04297
-3457,144,1060,-3457.97046,161.866257,1060.24084
-3741,140,2204,-3741.64722,150.783066,2203.23779
4323,714,2850,4323.93652,755.446228,2849.64941
-4253,-22,1614,-4253.09863,-20.3137188,1613.00488
-4228,-9,1594,-4228.2832,-7.92601824,1593.04102
-4199,-28,1584,-4199.84961,-25.9302998,1583.47266
-4214,-47,1627,-4214.8208,-39.9874535,1626.42883
-4228,-9,1594,-4228.77295,-7.77685404,1593.3656
-4228,-9,1594,-4228.98047,-8.30221272,1593.80334
-4263,42,1538,-4263.80908,43.0791016,1537.41235
-4203,-19,1543,-4203.98633,-17.4258499,1542.83533
-4243,3,1566,-4243.98926,3.60894251,1565.85388
-4337,-22,1137,-4336.95605,-20.1330967,1137.99902
-4311,3,1179,-4310.77588,3.58694506,1179.97449
-4305,-47,1114,-4305.53418,-40.9196167,1114.84534
-4311,3,1179,-4311.7915,3.6908865,1179.61108
-4321,42,1212,-4321.37695,43.3079948,1212.92615
-4277,-28,1147,-4277.60986,-26.0245972,1147.79236
-4306,-13,1147,-4306.46484,-11.8238754,1147.88538
-4306,-13,1147,-4306.04297,-12.0078697,1147.99902
-4337,-22,1137,-4336.78516,-20.3694439,1137.97656
-4305,-47,1114,-4304.79932,-42.8019676,1114.97961
-4305,-47,1114,-4305.04297,-0.668601274,1114.99902
-4263,-101,1634,-4263.59863,-98.6194763,1633.1991
-4266,-19,1187,-4266.04346,-15.8880854,1187.99902
-4684,292,1446,-4684.7915,292.634491,1445.38892
-4684,292,1446,-4684.69727,292.593109,1446.7168
-4684,292,1446,-4684.97021,292.658722,1445.75879
-4746,276,1309,-4746.43164,276.917755,1309.90186
-4696,276,1592,-4696.55762,277.188019,1591.16992
-4746,276,1309,-4746.20508,277.195984,1309.97864
-4746,276,1309,-4746.36719,277.128082,1309.93005
-4311,3,1179,-4311.83301,3.69391489,1179.55261
-4266,-19,1187,-4266.91455,-17.5256596,1187.40405
-4279,-85,1123,-4279.61328,-82.8898239,1123.78979
-4279,-85,1123,-4279.21387,-69.1654968,1123.97668
-4339,-78,1113,-4339.2627,-68.1455307,1113.96484
-4395,-67,1115,-4395.04297,-63.3656158,1115.99902
-4355,-10,1165,-4354.44775,-9.13676548,1165.83362
-4311,3,1179,-4310.75586,3.46211171,1179.96973
-4321,42,1212,-4321.0752,43.1588249,1212.99707
-5152,198,1128,-5152.5166,208.951797,1128.85608
-4608,-14,2074,-4607.00488,175.311722,2074.09814
-4593,228,1952,-4592.00586,258.726868,1952.1073
-4557,228,1955,-4556.9248,229.834122,1954.00293
-4593,228,1952,-4592.92383,229.833054,1951.00293
-4593,228,1952,-4592.00586,280.740997,1952.10608
-4608,-14,2074,-4607.92383,2677.91821,2073.00293
-4568,-14,2077,-4568.99707,131.477463,2076.92358
-4557,228,1955,-4556.92383,229.818222,1954.00293
-4786,-14,791,-4786.91895,202.869629,791.393494
-4741,228,905,-4741.93457,258.862,905.355347
-4773,228,919,-4772.08496,1013.4325,918.59668
-4773,228,919,-4772.59668,230.085159,919.915039
-4741,228,905,-4740.59766,230.084213,905.915466
-4741,228,905,-4741.91797,285.567047,905.396301
-4822,-14,807,-4821.08936,736.325378,806.586853
-4786,-14,791,-4786.91895,226.700775,791.393494
-4773,228,919,-4772.5957,230.086929,919.914551
-1353,386,-77,-1352.14978,388.475739,-77.5262604
-1685,336,-501,-1684.2511,338.075226,-501.662659
-1685,336,-501,-1684.17236,338.080688,-501.561249
-1834,350,-737,-1833.3031,351.860199,-737.717163
-2256,276,-1092,-2255.30249,278.572479,-1092.71655
-2542,252,-1202,-2541.93774,258.880859,-1202.99805
-2808,328,-1311,-2807.65942,335.822357,-1311.94019
-2808,328,-1311,-2807.8833,334.000946,-1311.99316
-2373,241,-1189,-2372.71655,243.026611,-1189.95898
-2373,241,-1189,-2372.34082,243.054321,-1189.75195
-1525,333,-320,-1524.26587,335.269897,-320.678986
-1834,350,-737,-1833.16541,351.98056,-737.550842
-1353,386,-77,-1352.0907,388.040985,-77.4159851
3070,1001,1282,3070.50195,1002.36487,1281.13513
3070,1001,1282,3070.67822,1002.56342,1281.26526
2572,834,1091,2572.55469,836.062744,1090.16797
2572,834,1091,2572.31934,835.922363,1090.05237
2318,797,1092,2318.23926,801.587952,1091.02905
2064,760,1036,2064.59863,762.993652,1035.1991
1891,726,920,1891.78833,757.352173,919.384766
1503,787,495,1503.50623,790.849365,494.137604
1503,787,495,1503.26562,790.538086,494.03595
1880,516,917,1880.8833,519.464966,916.53125
1880,516,917,1880.78845,519.070435,916.384949
2023,443,1141,2023.19104,446.983704,1140.01843
2298,572,1136,2298.06177,575.1698,1135.00195
2534,633,1185,2534.46802,640.059998,1184.11633
2881,677,1394,2881.50195,690.825623,1393.13513
2881,677,1394,2881.78516,704.249634,1393.38074
3070,1001,1282,3070.52759,1002.57043,1281.15051
1891,726,920,1891.83203,753.528259,919.445312
2064,760,1036,2064.15161,762.937927,1035.0116
2572,834,1091,2572.04297,838.960083,1090.00098
1767,728,669,1767.89343,731.418701,668.550842
1503,787,495,1503.50586,790.638916,494.13739
3922,780,2225,3922.7522,809.106384,2224.34106
4201,382,2544,4201.84473,580.029358,2543.46484
3664,189,1901,3664.34961,269.200562,1900.06311
3217,204,1658,3217.55078,427.504181,1657.16541
2890,372,1424,2890.38892,388.984924,1423.07874
2754,204,1375,2754.46094,211.77356,1374.11267
2976,216,1522,2976.48022,2873.74561,1521.12292
2536,315,1236,2536.48828,324.032318,1235.12732
2254,292,1224,2254.08813,332.603333,1223.00391
2009,291,1177,2009.15173,309.793549,1176.0116
1707,281,727,1707.58752,494.526855,726.190796
3699,700,1972,3699.73315,806.965759,1971.31995
3932,693,2225,3932.82324,706.459167,2224.43237
3932,693,2225,3932.77734,705.712402,2224.37109
4067,703,2416,4067.84473,729.050049,2415.46484
3998,659,2312,3998.74414,677.388,2311.33203
240,161,102,240.867599,176.714386,101.502739
240,161,102,240.905991,171.134903,101.576706
60,148,-258,60.8928223,167.300186,-258.450409
-2256,276,-1092,-2255.28345,278.593536,-1092.69751
-2292,153,-1060,-2291.38086,250.167587,-1060.78528
-1425,174,19,-1424.13745,198.259903,18.4940281
-1425,174,19,-1424.42981,221.373459,18.1784878
-523,172,305,-523.208618,191.573257,304.022003
-411,172,287,-411.58313,653.844238,286.187622
4253,-394,3878,4253.26172,-390.463257,3877.03491
4253,-394,3878,4253.24316,-391.022125,3877.03003
4633,-438,4121,4633.47852,-429.840759,4120.12207
4633,-438,4121,4633.57324,-429.541626,4120.18066
4854,-439,4284,4854.99805,-427.370972,4284.06152
4859,-395,4550,4859.97949,-385.604645,4550.20117
4599,-395,5001,4599.55078,-387.996887,5001.83447
4599,-395,5001,4599.34766,-387.747498,5001.9375
4122,-393,4953,4121.63574,-368.333496,4953.93115
3896,-393,4813,3895.48145,-325.731598,4813.85498
3896,-393,4813,3895.30176,-301.322144,4813.71582
3649,-395,4437,3648.00073,-387.92984,4437.03711
3679,-395,4331,3678.08154,-389.661987,4330.60449
3736,-395,4224,3735.12744,-389.656219,4223.51172
3794,-395,4113,3793.1958,-390.248016,4112.40576
3930,-395,4095,3929.70605,-385.880096,4094.04419
4043,-395,4045,4042.42188,-383.590546,4044.18408
4159,-394,3959,4158.36035,-380.48761,3958.23145
4509,1363,3793,4509.47998,1364.76868,3792.1228
4329,775,3868,4329.50586,791.794556,3867.13745
60,148,-258,60.9929314,154.789703,-257.881317
-4399,-183,1191,-4399.04346,3570.78003,1190.00098
-4233,-182,1136,-4233.99512,26.1810188,1136.09863
-4228,-182,1182,-4228.99512,26.1810188,1182.09558
-4233,-182,1136,-4233.99512,26.1810188,1136.09863
-4228,-182,1182,-4228.04395,3359.23071,1181.00098
-4233,-182,1136,-4233.54053,177.267319,1136.84131
4769,1425,3913,4769.75146,1426.72009,3912.34033
-4965,504,1885,-4964.86719,522.545044,1884.00891
