-33,237,-57,-32.2550659,347.991089,-56.3328629
-21,238,49,-20.500845,256.089966,48.1334877
57,237,22,56.2696342,258.388245,21.3169441
34,237,46,33.2697411,258.393494,45.3168297
-21,238,49,-20.3299179,254.443726,48.2577133
34,237,46,33.4317627,258.888885,45.1771355
57,237,22,56.0257454,550.878601,21.7745495
52,51,-40,51.257679,53.5648422,-39.3299561
46,28,-93,45.0884666,30.306778,-92.5887756
-3,51,-60,-2.52411079,54.0021362,-59.1204948
-57,28,-89,-57.0994949,30.3631992,-88.0049667
-49,51,-29,-48.0049629,55.614151,-29.0994949
-104,33,1,-103.380943,37.6490822,1.78534591
-55,51,34,-54.1453934,53.5724335,33.4807243
-37,55,71,-36.0030098,57.6300201,70.9224777
-37,55,71,-37.5272598,57.1194992,70.1502991
57,28,77,57.0618553,31.3288746,76.001915
51,51,20,50.0009537,54.469326,19.9563389
105,28,-12,104.17617,30.2730007,-12.5668268
-55,51,34,-54.2225876,53.5185356,33.3710098
5,51,59,4.84493876,53.9412689,58.0120964
-45,30,90,-44.0090866,32.9725952,89.8655014
-45,30,90,-45.4679718,32.5600624,89.1162567
-104,33,1,-103.411308,35.9696808,0.191642448
-82,55,1,-81.4246597,57.0242538,0.182085842
-49,51,-29,-48.3402443,53.9324799,-28.2485199
-82,55,1,-81.409874,57.1316948,1.80730677
-57,28,-89,-56.0430107,30.4401188,-88.709877
-49,59,-80,-48.000103,62.7625999,-79.9856491
-3,51,-60,-3.44078302,55.1861458,-59.1023865
-49,59,-80,-49.4241905,62.5620346,-79.094429
46,28,-93,46.2123337,30.1996479,-92.0228043
40,57,-84,40.561161,60.3545876,-83.1722946
52,51,-40,51.0675392,53.9620132,-39.6387291
40,57,-84,39.0029564,59.8739967,-83.9231644
105,28,-12,104.306908,30.4288673,-11.2791519
84,56,-10,83.5139389,58.1236839,-9.12607574
51,51,20,50.3187065,53.6577606,19.2679901
84,56,-10,83.4521179,58.1635475,-10.8365526
57,28,77,56.0257416,30.8653488,76.7745667
47,56,65,46.00103,58.637989,64.954628
5,51,59,5.08987379,54.3903465,58.0040474
47,56,65,47.296917,58.7715416,64.0450974
28,48,62,28.3612595,51.1621284,61.0675354
47,19,79,47.0624084,22.316515,78.0019531
62,19,69,61.0088158,22.6324711,68.8675156
51,48,46,50.0088043,51.6275597,46.1323967
71,48,3,70.5736847,51.1921806,2.09542561
103,19,-2,102.235001,22.0158901,-2.64403081
102,19,-20,101.371796,22.1116447,-19.2219524
70,48,-22,69.6502838,51.1447639,-21.0631447
45,48,-61,44.0009499,51.8071365,-61.0435257
53,19,-87,52.0336838,22.7286377,-86.7426453
36,19,-95,36.3862381,22.5305672,-94.0776062
19,48,-73,19.588129,51.6362305,-72.1912384
-25,47,-72,-25.4702969,50.7251015,-71.1174927
-48,19,-92,-48.261467,22.7417164,-91.03479
-63,19,-82,-62.0111198,22.5363541,-81.8512878
-52,50,-57,-51.0030899,53.5111885,-57.0785484
-70,48,-12,-69.6547394,53.3709335,-11.0614939
-98,21,-7,-97.4138718,26.7579556,-6.18978214
-97,21,11,-96.5258102,25.7834053,10.1195774
-68,48,15,-67.6607361,52.4602203,14.059309
-41,48,53,-40.0000801,51.163826,52.9873466
-50,19,81,-49.0089493,22.1265411,80.8665161
-34,19,89,-34.5272865,22.0907173,88.1503143
-19,48,64,-19.6468563,51.1348839,63.2373886
5,51,59,5.48293352,77.822319,58.1243439
28,48,62,28.5159206,52.6792908,61.143364
51,48,46,50.0167694,52.0558319,46.1823654
51,51,20,50.0048981,56.0677872,20.0988503
51,51,20,50.5099716,56.1954994,19.128294
71,48,3,70.6180725,51.5939178,2.07580781
70,48,-22,69.7169418,51.6886139,-21.0408974
52,51,-40,51.6793938,82.0070801,-39.0527878
52,51,-40,51.003933,76.7835541,-40.0886002
45,48,-61,44.0010147,52.1596832,-61.0450287
19,48,-73,19.5241623,51.1239662,-72.1483841
-3,51,-60,-2.22430158,127.360329,-59.3688965
-3,51,-60,-3.67861176,116.534447,-59.2655029
-25,47,-72,-25.5352573,51.7652817,-71.1553116
-52,50,-57,-51.0437012,55.7326126,-57.2923889
-49,51,-29,-48.0533333,76.9717941,-29.3222122
-49,51,-29,-48.7101288,136.717361,-28.0429344
-70,48,-12,-69.4421234,51.1969604,-11.1700764
-68,48,15,-67.4950409,51.0997581,14.136857
-55,51,34,-54.6167603,88.4459534,33.0763512
-55,51,34,-54.0010376,98.383934,33.9544601
-41,48,53,-40.0020142,51.645813,53.0634155
-19,48,64,-19.6831703,51.4722481,63.2697411
5,51,59,4.35397625,81.95961,58.2366829
-82,55,1,-81.5957718,57.4603844,1.91465688
-82,55,1,-81.5293503,57.1494598,0.117679872
-37,55,71,-36.0031395,57.6086388,70.9208298
-37,55,71,-37.5398293,57.1486778,70.158226
47,56,65,47.1338806,58.6686668,64.0090027
51,48,46,50.0049553,50.174057,45.9005737
84,56,-10,83.2290192,57.8748779,-10.6368551
84,56,-10,83.3925171,57.9669342,-9.2056675
40,57,-84,39.1327362,59.984993,-83.5021515
40,57,-84,40.0634155,60.3763885,-83.0020142
-49,59,-80,-48.9536285,62.3390579,-79.0010757
-52,50,-57,-51.0188713,51.9860268,-56.8066444
37,146,49,36.0845222,154.385483,48.5976334
65,149,-11,64.1109085,154.37114,-11.4577293
47,141,-35,46.3616257,161.469208,-34.2302742
29,147,-58,28.1793308,150.764297,-57.4285965
-2,141,-56,-1.51430857,160.417526,-55.1258698
-35,146,-56,-35.0142479,152.102707,-55.000103
-35,146,-56,-34.0656319,151.913162,-55.643692
-58,146,0,-57.0832863,152.197556,0.399543643
-58,146,0,-57.1513824,151.967346,-0.52900672
-26,146,52,-25.1400623,150.748138,51.4896011
-26,146,52,-26.1825771,153.501144,51.0168114
37,146,49,37.0875854,153.149475,48.0038452
47,141,-35,46.058609,155.153198,-34.6626854
47,141,-35,46.0217323,169.8423,-34.7926559
29,147,-58,29.1173935,150.661377,-57.006916
-2,141,-56,-1.48866069,163.724609,-55.1406212
-2,141,-56,-2.47203994,170.522415,-55.1184235
-35,146,-56,-35.3947754,151.315552,-55.0812225
-35,146,-56,-34.0020142,151.639389,-55.9365654
-47,141,-27,-46.0050888,191.569305,-27.1007557
-47,141,-27,-46.3667564,172.981781,-26.2260475
-58,146,0,-57.3209229,151.770599,0.734063029
-58,146,0,-57.3399124,151.477005,-0.751187623
-44,141,24,-43.1643448,147.147171,23.4507465
-44,141,24,-43.2044945,147.061829,23.3940544
-44,141,24,-43.0192337,171.880844,23.8048153
-26,146,52,-26.4039955,153.083023,51.0852394
5,141,47,4.82094049,148.616638,46.0161629
5,141,47,5.11691904,148.53215,46.0068588
37,146,49,37.2163353,152.702911,48.0236816
37,146,49,36.0110359,153.336761,48.8518448
48,141,25,47.0009499,171.112183,24.9564266
48,141,25,47.3168259,291.911011,24.2697449
65,149,-11,64.228035,155.597595,-10.3643351
47,141,-35,46.2687149,153.753189,-34.3179283
