-1332,-953,-387,-1332.97546,-946.154175,-387.220062
-540,-2539,964,-540.349609,-2530.9248,964.93689
-1045,-890,1022,-1045.6582,-885.299316,1022.75275
818,-1455,1239,818.80603,-1450.17822,1239.5918
1450,-957,237,1450.97766,-952.891907,237.210159
1097,-2278,-524,1097.99927,-2267.74536,-523.961792
1097,-2278,-524,1097.99121,-2272.2373,-524.132202
1419,-934,-366,1419.92639,-931.043396,-366.376526
1364,-1107,-343,1364.98914,-1102.18872,-343.146606
-1584,-914,233,-1584.98328,-912.918823,232.817886
-881,-1477,-896,-881.666992,-1451.38562,-896.744934
-382,-1753,-1232,-382.322235,-1742.44202,-1232.94666
-777,-3546,-1128,-777.042969,-3545.02246,-1128.99866
-1074,47,-1397,-1074.46692,49.3999786,-1397.88428
-498,-944,-1370,-498.299011,-936.994629,-1370.95422
1014,-2283,-765,1014.78833,-2279.56982,-765.615234
1189,-897,-919,1189.6582,-890.976685,-919.752808
170,12,-1712,170.218765,15.6798458,-1712.97571
-207,-757,-1480,-207.042664,-750.051697,-1480.99902
476,-2486,-1263,476.687958,-2484.82788,-1263.72559
235,-2539,-1070,235.041321,-2523.57886,-1070.99915
1128,-14,-1269,1128.65894,-9.95633125,-1269.7522
-1297,-949,373,-1297.99902,-936.562805,373.04184
1531,-66,-807,1531.87646,-60.7057076,-807.481384
1721,0,220,1721.94739,3.67591786,220.320038
1779,0,0,1779.96375,2.61038208,-0.266775459
1719,0,-222,1719.96265,2.61413646,-222.270523
1367,-82,1066,1367.70813,-79.3916321,1066.70605
825,-3547,1123,825.308655,-3545.6582,1123.95117
889,-116,1552,889.276245,-113.05127,1552.96106
507,-936,1379,507.322296,-929.506775,1379.94653
-1558,12,784,-1558.99817,15.2460785,784.060425
-1164,-293,1133,-1164.71594,-289.410736,1133.69812
-1641,-440,0,-1641.98425,-437.797119,-0.176289827
-850,-590,1336,-850.425842,-587.024536,1336.90479
-106,-1324,1384,-106.496246,-1316.06787,1384.86816
-542,-2486,1143,-542.95575,-2485.01807,1143.29395
-244,-2539,1020,-244.180237,-2530.92773,1020.98358
-540,-2539,964,-540.185547,-2530.95288,964.982544
-1408,-471,785,-1408.68005,-453.128723,785.733154
-1408,-471,785,-1408.42773,-464.793488,785.903809
-1468,-736,709,-1468.5946,-732.772217,709.804016
-1609,-736,161,-1609.95972,-732.109192,160.719055
-1641,-440,0,-1641.95972,-436.020599,-0.280799568
-1641,-440,0,-1641.99402,-434.021881,-0.108271599
-1279,-949,-752,-1279.99817,-943.163086,-751.939514
-1279,-949,-752,-1279.99927,-942.807007,-751.961914
-1229,-1267,-851,-1229.99915,-1260.08472,-850.958679
-825,-1267,-1258,-824.959961,-1260.35059,-1258.99915
-752,-949,-1289,-751.922852,-940.135925,-1289.99695
-752,-949,-1289,-751.956055,-939.688904,-1289.99902
-916,-1419,-1236,-916.243652,-1418.00623,-1236.96985
1552,-736,-708,1552.2002,-733.799805,-708.979736
1399,-736,-741,1399.2052,-733.804688,-741.978699
1652,-918,-239,1652.87256,-916.208679,-238.511536
1298,-1002,828,1298.99902,-995.065857,827.955872
1264,-1233,804,1264.92554,-1230.5343,803.621399
910,-1267,1310,910.042664,-1264.60645,1310.99902
948,-1426,1243,948.151367,-1424.81323,1243.9884
4,-2327,-1383,3.49112415,-2324.78125,-1383.86084
545,-2327,-1244,545.784424,-2323.20239,-1244.62012
610,-2024,-1171,610.905273,-2012.79041,-1171.4248
610,-2024,-1171,610.808899,-1994.81604,-1171.58789
-37,-2009,1322,-36.1334152,-2000.25061,1322.49902
-125,-2327,1403,-124.487839,-2325.08911,1403.85889
-628,-2327,1128,-628.99115,-2325.11401,1128.13245
-611,-2009,1077,-611.886658,-1966.72473,1076.5376
1190,-3388,795,1190.99512,-3386.14111,794.901306
786,-3388,1202,786.222656,-3385.65356,1202.97485
-1072,-3335,-702,-1072.92566,-3331.34302,-701.621643
-653,-3093,-1126,-652.621643,-3079.34497,-1126.92566
-2764,-530,1039,-2763.75488,-475.735046,1039.96948
-1468,-736,709,-1467.70703,-733.742981,709.956116
-1584,-914,233,-1584.23438,-913.46875,232.027863
-3129,-719,872,-3129.96582,-718.243774,872.258484
-2914,-523,504,-2914.86377,-480.430878,503.496124
-1609,-736,161,-1609.19336,-733.806519,160.018875
-2914,-523,504,-2914.26587,-503.895599,503.036011
2822,-530,-1055,2821.73633,-480.22229,-1055.9646
1552,-736,-708,1551.67603,-733.712891,-708.946045
3190,-719,-893,3190.95605,-718.281189,-893.292908
1794,-906,-261,1794.17859,-905.37085,-260.016083
1702,-736,-173,1702.22168,-733.429199,-172.024887
2981,-523,-523,2981.26343,-503.818634,-522.035339
2981,-523,-523,2981.85791,-484.981567,-522.486328
-2061,-3181,-1747,-2061.71631,-3132.03467,-1746.30225
-1126,-3388,-808,-1126.66699,-3385.40991,-807.254944
-2102,-3363,-2165,-2102.71582,-3362.29712,-2165.69775
-777,-3546,-1128,-776.235474,-3545.21655,-1128.64453
-738,-3388,-1187,-737.255859,-3385.75708,-1187.66797
-1673,-3174,-2144,-1672.30273,-3154.08569,-2144.7168
-1673,-3174,-2144,-1672.92383,-3134.65039,-2144.99707
1190,-3388,795,1190.65845,-3385.7915,794.247375
825,-3547,1123,824.207153,-3546.30859,1123.60938
2161,-3363,2148,2161.69629,-3362.25366,2148.71753
786,-3388,1202,785.235474,-3386.06616,1202.64453
787,-2113,-2586,787.819214,-2070.09961,-2586.57349
787,-2113,-2586,787.984558,-2094.2854,-2585.82495
545,-2327,-1244,545.97052,-2324.85938,-1243.75903
476,-2486,-1263,476.948395,-2485.31128,-1262.68359
544,-2309,-2936,544.144775,-2308.23364,-2936.98926
4,-2327,-1383,3.00589252,-2325.04102,-1383.1084
239,-2120,-2674,238.016281,-2075.98828,-2674.17969
-628,-2327,1128,-628.833313,-2325.05933,1127.44727
-1159,-2302,2710,-1159.47961,-2301.19482,2710.87744
-542,-2486,1143,-542.833313,-2485.29175,1142.44727
-125,-2327,1403,-124.096565,-2324.90698,1403.42871
1846,-1053,2255,1845.29016,-1033.54138,2255.70435
910,-1267,1310,909.247375,-1264.75159,1310.65845
1846,-1053,2255,1845.95593,-1012.06909,2255.99902
948,-1426,1243,947.221741,-1425.28857,1243.62793
1293,-1267,912,1293.66833,-1264.6134,911.256165
2234,-1060,1858,2234.70459,-1011.61432,1857.29041
-1840,-1055,-2230,-1839.90137,-1026.04919,-2230.99512
-1840,-1055,-2230,-1839.32129,-1038.8396,-2230.73438
-825,-1267,-1258,-824.265259,-1265.1189,-1258.67834
-916,-1419,-1236,-915.247192,-1418.41394,-1236.6582
-2245,-1242,-2269,-2245.73364,-1241.25928,-2269.67944
-1229,-1267,-851,-1229.65833,-1265.07874,-850.247314
-1385,346,1330,-1385.82959,347.970306,1330.55835
-1514,352,1490,-1513.2356,353.548859,1489.35535
-1912,290,-191,-1912.995,291.227051,-191.099472
-2117,297,-210,-2116.00488,298.546478,-209.901306
-1870,326,-549,-1870.97852,327.11377,-549.206116
-2084,337,-593,-2083.00098,338.532593,-592.955872
-1737,395,-872,-1737.88428,396.721008,-872.466614
-1965,367,-952,-1964.13525,368.86731,-951.497803
-818,255,-1753,-818.226807,256.431183,-1753.97388
-929,265,-1919,-928.690979,266.536346,-1918.04895
466,337,-1862,466.349884,338.337738,-1862.93677
527,344,-2065,526.955872,345.437408,-2064.00098
1458,314,-1268,1458.62305,315.609009,-1268.7821
1363,341,-1644,1362.29883,343.131409,-1643.28711
1842,345,-559,1842.92542,347.090515,-559.378662
2062,358,-586,2061.0957,359.477264,-585.57312
1872,335,440,1872.86279,336.374756,440.505463
2248,175,282,2247.02441,176.448456,281.780396
1692,266,970,1692.88342,267.657898,970.468506
1679,278,1312,1678.16553,279.002045,1311.44897
-224,318,1925,-224.185272,319.543701,1925.98267
184,256,2173,183.789261,257.282623,2172.02246
-913,458,1769,-913.465027,459.717682,1769.88525
-636,394,2084,-635.754883,396.323425,2083.03052
2006,305,-259,2006.13342,306.941376,-259.991058
2134,278,-271,2133.46582,280.952667,-271.845337
2006,305,259,2006.1543,306.913635,259.988007
2248,175,282,2247.41528,183.334946,282.811218
6207,1514,-512,6206.10254,1593.99988,-511.558929
6183,1521,-393,6182.01465,1560.31604,-393.169769
6183,1521,-393,6182.04004,1581.60254,-393.279755
6093,1514,-341,6093.18945,1541.29565,-341.981873
5983,1514,-363,5983.18945,1541.31677,-363.981873
5919,1521,-445,5919.77539,1550.56982,-445.631378
5919,1521,-445,5919.88037,1571.51819,-445.473969
5919,1521,-445,5919.98926,1554.41528,-444.853821
5935,1521,-563,5935.9873,1554.36707,-562.841187
5935,1521,-563,5935.94629,1586.74927,-562.676697
5935,1521,-563,5935.55225,1564.00122,-562.166321
6028,1521,-625,6028.55078,1563.95764,-624.165405
6028,1521,-625,6028.46094,1592.52148,-624.11261
1719,0,-222,1719.98914,11.9606104,-222.146667
1719,0,-222,1719.99988,5.50634336,-221.991913
1709,-904,-685,1708.72266,-903.422485,-685.960693
1548,-913,-624,1548.5166,-911.107666,-624.85614
1375,-933,-716,1375.99011,-930.077148,-716.139404
1375,-933,-716,1375.99695,-928.472778,-716.076843
1543,-935,-59,1543.95386,-932.995667,-59.3001442
80,-2494,-1339,79.0048828,-2493.33569,-1339.09863
80,-2494,-1339,79.5826797,-2492.88599,-1339.90869
169,-939,-1462,169.246918,-928.80481,-1462.96899
474,-939,-1384,474.250854,-928.760498,-1384.96802
742,-982,-1269,742.412048,-974.707214,-1269.91113
818,-1455,1239,818.914673,-1438.98499,1239.40417
1229,-1462,784,1229.6582,-1456.91162,784.752808
916,-1950,934,916.733459,-1943.92529,934.679626
944,-1456,947,944.488281,-1436.66394,947.87262
1237,-1425,950,1237.67773,-1424.23083,949.264709
1237,-1425,950,1237.98914,-1423.77161,950.146118
-450,-891,1412,-450.440063,-887.361206,1412.89795
-789,-1039,1198,-789.261719,-1033.13464,1198.96509
-182,-2486,1341,-181.084091,-2485.37891,1341.40137
-182,-2486,1341,-181.702881,-2485.1665,1341.95483
-1705,20,-23,-1705.99512,21.5410576,-22.9016037
-1705,20,-23,-1705.94128,28.8699493,-22.6623859
-1483,-914,632,-1482.8125,-913.346985,632.982239
-1483,-914,632,-1483.66797,-912.828491,632.74408
-1297,-949,373,-1297.92847,-937.376587,373.371338
-1209,-1426,-940,-1209.62305,-1425.41541,-939.217834
-1209,-1426,-940,-1209.98242,-1425.03955,-940.186584
-881,-1477,-896,-881.813721,-1453.74377,-896.581055
-1066,-3547,-837,-1066.62305,-3546.31226,-836.217834
-1066,-3547,-837,-1066.99805,-3546.19165,-836.939453
1114,-3547,831,1114.61328,-3546.4458,830.210144
1114,-3547,831,1114.99512,-3546.17236,831.09613
2272,-1249,2258,2272.7063,-1248.25171,2258.70776
5651,186,-578,5651.73389,186.597168,-577.32074
1948,417,-584,1948.99414,417.664398,-584.107117
1313,401,-1572,1313.67786,401.655823,-1572.73511
466,337,-1862,466.48645,337.736755,-1862.87366
-878,325,-1833,-878.479492,325.680389,-1833.87744
-1832,455,-917,-1832.91101,455.565674,-917.412354
-1966,400,-568,-1966.95581,400.637726,-568.293579
-2014,359,-216,-2014.97534,359.632721,-216.219971
-1434,414,1409,-1434.63342,414.728607,1409.7738
-611,459,1991,-611.601868,459.719208,1991.79858
186,313,2038,186.074554,313.781769,2038.99719
1968,414,457,1968.70215,415.002502,457.711914
1910,244,243,1910.34375,246.710785,243.939056
1968,414,457,1967.2865,414.626282,457.700653
1797,305,1038,1796.12732,305.755188,1037.51172
-611,459,1991,-610.853821,459.716064,1990.01074
-1434,414,1409,-1433.05383,414.623047,1408.67639
-2014,359,-216,-2013.01147,359.549805,-216.151031
-1966,400,-568,-1965.00098,400.636719,-568.043274
-1832,455,-917,-1831.18005,455.661407,-916.427612
-360,306,-1997,-359.638428,306.642303,-1996.06775
527,344,-2065,527.200195,344.608459,-2064.02026
1313,401,-1572,1312.23547,401.6875,-1571.35547
1948,417,-584,1947.1897,417.587036,-583.414001
2006,305,-259,2005.78589,306.799011,-259.976807
1912,246,-242,1912.34399,248.863724,-242.93895
1842,345,-559,1842.99304,347.169006,-559.116943
1948,417,-584,1948.78918,417.722046,-584.614136
2062,358,-586,2061.00073,359.191925,-585.961914
1964,316,-846,1963.06799,317.515656,-845.637573
1746,392,-1038,1745.06238,392.556,-1037.65247
1746,392,-1038,1746.83154,392.736237,-1038.55542
1617,309,-1025,1617.8313,310.961395,-1025.55566
1617,309,-1025,1617.78833,310.879547,-1025.61523
1746,392,-1038,1746.81873,392.759796,-1038.5741
1746,392,-1038,1745.20215,392.614105,-1037.39722
1612,320,-1404,1611.32056,322.499115,-1403.26636
1113,407,-1830,1112.35938,409.298218,-1829.23218
1113,407,-1830,1112.18982,407.684418,-1829.41394
1313,401,-1572,1313.38879,401.669434,-1572.92126
1244,331,-1486,1244.73254,332.477905,-1486.68066
727,366,-1787,727.322815,367.802673,-1787.94641
1067,458,-1743,1067.48828,458.731476,-1743.87268
766,437,-1880,765.706055,437.565033,-1879.04419
1113,407,-1830,1112.60938,409.059357,-1829.07947
216,262,-2138,216.061295,263.160736,-2137.00195
201,336,-2012,201.041321,336.649231,-2011.00085
201,336,-2012,201.095963,336.708984,-2012.99536
-63,250,-1926,-62.9565735,251.115601,-1926.99902
-63,250,-1926,-63.0425262,250.934372,-1926.99902
-360,306,-1997,-360.042267,306.791748,-1997.9989
-89,321,-2021,-88.8185425,321.600769,-2020.0166
-389,246,-2089,-388.779419,247.449783,-2088.02466
-1091,290,-1599,-1091.52161,291.379333,-1599.85315
-1152,358,-1687,-1152.61426,358.639099,-1687.78894
-1152,358,-1687,-1151.69043,358.695038,-1686.04919
-1210,295,-1767,-1209.54492,296.655334,-1766.10962
-1563,374,-1167,-1563.87158,375.786377,-1167.49011
-1656,439,-1216,-1656.96655,439.617859,-1216.25562
-1656,439,-1216,-1655.50293,439.728058,-1215.13232
-1747,373,-1269,-1746.26489,374.7453,-1268.32214
-1737,395,-872,-1737.86816,396.324188,-872.496277
-1966,400,-568,-1966.8186,400.816254,-568.574219
-1832,455,-917,-1831.00391,455.513733,-916.911743
-1965,367,-952,-1964.06335,368.858337,-951.64978
-2015,178,948,-2014.03503,179.319397,947.737671
-1844,286,858,-1843.01831,286.589417,857.80957
-1844,286,858,-1844.94006,286.691864,858.340759
-1729,203,834,-1729.94592,204.088501,834.324219
-1913,249,134,-1913.99902,250.031036,134.041458
-1939,252,523,-1939.99902,252.63533,522.955872
-2139,257,188,-2138.16162,257.500946,187.454926
-2129,148,612,-2128.03687,149.32605,611.731018
-994,450,1946,-993.320374,452.318176,1945.26648
-954,520,1856,-953.264709,520.753357,1855.32227
-954,520,1856,-954.585938,520.624146,1856.8103
-913,458,1769,-913.644592,459.720581,1769.76453
-636,394,2084,-635.901306,395.753296,2083.00488
-636,394,2084,-636.186157,394.558777,2083.01758
-593,394,1892,-593.367615,394.724548,1892.92993
-593,394,1892,-593.213867,395.697418,1892.97681
1084,292,1886,1083.57263,293.498016,1885.09595
1038,360,1797,1037.95508,360.794189,1796.0011
1038,360,1797,1038.5166,360.924927,1797.8562
-224,318,1925,-224.278976,318.848907,1925.96021
-242,302,2182,-242.107559,303.260162,2181.00586
967,241,1688,967.585938,242.800858,1688.8103
1378,301,1485,1378.55176,301.966583,1485.83398
1378,301,1485,1377.21033,301.531067,1484.38647
1084,292,1886,1083.28247,293.293427,1885.30359
1574,227,1145,1574.73389,228.51123,1145.6792
1615,326,1239,1615.73401,327.02774,1239.67908
1615,326,1239,1614.41211,326.491364,1238.19116
1679,278,1312,1678.31738,279.286499,1311.26929
1834,321,551,1834.96472,322.769135,551.263184
1929,417,570,1929.99902,417.929199,570.043884
1929,417,570,1928.12256,417.58905,569.520325
2169,174,625,2168.03394,175.419388,624.741699
570,167,1832,570.138367,168.527084,1832.99036
967,241,1688,967.292358,243.389282,1688.9563
1762,271,848,1762.87158,272.620758,848.490051
1797,305,1038,1796.33887,305.858551,1037.24976
2001,286,890,2000.28235,287.003845,889.30365
2006,305,259,2005.80579,306.768921,259.980957
2111,289,270,2110.55591,291.34964,270.895935
2085,368,476,2084.02417,369.696899,475.781494
2224,172,-286,2223.40552,177.16748,-286.804108
2224,172,-286,2223.00879,174.452652,-285.867737
1842,345,-559,1842.90198,346.310913,-559.43158
1842,345,-559,1842.9657,346.676453,-559.259338
1458,314,-1268,1458.83203,315.766296,-1268.55469
1244,331,-1486,1244.67786,332.491547,-1486.73511
1021,379,-1657,1021.53418,381.120148,-1657.84534
2163,176,-602,2162.01758,178.003601,-601.813354
2062,358,-586,2061.01758,359.830475,-585.813354
1948,417,-584,1947.03003,417.520813,-584.243164
1948,417,-584,1948.76318,417.731506,-584.646179
1948,417,-584,1948.99512,417.662354,-584.097839
1948,417,-584,1947.16736,417.597992,-583.446228
2163,176,-602,2162.03491,177.972198,-601.738098
2062,358,-586,2061.04858,359.794098,-585.692139
1746,392,-1038,1746.83398,392.772858,-1038.55176
1746,392,-1038,1746.83008,392.696442,-1038.55762
1746,392,-1038,1745.08887,392.674683,-1037.58789
1746,392,-1038,1745.20422,392.608307,-1037.39453
1851,282,-1202,1850.13806,284.2854,-1201.49304
1612,320,-1404,1611.24133,321.955719,-1403.34863
1532,385,-1337,1532.64453,385.703461,-1337.76453
1313,401,-1572,1312.21021,401.639648,-1571.38672
1363,341,-1644,1362.28271,342.908356,-1643.30322
1113,407,-1830,1112.33105,409.201508,-1829.25671
1067,458,-1743,1066.1897,458.549316,-1742.41406
1067,458,-1743,1067.34961,458.838043,-1743.93689
727,366,-1787,727.337219,367.773376,-1787.94141
466,337,-1862,466.219482,338.520508,-1862.97559
492,407,-1959,492.410461,407.712982,-1959.91187
492,407,-1959,491.867096,407.583832,-1958.00891
805,377,-1973,804.731445,379.075745,-1972.03674
527,344,-2065,526.722656,345.993011,-2064.03931
1021,379,-1657,1021.41119,381.10788,-1657.9115
1067,458,-1743,1067.45898,458.764496,-1743.88843
1067,458,-1743,1066.69141,458.553284,-1742.04883
1113,407,-1830,1112.53723,409.392639,-1829.11353
766,437,-1880,766.402466,437.725616,-1880.91541
766,437,-1880,765.875,437.643097,-1879.00793
492,407,-1959,492.487854,407.729034,-1959.87292
492,407,-1959,492.201263,407.660858,-1958.02051
186,265,-1911,186.106781,266.287048,-1911.99426
-89,321,-2021,-88.8762207,321.816284,-2021.99231
201,336,-2012,201.097855,336.597931,-2011.00488
216,262,-2138,215.937546,263.371277,-2137.00195
-63,250,-1926,-63.1804504,251.165131,-1926.98352
-89,321,-2021,-89.0425262,321.716217,-2021.9989
-89,321,-2021,-88.8605881,321.72406,-2020.00977
-389,246,-2089,-388.867737,247.13475,-2088.00879
-818,255,-1753,-818.338867,256.158356,-1753.9408
-929,265,-1919,-928.729675,266.412262,-1918.03723
-360,306,-1997,-360.218506,306.715637,-1997.97583
-878,325,-1833,-877.867188,325.675568,-1832.00891
-1091,290,-1599,-1091.57312,291.22998,-1599.81946
-878,325,-1833,-878.63324,325.666748,-1833.77393
-878,325,-1833,-877.676025,325.636902,-1832.05396
-1210,295,-1767,-1209.58716,296.535828,-1766.08923
-1091,290,-1599,-1091.52637,291.361633,-1599.85022
-1352,282,-1429,-1352.66699,283.107239,-1429.745
-1152,358,-1687,-1152.53418,358.705811,-1687.84534
-1152,358,-1687,-1151.38867,358.606781,-1686.20874
-1511,281,-1563,-1510.47205,282.385193,-1562.15076
-1152,358,-1687,-1152.52637,358.646179,-1687.8501
-1152,358,-1687,-1151.38867,358.640472,-1686.20874
-1210,295,-1767,-1209.42639,296.582916,-1766.18091
-1563,374,-1167,-1563.9646,374.67865,-1167.26355
-1747,373,-1269,-1746.51855,373.62558,-1268.12354
-1747,373,-1269,-1746.33984,374.439331,-1268.2489
-1965,367,-952,-1964.03491,368.604431,-951.738098
-1832,455,-917,-1831.02136,455.691284,-916.794434
-1832,455,-917,-1832.81873,455.540039,-917.574097
-1737,395,-872,-1737.84424,397.067108,-872.53595
-1832,455,-917,-1832.90466,455.631195,-917.425781
-1656,439,-1216,-1655.1698,439.613007,-1215.44263
-1747,373,-1269,-1746.18005,374.659119,-1268.42761
-1737,395,-872,-1737.95081,396.903442,-872.309387
-1870,326,-549,-1870.99695,327.55072,-549.075684
-1966,400,-568,-1966.97046,400.768433,-568.240723
-1966,400,-568,-1965.00488,400.547607,-568.098572
-2084,337,-593,-2083.00073,338.463165,-592.961914
-2014,359,-216,-2014.98145,359.664673,-216.191254
-2014,359,-216,-2013.00684,359.625763,-216.11644
-2117,297,-210,-2116.00098,298.195099,-210.042557
-1913,249,134,-1913.99707,250.077103,134.074432
-2032,318,160,-2032.99902,318.557007,159.955826
-2032,318,160,-2031.15955,318.591949,159.45813
-2139,257,188,-2138.03198,258.232544,187.74913
-1558,12,784,-1558.9646,13.5703344,784.263611
-1830,182,483,-1830.95959,183.014725,483.280823
-1844,286,858,-1844.91064,286.63736,858.412903
-1844,286,858,-1843.00488,286.539429,857.901306
-2129,148,612,-2128.03491,149.329742,611.738098
-1385,346,1330,-1385.69824,347.24765,1330.71582
-1385,346,1330,-1385.64502,346.896667,1330.76416
-1514,352,1490,-1513.05066,352.562805,1489.68579
-1514,352,1490,-1513.15649,353.280212,1489.46289
-1156,417,1539,-1156.5791,418.719818,1539.81519
-1156,417,1539,-1156.41113,417.734802,1539.9115
-1265,418,1716,-1264.11609,418.573303,1715.53235
-1265,418,1716,-1264.24719,419.549316,1715.3418
-1265,418,1716,-1264.37036,419.937775,1715.22314
-1199,483,1612,-1198.11572,483.592743,1611.53308
-1199,483,1612,-1199.42578,483.809845,1612.90479
-1156,417,1539,-1156.61816,418.876221,1539.78589
-1199,483,1612,-1199.57227,483.788361,1612.81995
-954,520,1856,-953.179993,520.596741,1855.42773
-913,458,1769,-913.466797,459.818756,1769.88428
-954,520,1856,-954.593811,520.636475,1856.80457
-954,520,1856,-953.85553,520.775085,1855.0105
-994,450,1946,-993.706055,452.221039,1945.04419
-593,394,1892,-593.205261,395.742218,1892.97864
-611,459,1991,-611.367188,459.671417,1991.93005
-611,459,1991,-611.186523,459.752441,1990.01758
-636,394,2084,-635.740845,396.414276,2083.03418
-224,318,1925,-224.131546,319.655121,1925.99121
-227,387,2023,-227.295044,387.727112,2023.95544
-227,387,2023,-227.273331,387.576721,2022.03809
-242,302,2182,-241.958679,303.669342,2181.00098
184,256,2173,183.657333,256.948639,2172.06055
601,258,1933,601.07605,258.894653,1933.99707
180,233,1938,180.145065,234.49733,1938.98938
967,241,1688,967.424561,242.629715,1688.9054
601,258,1933,601.526611,258.859528,1933.8501
1084,292,1886,1083.79297,292.972717,1885.02173
967,241,1688,967.71106,243.365417,1688.70312
1038,360,1797,1038.55078,360.908356,1797.83459
1038,360,1797,1037.21021,360.780151,1796.38672
1084,292,1886,1083.32056,293.514648,1885.26636
1304,207,1416,1304.75012,208.552383,1416.66113
1615,326,1239,1615.76782,326.921295,1239.64062
1615,326,1239,1614.36548,326.546356,1238.22717
1453,246,1554,1452.32166,247.276672,1553.26526
1574,227,1145,1574.84412,228.406479,1145.53601
1615,326,1239,1615.67834,327.014465,1239.73474
1615,326,1239,1614.16553,326.490173,1238.44897
1679,278,1312,1678.23059,279.196838,1311.36133
2001,286,890,2000.11487,287.330597,889.534668
1862,365,867,1861.32031,365.702606,866.266541
1862,365,867,1862.99915,365.94931,867.03656
1872,335,440,1872.96558,336.845367,440.259827
1872,335,440,1872.97546,336.792175,440.220154
1929,417,570,1929.93445,417.809723,570.355957
2085,368,476,2084.06323,369.41217,475.650055
2001,286,890,2000.04395,287.319275,889.706848
2085,368,476,2084.04419,368.896057,476.293976
1872,335,440,1872.68652,335.776093,440.727081
1929,417,570,1929.97925,417.980957,570.201904
1929,417,570,1928.16565,417.618134,569.448792
2248,175,282,2247.00098,178.538956,281.955841
2058,341,597,2057.04858,342.433594,596.692139
1929,417,570,1928.12305,417.601318,569.51947
1929,417,570,1929.99707,417.988464,570.074646
1834,321,551,1834.99121,322.513977,551.131775
1794,-906,-261,1794.2793,-905.396057,-260.039825
1702,-736,-173,1702.1936,-733.517639,-172.018921
1709,-904,-685,1708.63574,-903.388367,-685.931274
1552,-736,-708,1551.67603,-733.638062,-708.946045
1602,-735,-91,1602.85596,-729.072388,-90.4829559
1602,-735,-91,1602.62695,-732.868469,-90.2209473
1399,-736,-741,1399.4668,-730.114258,-741.884338
1459,-452,-784,1459.50195,-447.703125,-784.864746
1548,-913,-624,1547.92358,-911.88678,-624.99707
1652,-918,-239,1652.44238,-916.68457,-238.10318
1672,-33,-503,1672.90991,-23.3505745,-503.414734
1590,-232,-635,1590.87183,-226.78804,-635.489807
1672,-33,-503,1672.91077,-23.0727501,-503.412872
1672,-33,-503,1672.9873,-20.7510757,-503.158539
1679,-221,-360,1679.99915,-215.506683,-360.040253
1237,-1425,950,1237.62793,-1424.29468,949.221741
948,-1426,1243,947.225708,-1425.24951,1243.63281
823,-1230,1265,822.503113,-1218.99622,1265.8678
827,-1116,1295,826.464233,-1111.02197,1295.84436
822,-998,1301,821.955872,-978.461121,1301.99902
1264,-1233,804,1264.99902,-1226.42285,803.955872
1097,-2278,-524,1097.94592,-2273.97949,-524.324219
1189,-897,-919,1189.71301,-893.021667,-919.701111
1350,-39,-1068,1350.80896,-33.6940231,-1068.58777
1128,-14,-1269,1128.60938,-9.83861065,-1269.79272
978,-943,-1095,978.609375,-936.366821,-1095.79285
610,-2024,-1171,610.585938,-2018.4718,-1171.8103
1380,-980,532,1380.96484,-974.052734,532.262817
1557,-39,821,1557.97839,-35.6744385,821.206543
1721,0,220,1721.9657,2.81586123,220.259491
1779,0,0,1779.96851,2.81365156,0.248945594
1450,-957,237,1450.94604,-952.418945,237.323944
-37,-2009,1322,-36.9225922,-2003.24268,1322.99695
-225,38,1753,-224.859985,41.8824081,1753.99011
176,-31,1758,176.181213,-28.1170006,1758.9834
507,-936,1379,507.272003,-929.508667,1379.96228
-1279,-949,-752,-1279.99109,-943.162476,-752.132324
-1405,-374,-773,-1405.86096,-371.827179,-773.508606
-382,-1753,-1232,-382.322235,-1745.93274,-1232.94666
-207,-757,-1480,-207.250732,-752.039368,-1480.96802
-419,12,-1663,-419.322235,15.8400106,-1663.94666
-86,12,-1721,-86.1064911,15.347023,-1721.99426
-550,71,1708,-550.323242,74.0169144,1708.94629
-450,-891,1412,-450.26181,-887.167358,1412.96509
-1045,-890,1022,-1045.69727,-885.842285,1022.7168
-1164,-293,1133,-1164.7511,-289.334717,1133.66003
-207,-757,-1480,-207.042267,-749.381409,-1480.99902
474,-939,-1384,474.383331,-930.721985,-1384.92358
664,8,-1597,664.31366,11.5616779,-1597.94946
1557,-39,821,1557.69641,-34.7569122,821.71759
889,-116,1552,889.763,-112.453178,1552.64636
-1405,-374,-773,-1405.66699,-368.304352,-773.745056
-1362,55,-1153,-1362.6582,57.131031,-1153.75281
1618,-380,205,1618.97937,-376.459961,205.202042
1618,-380,205,1618.94604,-376.200958,205.323975
1507,-401,531,1507.95093,-396.239349,531.309387
1234,-434,1006,1234.70251,-429.723236,1006.71161
1060,-278,1271,1060.7511,-274.209076,1271.66003
1060,-278,1271,1060.7511,-274.210052,1271.66016
1345,-754,788,1345.69836,-695.124756,788.715698
826,-728,1355,826.762878,-720.703491,1355.64648
1719,0,-222,1719.99512,5.04453278,-222.098587
1700,-208,13,1700.99304,-204.924118,13.1173544
1721,0,220,1721.9834,3.65083647,220.181427
1545,-743,59,1545.97937,-739.287903,59.2018929
1507,-401,531,1507.96973,-396.383209,531.244141
1637,-453,-141,1637.93616,-434.372162,-140.648499
1545,-743,59,1545.9541,-737.628113,59.2994499
1618,-380,205,1618.99402,-375.93103,205.108353
1602,-735,-91,1602.93823,-730.395325,-90.6539993
1510,-752,217,1510.97742,-748.341125,217.211029
1345,-754,788,1345.96265,-746.824036,788.270508
1635,-26,548,1635.96472,-23.0747662,548.263184
1721,0,220,1721.97534,2.87658334,220.220398
1557,-39,821,1557.81921,-36.5600166,821.573486
1399,-736,-741,1399.71497,-730.400146,-741.699097
1350,-39,-1068,1350.75134,-35.045517,-1068.65991
1459,-452,-784,1459.75134,-448.160248,-784.659912
1128,-14,-1269,1128.66699,-9.9244175,-1269.74487
929,5,-1505,929.743225,8.32936287,-1505.66895
664,8,-1597,664.349609,11.5353374,-1597.93689
170,12,-1712,170.250793,15.8458414,-1712.96802
-86,12,-1721,-85.9565735,15.8726997,-1721.9989
170,12,-1712,170.041321,15.8582888,-1712.99915
-86,12,-1721,-86.1699524,15.4890604,-1721.98535
-419,12,-1663,-419.186432,15.497613,-1663.98242
-419,12,-1663,-419.200653,15.4308319,-1663.97961
-864,-400,-1298,-864.751099,-393.943939,-1298.66016
-864,-400,-1298,-864.307739,-386.699188,-1298.95142
-1362,55,-1153,-1362.58984,57.6569595,-1153.80737
-673,-43,-1564,-673.589844,-39.5194435,-1564.8075
-1362,55,-1153,-1362.80908,57.2501755,-1153.58765
-1678,27,-449,-1678.94653,29.6574631,-449.322601
-1678,27,-449,-1678.99805,30.5199356,-449.061981
-1362,55,-1153,-1362.86096,57.6176224,-1153.50867
-1678,27,-449,-1678.9021,30.7826405,-449.431488
-1405,-374,-773,-1405.99109,-369.529602,-773.132446
-1641,-440,0,-1641.9165,-435.919281,-0.400018722
-1705,20,-23,-1705.96863,26.9373207,-23.2482414
-1332,-953,-387,-1332.92627,-945.992981,-387.376587
-1505,-949,0,-1505.91614,-943.57843,-0.400842965
-1505,-949,0,-1505.8783,-943.489197,0.477861553
-1297,-949,373,-1297.87329,-943.456787,373.487152
-1297,-949,373,-1297.99902,-942.143433,372.955841
-1303,-949,752,-1303.99902,-942.13678,751.955872
-1315,52,1172,-1315.83325,54.3252068,1172.55261
-813,83,1583,-813.69635,87.4757385,1583.71765
-550,71,1708,-550.411682,74.0821228,1708.91125
-1333,-426,885,-1333.75708,-421.295624,885.653198
-1558,12,784,-1558.75024,16.305191,784.661133
-1333,-426,885,-1333.70142,-421.494446,885.712708
-813,83,1583,-813.623047,85.8537903,1583.7821
-1558,12,784,-1558.76318,16.1731262,784.646179
-850,-590,1336,-850.697266,-586.891602,1336.7168
-813,83,1583,-813.438232,86.3394089,1583.8988
-550,71,1708,-550.175232,74.5666733,1708.9845
-1045,-890,1022,-1045.69922,-885.710388,1022.71484
-611,-2009,1077,-611.677734,-2004.89319,1077.73523
-1303,-949,752,-1303.52637,-943.438782,752.850098
-225,38,1753,-225.062408,40.7028008,1753.99805
176,-31,1758,176.180405,-28.1849556,1758.98352
545,-76,1678,545.307861,-73.0355453,1678.95142
826,-728,1355,826.036133,-722.8797,1355.99915
818,-1455,1239,818.282593,-1449.48401,1239.95923
701,-976,1307,700.807678,-971.990356,1307.98132
701,-976,1307,701.087036,-967.782471,1307.99609
701,-976,1307,701.042603,-955.726685,1307.99902
701,-976,1307,701.098572,-967.320251,1307.99512
1107,-111,1337,1107.69678,-108.852066,1337.71729
1367,-82,1066,1367.73401,-79.9013596,1066.67908
1264,-1233,804,1264.99902,-1226.33704,803.955872
1380,-980,532,1380.97839,-975.826782,532.206543
1229,-1462,784,1229.99707,-1456.91541,784.076111
1543,-935,-59,1543.95874,-932.669128,-58.7157173
1364,-1107,-343,1364.96289,-1102.9967,-343.269867
1450,-957,237,1450.99597,-952.222717,237.088516
1189,-897,-919,1189.94617,-890.44397,-919.323669
978,-943,-1095,978.644531,-937.295227,-1095.7644
978,-943,-1095,978.65863,-936.960083,-1095.75244
-207,-757,-1480,-207.349426,-751.314209,-1480.93689
-498,-944,-1370,-498.185272,-938.851746,-1370.98267
-707,-1479,-1225,-707.151489,-1472.75317,-1225.9884
-881,-1477,-896,-881.88446,-1469.64734,-896.466614
-881,-1477,-896,-881.501953,-1471.1156,-896.864868
224,-915,1442,223.955826,-908.088196,1442.99902
224,-915,1442,224.201218,-907.924072,1442.97949
-1332,-953,-387,-1332.99902,-948.625916,-387.042755
-106,-1324,1384,-105.661736,-1304.953,1384.94104
1092,-2292,394,1092.94592,-2285.89307,394.324127
1181,-2292,131,1181.94592,-2285.87378,131.32431
1104,-3119,718,1104.99402,-3108.4519,718.108276
1097,-2278,-524,1097.8833,-2269.62695,-524.468689
811,-1992,-1004,811.678467,-1983.83105,-1004.73462
811,-1992,-1004,811.644592,-1984.3053,-1004.76453
811,-2544,-909,811.585938,-2536.58789,-909.810303
-127,-2720,-1198,-127.254524,-2708.31055,-1198.96704
235,-2539,-1070,235.349487,-2518.52417,-1070.93689
-619,-2539,-1073,-619.261719,-2504.99438,-1073.96509
-1072,-3335,-702,-1072.94983,-3331.8877,-702.312439
709,-3118,1160,709.040833,-3092.45703,1160.99915
-653,-3093,-1126,-653.106934,-3083.021,-1126.99426
-1723,-906,262,-1723.16016,-905.346924,261.012909
-1645,-904,687,-1644.64844,-903.415527,687.936157
-1723,-906,262,-1723.2998,-905.393677,261.046021
-1609,-736,161,-1609.23047,-733.719604,160.026932
-1468,-736,709,-1467.68542,-733.846497,709.949219
-1645,-904,687,-1644.7843,-903.382141,687.97644
476,-2486,-1263,476.963837,-2485.27319,-1262.73352
80,-2494,-1339,79.0029068,-2493.32153,-1339.07617
-777,-3546,-1128,-776.235474,-3545.1626,-1128.64453
-1066,-3547,-837,-1066.6582,-3546.30029,-836.247192
-639,-3349,-1101,-638.687988,-3336.92993,-1101.95007
-639,-3349,-1101,-639.123413,-3339.91382,-1101.99231
-1072,-3335,-702,-1072.78833,-3332.50732,-701.384766
-639,-3349,-1101,-638.254944,-3346.64087,-1101.66699
-1869,1361,-1079,-1869.30823,1362.65186,-1078.04871
-1869,1361,-1079,-1869.81885,1362.44409,-1078.42603
-1869,1361,-1079,-1869.95581,1362.40991,-1079.29395
-1869,1361,-1079,-1869.21387,1362.75439,-1079.97681
-1869,1361,-1079,-1869.04297,1362.66296,-1079.99902
-1869,1361,-1079,-1868.09705,1362.54529,-1078.57031
-1886,1152,-1218,-1886.30774,1162.67078,-1217.04858
-1773,1152,-1183,-1773.29236,1162.67603,-1182.0437
-2027,1159,-1057,-2026.0979,1168.92078,-1056.56848
-1973,1159,-1171,-1972.09436,1168.94043,-1170.57605
-1970,1161,-954,-1970.04297,1201.53967,-954.999023
-1751,1161,-979,-1751.24316,1223.68933,-979.969971
-1716,1161,-1092,-1716.95581,1179.12219,-1092.29395
-1751,1161,-979,-1751.95874,1179.15051,-979.283936
-1716,1161,-1092,-1716.84985,1184.92029,-1091.47302
826,-728,1355,826.282349,-724.928162,1355.95923
-382,-1753,-1232,-382.169159,-1742.2262,-1232.98547
6093,1514,-341,6092.52441,1558.33044,-341.879639
6137,1521,-603,6136.69141,1599.98633,-602.048828
6137,1521,-603,6136.19043,1562.98608,-602.413025
5983,1514,-363,5983.2832,1553.20508,-363.958862
6137,1521,-603,6136.81348,1569.38855,-602.017578
6028,1521,-625,6027.79346,1569.37195,-624.021606
6183,1521,-393,6182.49219,1559.86572,-393.86142
6201,1505,430,6200.03125,1575.64124,430.247375
6201,1505,430,6200.00098,1544.77722,430.03418
6207,1505,546,6206.00098,1544.7959,546.0401
6207,1505,546,6206.12207,1616.21729,545.52124
6000,1510,654,6000.04395,1594.51367,653.000977
6000,1510,654,6000.7002,1569.06091,653.286072
5903,1500,560,5903.96582,1933.91284,559.740845
5909,1501,440,5909.99707,1537.47217,440.074982
5909,1501,440,5909.86572,1574.59546,440.500092
5909,1501,440,5909.78369,1540.95557,440.621002
5975,1497,353,5975.23438,1568.74707,353.972107
6102,1496,363,6101.50098,1527.45911,363.866394
6201,1505,430,6200.42676,1532.20166,430.819153
5975,1497,353,5974.91113,1522.96472,353.996033
6207,1505,546,6206.16748,1573.15906,545.446045
-1869,1361,-1079,-1868.11609,1362.30969,-1079.46765
-1973,1159,-1171,-1972.53638,1174.10706,-1170.11401
-1869,1361,-1079,-1868.57446,1362.65369,-1078.09509
-1725,714,-978,-1725.48828,760.671936,-978.872681
-1725,714,-978,-1725.9823,762.118347,-978.187073
-1779,714,-1227,-1779.7887,763.185059,-1226.38525
-1908,714,-1253,-1908.20544,764.0979,-1252.02136
-1779,714,-1227,-1779.19043,764.055481,-1226.01831
-2018,714,-1180,-2017.46387,762.310059,-1179.15588
-1908,714,-1253,-1907.44727,762.21814,-1252.16675
-2038,714,-1041,-2037.01245,759.713501,-1040.84277
-2018,714,-1180,-2017.01245,759.80127,-1179.84277
-2038,714,-1041,-2037.21045,761.479614,-1041.61365
-1832,706,-917,-1831.79797,753.349243,-917.97937
-1961,706,-943,-1960.8125,753.265564,-943.982178
-2027,1159,-1057,-2026.21472,1182.02844,-1057.61914
-1852,1154,-954,-1851.79797,1167.97742,-954.97937
-1852,1154,-954,-1852.49512,1164.53003,-954.868713
-1716,1161,-1092,-1716.9823,1193.84644,-1092.18701
-1716,1161,-1092,-1716.78857,1174.7207,-1091.38513
-1886,1152,-1218,-1886.20557,1166.96252,-1217.02136
-1886,1152,-1218,-1885.44751,1162.95349,-1217.1665
-2027,1159,-1057,-2026.0116,1209.65393,-1056.84827
-1908,714,-1253,-1907.45508,759.921265,-1252.16162
-2038,714,-1041,-2037.00964,761.973877,-1040.86157
-2038,714,-1041,-2037.21118,760.935425,-1041.61462
-1832,706,-917,-1831.79883,754.000671,-917.979553
-1832,706,-917,-1832.49512,753.48053,-917.868774
-1696,707,-1119,-1696.9823,756.528015,-1119.18701
-1696,707,-1119,-1696.78882,755.69928,-1118.38538
-1908,714,-1253,-1908.20557,762.504456,-1252.02136
1872,1361,1092,1872.20544,1362.62756,1091.02136
1872,1361,1092,1872.84436,1362.54614,1091.46423
1872,1361,1092,1872.94727,1362.37427,1092.32031
1872,1361,1092,1872.19531,1362.75122,1092.98071
1872,1361,1092,1872.04297,1362.64893,1092.99902
1872,1361,1092,1871.07385,1362.54016,1091.62292
1890,1152,1230,1890.20557,1164.96326,1229.02136
1776,1152,1206,1776.2002,1164.97058,1205.02026
2030,1159,1069,2029.06812,1169.82336,1068.63733
1981,1159,1189,1980.0719,1169.80688,1188.62769
1974,1161,967,1973.95593,1188.52625,967.999023
1755,1161,991,1755.23926,1641.16736,991.970947
1719,1161,1105,1719.95105,1179.84595,1105.30896
1755,1161,991,1755.94995,1179.84143,991.312256
1719,1161,1105,1719.87158,1189.04773,1104.50977
1974,1161,967,1973.12256,1383.07507,967.479675
1872,1361,1092,1871.11377,1362.36743,1092.46313
1981,1159,1189,1980.58362,1177.12341,1188.09082
1872,1361,1092,1871.62598,1362.49866,1091.07263
1727,699,997,1727.55225,733.4776,997.833679
1837,699,924,1837.55078,733.438843,924.834473
1708,699,1137,1708.98926,749.901184,1137.146
1727,699,997,1727.99023,749.840515,997.139343
1708,699,1137,1708.83008,766.018738,1136.44238
1914,692,1260,1914.13123,752.191162,1259.00867
1778,692,1242,1778.1311,752.114929,1241.00867
2021,699,1199,2020.49609,738.24231,1198.13635
2021,699,1199,2020.01746,734.420044,1198.81409
1967,699,950,1966.21021,767.866882,950.613281
1837,699,924,1836.80273,773.145386,924.980286
1967,699,950,1966.79785,773.026611,950.979309
2030,1159,1069,2029.21033,1179.53027,1069.61353
1855,1154,966,1854.79297,1166.3656,966.978333
1855,1154,966,1855.55103,1164.45129,966.834473
1719,1161,1105,1719.98938,1230.15906,1105.14526
1719,1161,1105,1719.83203,1178.2384,1104.44531
1890,1152,1230,1890.12354,1168.89612,1229.00769
1890,1152,1230,1889.51062,1164.54407,1229.12793
2030,1159,1069,2029.01831,1186.01624,1068.80957
1914,692,1260,1913.49609,729.089355,1259.13635
2050,692,1058,2049.00488,795.569153,1057.90137
2050,692,1058,2049.21118,753.98468,1058.61462
1837,699,924,1836.79297,770.787048,924.978271
1837,699,924,1837.49512,754.233948,924.868713
1708,699,1137,1708.97839,728.049744,1137.20667
1708,699,1137,1708.78918,737.535461,1136.38586
1914,692,1260,1914.18665,728.025085,1259.01758
-1830,1361,1088,-1829.38538,1362.68347,1088.78882
-1830,1361,1088,-1829.90137,1362.45581,1088.99512
-1830,1361,1088,-1830.7334,1362.39258,1088.67969
-1830,1361,1088,-1830.95117,1362.61072,1087.69141
-1830,1361,1088,-1830.88416,1362.70239,1087.53284
-1830,1361,1088,-1829.25525,1362.44006,1087.33276
-1974,1152,1033,-1973.38867,1161.04578,1033.79126
-1871,1152,953,-1870.38501,1161.05542,953.788513
-1890,1159,1235,-1889.24805,1170.18152,1234.34082
-1980,1159,1132,-1979.25549,1170.18982,1131.3324
-1773,1161,1238,-1773.86438,1187.23376,1237.49719
-1684,1161,1036,-1684.96082,1195.5564,1035.7229
-1765,1161,949,-1765.7334,1174.91736,949.679565
-1684,1161,1036,-1684.73462,1174.94092,1036.67847
-1765,1161,949,-1764.95508,1177.99402,949.998962
-1773,1161,1238,-1772.95605,1289.68616,1237.00098
-1830,1361,1088,-1829.95593,1362.35645,1087.00098
-1980,1159,1132,-1979.00195,1185.98511,1132.06128
-1830,1361,1088,-1829.00671,1362.29956,1088.11523
-1663,714,1011,-1663.99902,749.779358,1010.95587
-1663,714,1011,-1663.66833,751.046204,1011.74384
-1917,714,929,-1916.86719,752.556458,929.991089
-2008,714,1033,-2007.24744,753.68158,1033.65845
-1917,714,929,-1916.2478,753.637024,929.658936
-1999,714,1170,-1998.00293,750.551453,1169.92358
-2008,714,1033,-2007.00293,750.524231,1032.92358
-1883,714,1261,-1882.39282,751.100098,1260.20544
-1999,714,1170,-1998.38513,751.091187,1169.21143
-1883,714,1261,-1883.15137,750.97821,1260.0116
-1664,706,1139,-1664.75122,743.329895,1138.33997
-1755,706,1242,-1755.75122,743.350342,1241.33997
-1890,1159,1235,-1890.15723,1175.96313,1234.01245
-1713,1154,1136,-1713.75122,1165.31848,1135.33997
-1713,1154,1136,-1713.99902,1163.3866,1135.95593
-1765,1161,949,-1765.6582,1182.23999,949.752808
-1765,1161,949,-1764.88281,1172.69019,949.993103
-1974,1152,1033,-1973.24744,1168.52637,1033.65845
-1974,1152,1033,-1973.00195,1164.396,1032.93762
-1890,1159,1235,-1889.38477,1187.09766,1234.21167
-2008,714,1033,-2007.00293,752.636841,1032.92358
-1883,714,1261,-1882.38586,751.387085,1260.21082
-1883,714,1261,-1883.15161,750.278198,1260.0116
-1664,706,1139,-1664.75134,742.337036,1138.34009
-1664,706,1139,-1664.99902,742.139771,1138.95593
-1776,706,911,-1776.66699,741.868591,911.745056
-1776,706,911,-1775.86731,743.231262,911.99115
-2008,714,1033,-2007.24792,752.752686,1033.65906
1839,1361,-1095,1838.2478,1362.55029,-1095.65894
1839,1361,-1095,1838.95593,1362.51807,-1095.99902
1839,1361,-1095,1839.73315,1362.43286,-1095.68005
1839,1361,-1095,1839.94592,1362.60632,-1094.67578
1839,1361,-1095,1839.87646,1362.69702,-1094.51855
1839,1361,-1095,1838.20129,1362.43005,-1094.39832
1967,1152,-1041,1966.255,1163.95349,-1041.66699
1889,1152,-954,1888.255,1163.95569,-954.666992
1898,1159,-1243,1897.20422,1169.18408,-1242.39453
1977,1159,-1140,1976.20715,1169.2041,-1139.39062
1781,1161,-1245,1781.86475,1184.06262,-1244.4978
1692,1161,-1044,1692.95874,1353.93518,-1043.71582
1773,1161,-956,1773.73254,1177.40674,-956.680542
1692,1161,-1044,1692.73254,1177.41895,-1044.68066
1773,1161,-956,1773.04346,1185.33972,-956.999023
1781,1161,-1245,1780.95593,1240.6405,-1244.00098
1839,1361,-1095,1838.95593,1362.35693,-1094.00098
1977,1159,-1140,1976.00488,1175.19531,-1140.09766
1839,1361,-1095,1838.00867,1362.47571,-1095.13086
1681,699,-1015,1681.99707,739.105774,-1015.07599
1672,699,-1150,1672.99695,739.110596,-1150.07703
1794,699,-927,1794.60938,758.855042,-927.792725
1681,699,-1015,1681.60938,758.899353,-1015.79279
1794,699,-927,1793.93762,801.175537,-927.998047
2009,692,-1046,2008.21033,782.884705,-1046.61353
1924,692,-935,1923.20508,782.779419,-935.606689
2009,699,-1172,2008.00098,1074.54187,-1172.04297
1761,699,-1251,1761.13135,791.901978,-1250.00867
1672,699,-1150,1672.7511,811.701233,-1149.33984
1761,699,-1251,1761.75134,811.790283,-1250.34009
1898,1159,-1243,1898.1156,1177.49683,-1242.00671
1721,1154,-1143,1721.75134,1164.85535,-1142.34009
1721,1154,-1143,1721.99805,1163.30127,-1143.06152
1773,1161,-956,1773.61328,1207.29553,-956.789734
1773,1161,-956,1772.9375,1176.41443,-956.997986
1967,1152,-1041,1966.21021,1167.54663,-1041.61328
1967,1152,-1041,1966.00098,1162.64014,-1041.04297
1898,1159,-1243,1897.3313,1182.03735,-1242.25647
2009,692,-1046,2008.00488,742.267395,-1045.90137
1899,692,-1269,1898.29688,940.516724,-1268.28894
1899,692,-1269,1899.13123,770.246643,-1268.00867
1672,699,-1150,1672.75122,825.313232,-1149.33997
1672,699,-1150,1672.99902,783.30426,-1149.95605
1794,699,-927,1794.6582,732.617615,-927.752808
1794,699,-927,1793.86719,747.394714,-927.991089
2009,692,-1046,2008.2478,733.271118,-1046.65894
8,1361,2169,8.97504902,1362.63574,2168.77832
8,1361,2169,8.9088459,1362.50708,2169.41699
8,1361,2169,8.20501041,1362.4314,2169.97876
8,1361,2169,7.24801493,1362.6427,2169.65918
8,1361,2169,7.14733696,1362.5802,2169.52246
8,1361,2169,7.90129995,1362.57532,2168.00488
-103,1152,2254,-102.02578,1162.21021,2253.77441
-130,1152,2138,-129.024887,1162.20581,2137.77832
107,1159,2294,106.911705,1167.07703,2293.00391
-19,1159,2305,-19.097496,1167.0791,2304.00488
167,1161,2194,166.127319,1174.93994,2194.48828
36,1161,2017,35.2731247,1177.58508,2017.68677
-80,1161,2043,-79.7796707,1171.15784,2043.97534
36,1161,2017,36.2184067,1171.15527,2017.97583
-80,1161,2043,-79.1224594,1178.35754,2043.47949
167,1161,2194,166.13739,1197.09216,2193.49414
8,1361,2169,7.14510393,1362.35071,2168.4812
-19,1159,2305,-18.4753513,1173.7738,2304.14868
8,1361,2169,8.5553236,1362.61609,2168.16846
33,714,1974,33.3223991,1838.2887,1974.94653
-169,714,2159,-168.071121,792.956543,2159.37036
-123,714,2293,-122.055878,768.368591,2292.67041
-169,714,2159,-168.060944,768.358704,2158.65625
5,714,2356,5.42597675,770.173096,2355.09546
-123,714,2293,-122.577263,770.254456,2292.09375
144,714,2298,143.616608,827.539673,2297.07642
5,714,2356,4.59795666,827.651917,2355.08447
107,1159,2294,106.067566,1171.40344,2293.63867
108,1154,2091,107.057426,1162.39941,2091.33398
108,1154,2091,107.487839,1160.93433,2091.85889
-80,1161,2043,-79.675972,1176.62756,2043.94604
-80,1161,2043,-79.0786285,1172.65247,2043.38867
-103,1152,2254,-102.05571,1166.41357,2253.6709
-103,1152,2254,-102.585205,1162.00012,2253.09009
107,1159,2294,106.59388,1184.52747,2293.08618
-123,714,2293,-122.553001,769.149475,2292.10547
144,714,2298,143.609283,816.000671,2297.07959
-114,706,2024,-113.681725,1768.87939,2024.948
-114,706,2024,-113.078629,790.199829,2024.38867
-123,714,2293,-122.05571,767.058777,2292.6709
6,1361,-2158,5.0466156,1362.64941,-2157.69824
6,1361,-2158,5.12033081,1362.51001,-2158.47559
6,1361,-2158,5.76775074,1362.4668,-2158.97266
6,1361,-2158,6.55832577,1362.41382,-2158.82959
6,1361,-2158,6.96156931,1362.37744,-2158.27441
6,1361,-2158,6.13125849,1362.54272,-2157.00879
117,1152,-2243,116.047241,1163.8053,-2242.69629
153,1152,-2132,152.046082,1163.79346,-2131.69995
-93,1159,-2283,-92.8605881,1168.79199,-2282.00977
36,1159,-2301,36.1382675,1168.80432,-2300.00977
-153,1161,-2183,-152.027863,1177.53198,-2183.23438
-22,1161,-2006,-21.4749565,1199.25269,-2006.85107
94,1161,-2033,93.7715759,1176.24646,-2033.97351
-22,1161,-2006,-22.2227135,1176.2522,-2006.97485
94,1161,-2033,93.1402664,1182.64209,-2033.51074
-153,1161,-2183,-152.147339,1193.82788,-2182.47754
6,1361,-2158,6.84257078,1362.35083,-2157.46143
36,1159,-2301,35.414772,1174.5658,-2300.18921
6,1361,-2158,5.38101244,1362.47009,-2157.2146
-3,699,-1980,-2.55421829,738.408813,-1980.89514
-125,699,-2040,-124.572838,738.413757,-2040.90417
132,699,-2035,131.624649,758.378357,-2035.92688
-3,699,-1980,-3.38425112,758.334961,-1980.92322
132,699,-2035,131.095352,792.414978,-2035.42615
134,692,-2283,133.081131,780.291138,-2282.60547
189,692,-2153,188.081131,780.175659,-2152.60547
25,699,-2346,25.3223324,8847.73047,-2345.05347
-93,1159,-2283,-92.0985413,1175.61426,-2282.56714
-126,1154,-2070,-125.078629,1196.66467,-2070.38867
-126,1154,-2070,-125.553001,1171.22681,-2070.89453
94,1161,-2033,93.6307297,1197.8302,-2033.92932
94,1161,-2033,93.0984268,1174.39136,-2033.43262
117,1152,-2243,116.079453,1166.88867,-2242.60938
117,1152,-2243,116.498215,1162.91382,-2242.13501
-93,1159,-2283,-92.6757278,1180.146,-2282.0542
134,692,-2283,133.66478,742.99292,-2282.05786
-116,692,-2298,-115.702866,947.062012,-2297.04517
-116,692,-2298,-115.070724,774.005798,-2297.63062
-125,699,-2040,-124.05571,811.788391,-2040.3291
-125,699,-2040,-124.511055,778.83606,-2040.87231
132,699,-2035,131.67598,733.557983,-2035.94604
132,699,-2035,131.069565,746.388916,-2035.36646
134,692,-2283,133.052032,733.565674,-2282.68164
-1514,352,1490,-1513.16553,353.294647,1489.44897
