42,432,60,41.2685547,435.303284,60.6819
106,496,150,105.294838,499.393677,150.709045
106,496,150,105.610672,497.111572,150.921097
0,540,150,-0.380007982,541.080872,150.924957
0,540,150,0.392061621,541.086914,150.919937
0,540,150,0.380028039,541.078796,150.924973
-106,496,150,-105.298943,499.347321,150.713104
-106,496,150,-105.298935,499.425385,150.713074
42,330,42,41.5972939,331.066772,41.084671
0,330,60,-0.400007725,331.066498,59.0834885
0,330,60,-0.386007905,331.080872,59.077507
0,330,60,0.385989249,331.086884,59.0774994
-42,330,42,-41.6167603,331.087097,41.0763512
-42,330,42,-41.6167603,331.07489,41.0763512
60,330,0,59.077507,331.086884,-0.386007905
42,330,42,41.07864,331.087158,41.61129
42,330,42,41.0735207,331.07489,41.6236572
42,330,-42,41.0757103,331.066742,-41.618309
60,330,0,59.0782318,331.066528,0.387741268
60,330,0,59.0774994,331.080872,0.385989249
0,330,-60,-0.398007751,331.086884,-59.0826187
42,330,-42,41.604702,331.087189,-41.0814476
42,330,-42,41.6166611,331.07489,-41.0763931
-42,330,-42,-41.611763,331.066772,-41.0784416
0,330,-60,0.390989184,331.066559,-59.0796051
0,330,-60,0.378989339,331.080872,-59.0746002
-60,330,0,-59.0826111,331.086884,0.397989094
-42,330,-42,-41.0835876,331.087128,-41.5997658
-42,330,-42,-41.0776024,331.07489,-41.6137619
-42,330,42,-41.0806046,331.066833,41.6066666
-60,330,0,-59.0826187,331.066528,-0.398007751
-60,330,0,-59.0746078,331.080872,-0.379007995
0,423,150,-0.999062955,424.156403,149.956726
0,423,150,-0.999062955,424.156403,149.956726
0,423,665,-0.999062955,424.156403,664.956726
0,423,665,0.999949396,424.15744,664.993164
0,423,150,0.999949396,424.15744,149.992981
0,423,665,0.999949396,424.15744,664.993164
-30,-330,-30,-30.0125427,-321.432648,-29.0000801
30,-330,-30,29.9873447,-321.432648,-29.0000801
30,-330,-30,29.9873447,-321.432648,-29.0000801
30,-330,30,29.9564705,-321.440063,29.000948
-30,-330,30,-30.0435257,-321.440063,29.000948
-30,-330,30,-30.0435257,-321.440063,29.000948
-30,-330,30,-29.0000801,-321.432648,29.9873447
-30,-330,-30,-29.0000801,-321.432648,-30.0125427
-30,-330,-30,-29.0000801,-321.432648,-30.0125427
30,-330,30,29.000948,-321.440063,29.9564705
30,-330,30,29.000948,-321.440063,29.9564705
30,-330,-30,29.000948,-321.440063,-30.0435257
-120,225,545,-120.042526,225.69809,545.999084
120,225,545,119.957222,225.69809,545.999084
120,225,545,119.957222,225.69809,545.999084
-45,120,-45,-45.0125427,120.998268,-44.0000801
45,120,-45,44.9867554,120.998268,-44.0000877
45,120,-45,44.9867554,120.998268,-44.0000877
45,120,-45,44.0009499,120.997406,-45.0435257
45,120,45,44.0009499,120.997406,44.9564285
45,120,45,44.0009499,120.997406,44.9564285
45,120,45,44.9564285,120.997406,44.0009499
-45,120,45,-45.0435257,120.997406,44.0009499
-45,120,45,-45.0435257,120.997406,44.0009499
-45,120,45,-44.0000801,120.998268,44.9873466
-45,120,-45,-44.0000801,120.998268,-45.0125427
-45,120,-45,-44.0000801,120.998268,-45.0125427
276,-510,-665,275.195862,-505.072876,-665.594421
463,-1140,474,462.234528,-1073.40674,474.643463
572,-900,369,572.702698,-728.742188,369.711487
572,-900,369,572.702148,-844.96759,369.712006
598,-930,-480,598.999268,-929.366089,-479.961761
598,-930,-480,598.999084,-929.397827,-480.042267
598,-930,-665,598.999023,-929.397888,-665.042969
780,-840,-480,780.040466,-776.468628,-479.000824
525,-840,-478,525.040405,-776.489746,-477.000824
665,-413,276,665.911682,-412.416077,276.410797
504,-421,438,504.992889,-420.521423,438.118652
635,-436,247,635.985229,-432.242554,247.170959
665,-420,212,665.916565,-418.810822,212.39975
623,-773,-318,623.74762,-772.145752,-318.664124
598,-780,-505,597.957947,-728.628723,-504.000885
-276,-896,665,-276.042267,-895.431091,665.999023
-276,-896,665,-276.042267,-895.339355,665.999023
209,-896,665,208.955826,-895.339355,665.999023
-665,-1133,138,-665.999512,-1132.21716,138.029236
-665,-1137,-276,-665.703125,-1136.36719,-276.710938
-665,-1137,-276,-665.733398,-1136.51196,-276.679565
-267,-488,632,-266.398773,-482.856049,632.799072
-665,-507,276,-665.703247,-506.341003,276.710938
-665,-507,276,-665.702271,-506.396545,276.711884
-665,-507,276,-665.999207,-506.480865,276.039368
-665,-510,-276,-665.999146,-509.529175,-275.959686
276,-510,-665,275.957245,-509.383728,-665.999084
-267,-326,632,-266.008942,-318.362762,632.133423
-230,-326,632,-230.820038,-248.370407,632.572266
783,-780,-639,783.041138,-700.096008,-639.999146
598,-780,-641,598.041138,-700.007996,-641.999146
-276,350,665,-276.042267,351.503632,665.999084
-30,350,665,-30.0425262,351.503632,665.999084
-276,350,665,-276.074829,350.930817,665.997192
30,350,665,29.9572201,351.002258,665.999084
30,350,665,29.9572201,351.002258,665.999084
120,350,665,119.957222,351.002258,665.999084
315,-360,626,315.645386,-358.141602,626.763855
315,-360,626,315.707153,-358.435516,626.707031
276,-360,665,276.707153,-358.435516,665.707031
461,-720,-480,461.042542,-716.817993,-479.000916
483,-720,-458,483.462189,-714.59198,-458.88678
483,-720,-458,483.696747,-714.577942,-458.717316
461,-720,-480,461.693115,-714.578308,-480.720825
-461,-1080,-480,-461.193848,-1072.70862,-479.018982
1483,-165,1826,1482.32129,-164.15947,1826.73438
1455,-165,1800,1454.32129,-164.15979,1800.73438
1305,-165,1800,1304.95593,-164.451126,1800.99902
1455,-165,1800,1454.95593,-164.451126,1800.99902
1305,-165,1680,1304.00098,-164.454834,1679.95593
1305,-165,1800,1304.00098,-164.454834,1799.95593
1305,-540,833,1304.00098,-538.611694,832.955872
1305,-540,870,1304.00098,-538.611694,869.955872
1785,-690,1500,1785.9989,-688.822998,1499.95508
1785,-690,1463,1785.9989,-688.822998,1462.95508
1759,-210,1725,1759.48914,-63.0487671,1724.12781
1785,-163,1800,1785.99902,-162.384399,1800.04248
1635,-165,1800,1635.36304,-164.019745,1800.93176
1309,-14,602,1308.41895,2779.58179,601.186157
1305,-540,690,1304.00098,-538.720276,689.955872
1305,-540,712,1304.00098,-538.720276,711.955872
1305,-540,712,1304.95593,-533.950256,711.000977
900,-485,637,899.386475,-438.648468,637.789673
780,-480,480,779.955872,-458.278625,479.000977
959,-484,476,959.603638,-450.429749,475.202759
1875,-165,1920,1874.95593,-164.397995,1919.00098
1627,-165,1920,1626.95593,-164.397995,1919.00098
1627,-165,1920,1627.74329,-164.169159,1919.33105
1875,-165,1920,1875.99902,-164.452255,1919.95593
1724,-184,2618,1724.99902,-181.210098,2617.95605
1724,-184,2648,1724.99902,-181.210098,2647.95605
1803,-159,2618,1802.92358,-157.792297,2618.99707
1875,-165,2648,1874.93762,-164.054428,2647.00195
1711,-265,2648,1710.95508,-263.025604,2647.00122
1670,-265,2648,1669.95508,-263.025604,2647.00122
1711,-265,2618,1710.95593,-262.847351,2618.99902
1670,-265,2618,1669.95593,-262.847351,2618.99902
2300,-530,-220,2300.7002,-295.356506,-220.713928
2279,-530,-198,2278.26611,-299.054718,-198.679199
2300,-530,-220,2299.26685,-298.997955,-220.680038
1776,-780,-1040,1776.6969,-774.427307,-1040.71716
1803,-780,-1014,1803.69629,-774.426636,-1014.71765
1379,-780,-589,1379.69629,-779.482483,-588.282288
1803,-780,-1014,1803.69629,-779.479919,-1013.28229
1379,-780,-589,1379.70911,-779.405029,-588.294922
1379,-780,-589,1378.28235,-776.855286,-588.30365
1352,-780,-616,1351.28235,-776.855286,-615.30365
1271,-780,-697,1270.90076,-761.370972,-697.995056
1651,-473,-856,1651.69751,-472.334076,-855.283447
1226,-476,-742,1225.3208,-475.382111,-741.266052
1226,-476,-742,1225.3009,-475.407715,-741.284973
1379,-476,-595,1378.30078,-475.408691,-594.285095
1226,-476,-742,1225.63232,-473.475006,-741.070068
1452,-630,-1365,1452.69714,-595.134277,-1365.71692
1501,-630,-1335,1500.28284,-544.169922,-1334.3031
1461,-550,-1374,1460.30078,-493.256073,-1373.28516
1601,-530,-1236,1600.29102,-511.340118,-1235.2948
-2340,-435,-314,-2340.04199,-433.913422,-313.000885
-2310,-435,-314,-2310.04199,-433.913422,-313.000885
-2310,-435,-314,-2309.76367,-433.836639,-313.028351
-2310,-435,-288,-2310.07642,-432.572174,-288.99707
-2340,-435,-286,-2340.06177,-432.572998,-286.998077
-2310,-435,-288,-2309.83838,-433.844696,-288.986847
-2310,-435,-288,-2309.86523,-433.748108,-288.990875
-2340,-435,-900,-2340.99902,-434.526062,-900.042969
-2310,-450,-885,-2310.99902,-320.659546,-885.042969
-2015,-454,-318,-2015.99902,-450.869507,-318.042267
-2015,-454,-288,-2015.99902,-450.869507,-288.042267
-2015,-454,-318,-2015.58301,-449.288727,-317.187561
-2000,-578,-287,-1999.9552,-576.104004,-287.998993
-1961,-580,-284,-1961.04297,-577.711853,-284.999054
-1961,-579,-318,-1961.04199,-577.27655,-317.000885
-2000,-578,-319,-2000.04199,-576.084717,-318.000885
-2310,-480,-855,-2310.4668,-184.601517,-855.884338
-2310,-480,-855,-2310.99902,-350.465485,-855.042969
-2310,-450,-885,-2310.99902,-285.727875,-885.042969
-2310,-450,-885,-2310.42456,-76.1605988,-884.094604
-1980,-610,-855,-1980.04395,-608.258667,-855.998962
-1980,-610,-855,-1980.04297,-608.529724,-855.998962
-2309,-610,-855,-2309.04297,-608.529724,-855.998962
-2309,-610,-885,-2309.04297,-608.502686,-884.000977
-2309,-610,-885,-2309.04297,-608.266968,-884.000977
-1980,-610,-885,-1980.04297,-608.266968,-884.000977
-1425,-610,-495,-1424.07617,-608.119812,-495.38269
-1417,-863,-112,-1416.07483,-861.058777,-112.379486
-1417,-863,-112,-1416.06323,-861.138794,-112.349876
-1425,-863,-134,-1424.06311,-861.138794,-134.349609
-1425,-610,-495,-1425.04297,-609.299133,-495.999054
-1425,-610,-495,-1425.04297,-609.299133,-495.999054
-1395,-610,-495,-1395.04297,-609.299133,-495.999054
-1395,-610,-855,-1395.94067,-607.970276,-854.660706
-1403,-610,-877,-1403.94128,-607.970276,-876.662415
-1380,-862,-181,-1380.95105,-859.584717,-181.30896
-1425,-610,-495,-1424.00098,-607.980347,-495.042267
-1425,-610,-495,-1424.00098,-608.58429,-495.042267
-1425,-610,-855,-1424.00098,-608.58429,-855.042969
-1425,-610,-855,-1424.95874,-608.59314,-855.999146
-1425,-610,-855,-1425.04297,-608.2995,-855.998962
-1680,-610,-855,-1680.04297,-608.2995,-855.998962
-1425,-610,-885,-1425.04297,-608.266968,-884.000977
-1680,-610,-885,-1680.04297,-608.266968,-884.000977
-1320,-863,-104,-1320.04297,-861.000732,-104.999062
-1320,-863,-134,-1320.0752,-861.032104,-133.002838
-1320,-863,-134,-1320.04199,-861.458679,-133.000885
-1395,-863,-134,-1395.04199,-861.458679,-133.000885
-1919,-915,-85,-1919.04297,-867.95166,-85.9990692
-1919,-915,-85,-1919.04297,-867.95166,-85.9990692
-1741,-915,-85,-1741.04297,-867.95166,-85.9990692
-1741,-915,-85,-1741.70605,-865.573608,-85.7081528
-1741,-915,-85,-1741.71118,-870.986877,-85.7029953
-1616,-915,-211,-1616.70557,-871.062378,-211.708618
-1616,-915,-211,-1616.99902,-866.960632,-211.042267
-1616,-915,-211,-1616.99902,-866.960632,-211.042267
-1616,-915,-388,-1616.99902,-866.960632,-388.042267
-1616,-915,-388,-1616.70459,-867.386169,-387.290405
-1616,-915,-388,-1616.70215,-870.823669,-387.287994
-1741,-915,-513,-1741.71399,-870.823669,-512.299866
-1741,-915,-513,-1741.04297,-873.857544,-512.000977
-1741,-915,-513,-1741.04297,-873.857544,-512.000977
-1919,-915,-513,-1919.04297,-873.857544,-512.000977
-1919,-915,-513,-1918.29993,-869.405884,-512.28595
-1919,-915,-513,-1918.30078,-866.920593,-512.285095
-2044,-915,-388,-2043.29639,-866.914734,-387.289429
-2044,-915,-388,-2043.00098,-869.335388,-388.042267
-2044,-915,-388,-2043.00098,-869.335388,-388.042267
-2044,-915,-211,-2043.00098,-869.335388,-211.042267
-2044,-915,-211,-2043.2959,-871.48761,-211.710098
-2044,-915,-211,-2043.29797,-867.413086,-211.712082
-1919,-915,-85,-1918.29236,-867.330444,-85.7065582
-1699,-750,-245,-1699.99902,-748.01709,-245.042267
-1699,-750,-245,-1699.99902,-748.01709,-245.042267
-1699,-750,-354,-1699.99902,-748.01709,-354.042267
-1699,-750,-354,-1699.70215,-747.99408,-353.287994
-1699,-750,-354,-1699.70447,-747.995422,-353.290283
-1776,-750,-430,-1776.70422,-747.994751,-429.290039
-1776,-750,-430,-1776.04199,-747.99823,-429.000885
-1776,-750,-430,-1776.04199,-747.99823,-429.000885
-1884,-750,-430,-1884.04199,-747.99823,-429.000885
-1884,-750,-430,-1883.29395,-747.94635,-429.29187
-1884,-750,-430,-1883.2959,-748.079529,-429.289917
-1961,-750,-354,-1960.2959,-748.078979,-353.289917
-1961,-750,-354,-1960.00098,-747.985046,-354.042267
-1961,-750,-354,-1960.00098,-747.985046,-354.042267
-1961,-750,-245,-1960.00098,-747.985046,-245.042267
-1961,-750,-245,-1960.29785,-747.967102,-245.711975
-1961,-750,-245,-1960.29797,-747.962952,-245.712082
-1884,-750,-168,-1883.29797,-747.962952,-168.712112
-1884,-750,-168,-1884.04297,-748.00354,-168.999069
-1884,-750,-168,-1884.04297,-748.00354,-168.999069
-1776,-750,-168,-1776.04297,-748.00354,-168.999069
-1776,-750,-168,-1776.70569,-747.934631,-168.708511
-1776,-750,-168,-1776.70422,-747.995422,-168.7099
-1699,-750,-245,-1699.7002,-747.995422,-245.713928
225,-394,1613,224.000931,-392.273804,1612.95691
586,-57,1050,585.955872,-56.0341072,1049.00098
423,-57,1050,422.955841,-56.0341072,1049.00098
393,-57,1050,392.955841,-56.3819618,1049.00098
180,-57,1050,179.955826,-56.3819618,1049.00098
195,-394,1081,195.999115,-392.281555,1080.95801
225,-394,1081,224.000931,-392.273804,1080.95691
225,-394,1363,224.000931,-392.273804,1362.95691
225,-103,1076,224.127792,13.3114214,1075.51086
541,-103,1076,541.86792,14.0022612,1075.5033
571,-394,1081,570.000977,-392.267487,1080.95593
541,-394,1135,541.999023,-392.288177,1134.95593
541,-394,1081,541.999023,-392.288177,1080.95593
523,-394,1558,523.999023,-392.28775,1557.95593
523,-394,1385,523.999023,-392.28775,1384.95593
553,-394,1558,552.000977,-392.267792,1557.95593
-376,-394,1215,-376.042267,-392.255646,1214.00098
-489,-394,1215,-489.042267,-392.255646,1214.00098
-346,-394,1185,-346.999023,-392.284454,1184.95593
-346,-394,1081,-346.999023,-392.284454,1080.95593
-541,-394,1266,-541.999023,-392.288177,1265.95593
-573,-394,1314,-572.000977,-392.251007,1314.04407
-571,-394,1266,-570.000977,-392.251495,1266.04395
-556,22,1379,-555.000977,22.6093388,1378.95593
-556,22,1379,-556.999023,22.5902271,1378.95593
-556,22,1379,-556.999023,22.5902271,1378.95593
-556,22,1356,-556.999023,22.5902271,1355.95593
-346,305,1076,-346.826202,548.088562,1075.43665
-376,335,1076,-376.042267,476.361542,1075.00098
-536,3,1340,-536.871582,7.50907946,1340.49023
85,475,1770,84.0009308,477.42691,1769.95691
85,475,1770,84.0009308,477.42691,1769.95691
85,475,1920,84.0009308,477.42691,1919.95691
-85,475,1920,-84.0000839,477.428986,1919.98706
-85,475,1770,-84.0000839,477.428986,1769.98706
-85,475,1920,-84.0000839,477.428986,1919.98706
0,424,1050,-0.99904567,425.109497,1049.95642
0,424,1050,-0.99904567,425.109497,1049.95642
0,424,1770,-0.99904567,425.109497,1769.95642
0,424,1770,0.999948919,425.110504,1769.99316
0,424,1050,0.999948919,425.110504,1049.99316
0,424,1770,0.999948919,425.110504,1769.99316
0,424,1920,-0.99904567,425.109497,1919.95642
0,424,2280,-0.99904567,425.109497,2279.95654
0,424,1920,-0.99904567,425.109497,1919.95642
0,424,2280,0.999948919,425.110504,2279.99316
0,424,2280,0.999948919,425.110504,2279.99316
0,424,1920,0.999948919,425.110504,1919.99316
-60,225,1050,-60.0425262,225.658966,1049.00098
-60,225,1050,-60.0425262,225.658966,1049.00098
60,225,1050,59.9558182,225.658966,1049.00098
440,165,1260,439.955841,166.082169,1259.00098
381,165,1260,380.955841,166.082169,1259.00098
440,165,1260,439.955841,166.082169,1259.00098
-680,105,2160,-680.042969,106.019554,2160.99902
-440,105,2160,-440.042267,106.019554,2160.99902
-680,105,2160,-680.042969,106.019554,2160.99902
-204,-394,1656,-204.930237,-392.18277,1656.36694
-195,-394,1678,-195.930145,-392.183167,1678.36719
-225,-394,1779,-224.000931,-392.240723,1778.95691
-225,-394,1648,-225.042267,-392.61618,1648.99902
-525,-394,1648,-525.042969,-392.61618,1648.99902
-225,-394,1678,-225.042267,-392.467621,1677.00098
-525,-394,1678,-525.042969,-392.467621,1677.00098
-556,22,1651,-556.999023,22.5902271,1650.95593
-556,22,1628,-556.999023,22.5902271,1627.95593
-556,11,1676,-555.463867,13.7983828,1675.15588
-556,11,1676,-556.550781,13.8277454,1675.16541
3445,-510,-1320,3445.0437,-509.380859,-1320.99902
3464,-525,-1294,3464.81885,-270.82251,-1294.57385
3464,-525,-1294,3463.92285,-387.344696,-1294.99695
3765,-300,-807,3765.99878,-299.474213,-807.042969
3765,-300,-740,3765.99878,-299.474213,-740.042969
3610,-300,-740,3610.34961,-298.973328,-739.06311
3761,-510,-1316,3761.99902,-509.415863,-1316.04297
3765,-510,-1087,3765.99902,-509.416992,-1087.04297
3629,15,-452,3629.125,106.333847,-451.007874
3573,-42,-420,3573.76343,-5.69705439,-419.354126
3595,-42,-446,3595.76367,-5.68852568,-445.354401
3214,-276,-1055,3213.00098,-274.684509,-1055.04297
3214,-276,-905,3213.00098,-274.684509,-905.042969
3214,-276,-1055,3213.00098,-274.684509,-1055.04297
3066,-276,-905,3066.99902,-274.61203,-905.042969
3066,-276,-905,3066.99902,-274.61203,-905.042969
3066,-276,-1055,3066.99902,-274.61203,-1055.04297
3670,-540,-710,3669.95508,-539.002686,-709.001038
3670,-540,-710,3669.95508,-539.002686,-709.001038
3765,-540,-710,3764.95508,-539.002686,-709.001038
2655,-480,349,2654.95801,-473.15506,349.999115
2655,-480,349,2654.95801,-473.15506,349.999115
2685,-480,349,2684.95801,-473.15506,349.999115
2685,-480,413,2684.95654,-473.085693,412.000946
2685,-480,413,2684.95654,-473.085693,412.000946
2655,-480,413,2654.95654,-473.085693,412.000946
2640,-450,353,2639.95728,-443.165161,353.999084
2640,-450,353,2639.95801,-442.431183,353.999115
2655,-450,353,2654.95801,-442.431183,353.999115
2685,-450,353,2685.06079,-442.23877,353.998138
2685,-450,353,2684.95801,-442.9617,353.999115
2700,-450,353,2699.95801,-442.9617,353.999115
2700,-450,409,2700.04199,-442.810883,408.000885
2700,-450,409,2699.95654,-442.508301,408.000946
2685,-450,409,2684.95654,-442.508301,408.000946
2655,-450,409,2654.92188,-442.764557,408.003082
2655,-450,409,2654.95654,-442.952332,408.000946
2640,-450,409,2639.95654,-442.952332,408.000946
3084,-272,412,3083.93652,-264.796814,411.002045
3084,-272,412,3083.95654,-264.948395,411.000946
3069,-272,412,3068.95654,-264.948395,411.000946
3129,-272,412,3129.04199,-264.759491,411.000885
3129,-272,412,3128.95654,-264.524597,411.000946
3114,-272,412,3113.95654,-264.524597,411.000946
3114,-272,356,3114.06055,-264.190979,356.998138
3114,-272,356,3113.95801,-264.957764,356.999115
3129,-272,356,3128.95801,-264.957764,356.999115
3069,-272,356,3068.95801,-265.179932,356.999115
3069,-272,356,3068.95801,-264.446777,356.999115
3084,-272,356,3083.95801,-264.446777,356.999115
3114,-302,416,3113.95654,-295.070404,415.000946
3114,-302,416,3113.95654,-295.070404,415.000946
3084,-302,416,3083.95654,-295.070404,415.000946
3084,-302,352,3083.95801,-295.140228,352.999115
3084,-302,352,3083.95801,-295.140228,352.999115
3114,-302,352,3113.95801,-295.140228,352.999115
3158,-480,780,3158.99902,-473.413391,779.955872
3158,-480,780,3158.99902,-473.413391,779.955872
3158,-480,750,3158.99902,-473.413391,749.955872
3222,-480,750,3221.00098,-472.827576,749.955872
3222,-480,750,3221.00098,-472.827576,749.955872
3222,-480,780,3221.00098,-472.827576,779.955872
3162,-450,795,3162.99951,-442.679871,795.029419
3162,-450,795,3162.99902,-442.149506,794.955872
3162,-450,780,3162.99902,-442.149506,779.955872
3162,-450,750,3162.99707,-442.485931,749.923523
3162,-450,750,3162.99902,-442.997803,749.955872
3162,-450,735,3162.99902,-442.997803,734.955872
3218,-450,735,3217.00098,-443.294434,734.955872
3218,-450,735,3217.00098,-442.792297,734.955872
3218,-450,750,3217.00098,-442.792297,749.955872
3218,-450,780,3217.00195,-442.515533,780.061401
3218,-450,780,3217.00098,-442.915985,779.955872
3218,-450,795,3217.00098,-442.915985,794.955872
2381,30,1000,2380.00049,30.5887432,1000.02393
2413,12,1000,2412.00049,30.4473877,1000.02295
2411,12,825,2410.00073,30.438097,825.03363
3123,-132,1035,3122.95605,-130.222748,1035.99902
3407,-134,1035,3406.95605,-132.110001,1035.99902
3088,-7,1020,3088.55176,86.9548569,1020.83398
3123,20,1035,3122.59668,103.258385,1035.91504
2411,12,825,2410.00073,31.0786572,825.037354
3407,-134,1035,3407.84424,-95.1860352,1035.53589
3417,-134,1019,3417.84424,-95.1676025,1019.53595
3453,-134,1019,3452.13135,43.2397079,1019.49512
3472,-134,1051,3471.13184,43.3627777,1051.49597
3416,-190,1019,3416.99902,-187.929306,1018.95587
3416,-190,1019,3416.99951,-188.485321,1019.02856
3420,-190,660,3420.99951,-188.492249,660.019653
3450,-190,660,3449.00098,-188.555939,659.955872
3450,-190,1019,3449.00098,-188.555939,1018.95587
3450,-190,660,3449.00049,-188.329422,660.026794
2610,90,120,2609.95703,90.8830414,119.000931
3450,67,146,3449.09717,212.347504,145.570007
3420,-190,150,3420.99902,-188.533463,149.955826
3450,-190,150,3449.00098,-188.677032,149.955826
3450,-190,410,3449.00098,-188.677032,409.955841
-157,-1005,1862,-157.967728,-1000.73242,1862.25195
-151,-1005,1885,-151.965668,-1000.73322,1885.25977
-196,-1151,1835,-196.279297,-1149.91467,1835.96008
-171,-1151,1842,-171.279251,-1149.91479,1842.96021
-239,-1151,1860,-238.292999,-1150.24805,1860.70703
-221,-1151,1842,-220.294006,-1150.24805,1842.70801
-235,-1005,1862,-234.288101,-1000.59772,1862.70227
-219,-1005,1846,-218.291,-1000.59772,1846.7052
-219,-1005,1924,-218.272903,-1000.2854,1923.31348
-235,-1005,1907,-234.27301,-1000.28656,1906.31335
-196,-1005,1930,-196.26886,-1000.49957,1929.03687
-174,-1005,1924,-174.26886,-1000.49847,1923.03687
-171,-1151,1928,-171.219513,-1149.9657,1927.02441
-196,-1151,1934,-196.25174,-1149.96619,1933.03223
-151,-1005,1885,-151.963516,-1000.49445,1884.73242
-157,-1005,1907,-157.963501,-1000.49365,1906.73242
-147,-1151,1885,-147.97258,-1149.90198,1884.76758
-153,-1151,1910,-153.974579,-1149.90161,1909.77637
-174,-1005,1846,-174.26886,-1000.68994,1846.96313
-196,-1005,1840,-196.26886,-1000.69049,1840.96313
-440,-1033,1601,-440.972656,-1030.48486,1601.23218
-457,-989,1662,-457.978729,-987.548218,1662.20508
-467,-989,1615,-467.977692,-987.546997,1615.20984
-440,-1033,1601,-440.776642,-1030.38562,1601.62988
-499,-989,1579,-499.749939,-987.502319,1579.6615
-467,-989,1615,-467.74939,-987.50293,1615.66211
530,-1263,1465,529.000977,-1261.35632,1464.95593
530,-1263,1703,529.000977,-1261.35632,1702.95593
500,-925,2200,499.955841,-924.292603,2200.99902
500,-925,2200,500.950378,-922.842041,2200.31055
500,-885,2260,500.186249,-883.526489,2260.98242
500,-885,2260,499.955841,-884.315735,2260.99902
530,-885,2260,529.955872,-884.315735,2260.99902
530,-885,2260,529.955872,-884.315735,2260.99902
485,-885,2260,484.955841,-883.135498,2260.99902
500,-885,2260,499.955841,-883.135498,2260.99902
530,-885,2290,529.955872,-883.040344,2289.00098
485,-885,2290,484.955841,-883.040344,2289.00098
530,-885,2290,529.955872,-883.040344,2289.00098
530,-885,2260,529.000977,-884.183472,2259.95605
530,-885,2290,529.000977,-884.183472,2289.95605
545,-925,2254,544.052856,-922.879517,2254.3208
530,-885,2260,529.0354,-882.417847,2260.26367
545,-897,2296,544.035217,-894.416748,2296.26294
530,-885,2290,529.955872,-883.040344,2289.00098
123,-885,2260,122.955818,-883.135498,2260.99902
485,-885,2290,484.955841,-883.040344,2289.00098
123,-885,2010,122.000931,-883.287842,2009.95691
123,-885,2260,122.000931,-883.287842,2259.95703
93,-885,2010,93.9999084,-882.989014,2009.98657
-181,-1439,1491,-181.999008,-1436.96533,1490.95557
93,-885,1760,93.9999084,-883.419983,1759.98657
93,-885,1482,93.9999084,-883.419983,1481.98657
123,-885,1464,122.000931,-883.287842,1463.95691
630,350,-1835,630.423828,378.302368,-1834.09436
599,350,-1820,599.423828,378.316467,-1819.09436
599,350,-1790,599.424011,378.778534,-1790.90564
630,350,-1775,630.424438,378.764435,-1775.9054
604,600,-1820,604.999023,649.540466,-1820.04358
599,350,-1790,598.955872,351.707092,-1790.99902
431,350,-1790,430.955841,351.707092,-1790.99902
599,350,-1790,599.031372,351.7005,-1790.99939
431,350,-1820,431.02182,351.752289,-1819.00024
431,350,-1820,430.955719,351.655975,-1819.0011
599,350,-1820,598.955078,351.655975,-1819.0011
630,600,-1835,630.488281,701.21405,-1834.12732
604,600,-1820,604.501953,701.189636,-1819.13513
-389,75,-1291,-389.042267,122.645752,-1291.99902
-389,75,-1291,-389.042267,122.645752,-1291.99902
-211,75,-1291,-211.042267,122.645752,-1291.99902
-211,75,-1291,-211.711975,123.59623,-1291.70215
-211,75,-1291,-211.712494,118.57859,-1291.70166
-86,75,-1417,-86.7061615,118.50312,-1417.70801
-86,75,-1417,-86.9990692,121.865372,-1417.04297
-86,75,-1417,-86.9990692,121.865372,-1417.04297
-86,75,-1594,-86.9990692,121.865372,-1594.04297
-86,75,-1594,-86.7042923,122.6492,-1593.29016
-86,75,-1594,-86.7042923,122.6492,-1593.29016
-211,75,-1719,-211.710281,122.6492,-1718.29614
-211,75,-1719,-211.042267,120.69445,-1718.00098
-211,75,-1719,-211.042267,120.69445,-1718.00098
-389,75,-1719,-389.042267,120.69445,-1718.00098
-389,75,-1719,-388.288116,122.460968,-1718.29773
-389,75,-1719,-388.288116,122.460968,-1718.29773
-514,75,-1594,-513.301758,122.455086,-1593.28418
-514,75,-1594,-513.000977,121.47554,-1594.04297
-514,75,-1594,-513.000977,121.47554,-1594.04297
-514,75,-1417,-513.000977,121.47554,-1417.04297
-514,75,-1417,-513.301758,119.426857,-1417.71582
-514,75,-1417,-513.298889,122.583282,-1417.71301
-389,75,-1291,-388.289062,122.665871,-1291.70325
-169,240,-1451,-169.999069,241.980804,-1451.04297
-169,240,-1451,-169.999069,241.980804,-1451.04297
-169,240,-1559,-169.999069,241.980804,-1559.04297
-169,240,-1559,-169.712128,242.012085,-1558.29797
-169,240,-1559,-169.712128,242.012085,-1558.29797
-246,240,-1636,-246.710083,242.012222,-1635.2959
-246,240,-1636,-246.042267,241.996552,-1635.00098
-246,240,-1636,-246.042267,241.996552,-1635.00098
-354,240,-1636,-354.042267,241.996552,-1635.00098
-354,240,-1636,-353.288574,242.028992,-1635.29724
-354,240,-1636,-353.288574,242.028992,-1635.29724
-431,240,-1559,-430.292999,242.028732,-1558.29285
-431,240,-1559,-430.000885,241.986099,-1559.04199
-431,240,-1559,-430.000885,241.986099,-1559.04199
-431,240,-1451,-430.000885,241.986099,-1451.04199
-431,240,-1451,-430.291016,241.961197,-1451.7052
-431,240,-1451,-430.288971,241.945282,-1451.70312
-354,240,-1374,-353.288971,241.945282,-1374.70312
-354,240,-1374,-354.042267,241.970215,-1374.99902
-354,240,-1374,-354.042267,241.970215,-1374.99902
-246,240,-1374,-246.042267,241.970215,-1374.99902
-246,240,-1374,-246.71199,242.010208,-1374.70215
-246,240,-1374,-246.711975,241.985947,-1374.70215
-169,240,-1451,-169.711975,241.985947,-1451.70215
211,75,-1591,210.955826,122.840309,-1591.99902
211,75,-1591,210.955826,122.840309,-1591.99902
389,75,-1591,388.955841,122.840309,-1591.99902
389,75,-1591,388.286072,123.499176,-1591.7002
389,75,-1591,388.286072,118.371048,-1591.7002
514,75,-1717,513.285095,118.298279,-1717.69922
514,75,-1717,513.000977,121.47554,-1717.04297
514,75,-1717,513.000977,121.47554,-1717.04297
514,75,-1894,513.000977,121.47554,-1894.04297
514,75,-1894,513.28241,122.355087,-1893.30359
514,75,-1894,513.28241,122.355087,-1893.30359
389,75,-2019,388.286072,122.36097,-2018.2998
389,75,-2019,388.955841,120.499893,-2018.00098
389,75,-2019,388.955841,120.499893,-2018.00098
211,75,-2019,210.955826,120.499893,-2018.00098
211,75,-2019,211.705276,122.555084,-2018.29114
211,75,-2019,211.705276,122.555084,-2018.29114
86,75,-1894,86.7101593,122.555084,-1893.29602
86,75,-1894,86.9999161,121.905075,-1894.0127
86,75,-1894,86.9999161,121.905075,-1894.0127
86,75,-1717,86.9999161,121.905075,-1717.0127
86,75,-1717,86.7081985,119.62928,-1717.70593
86,75,-1717,86.7082062,122.521332,-1717.70593
211,75,-1591,211.70813,122.59803,-1591.70593
431,240,-1751,430.000946,241.985962,-1751.04297
431,240,-1751,430.000946,241.985962,-1751.04297
431,240,-1859,430.000946,241.985962,-1859.04297
431,240,-1859,430.286194,242.037109,-1858.29968
431,240,-1859,430.286194,242.037109,-1858.29968
354,240,-1936,353.286072,242.037109,-1935.2998
354,240,-1936,353.955841,241.999268,-1935.00098
354,240,-1936,353.955841,241.999268,-1935.00098
246,240,-1936,245.955826,241.999268,-1935.00098
246,240,-1936,246.702179,242.020615,-1935.28809
246,240,-1936,246.702179,242.020615,-1935.28809
169,240,-1859,169.703186,242.020615,-1858.28906
169,240,-1859,169.999115,241.980896,-1859.04199
169,240,-1859,169.999115,241.980896,-1859.04199
169,240,-1751,169.999115,241.980896,-1751.04199
169,240,-1751,169.709061,241.933319,-1751.70508
169,240,-1751,169.709366,241.920532,-1751.70483
246,240,-1674,246.707397,241.920532,-1674.70679
246,240,-1674,245.955826,241.967484,-1674.99902
246,240,-1674,245.955826,241.967484,-1674.99902
354,240,-1674,353.955841,241.967484,-1674.99902
354,240,-1674,353.286194,241.996262,-1674.70032
354,240,-1674,353.286072,241.986755,-1674.7002
431,240,-1751,430.286072,241.986755,-1751.7002
-332,-167,4124,-331.590057,-165.684631,4123.08789
-154,-43,4152,-153.225708,-41.7989388,4151.36719
160,-43,4152,159.419098,-40.9491348,4151.18604
176,-228,4245,175.558914,-226.957199,4244.10254
-254,-47,4033,-253.000885,-45.4836578,4032.95801
-254,-47,3778,-253.000885,-45.4836578,3777.95801
-145,-44,3639,-144.205627,-42.8975487,3639.60742
188,-99,3607,187.091324,-97.0127716,3607.41748
361,-246,3839,360.016144,-245.139038,3839.17896
10,-137,3139,9.95581722,-135.734894,3139.99902
-83,-40,3316,-82.0020218,-37.2837219,3315.93652
-83,-40,3316,-82.0050964,-37.8655548,3316.10083
-89,-86,3177,-88.8176498,-84.3955765,3177.98315
-89,-86,3177,-88.4648056,-84.0364609,3177.84473
-83,-40,3316,-82.0148849,-38.5310135,3316.17188
10,-92,3153,10.0401096,-88.7526932,3153.99902
-81,-133,3145,-80.9655685,-131.819504,3145.99927
-81,-133,3145,-80.4148712,-131.401855,3145.81079
-75,-186,3101,-74.1653519,-161.970474,3101.55078
88,-40,3316,87.0038757,-38.0100746,3316.08789
88,-40,3316,87.0080643,-37.5800095,3315.87329
88,-40,3316,87.0267487,-38.7676392,3316.22974
101,-133,3145,100.398781,-131.402328,3145.79907
1,-33,3421,0.165350407,-32.4925461,3420.44922
95,-86,3177,94.3942566,-84.4041138,3177.79565
95,-86,3177,94.7675781,-84.6197205,3177.97241
101,-133,3145,100.955818,-131.819504,3145.99902
10,-92,3153,9.95581722,-88.7518692,3153.99902
180,-193,3449,179.000931,-134.276093,3449.04297
95,-186,3101,94.1695786,-161.973358,3101.55713
180,-193,3449,179.095291,-188.237854,3449.42603
-164,-193,3449,-163.132294,-189.022476,3449.49707
-164,-193,3449,-163.000916,-155.311584,3449.04272
-173,-228,4245,-172.590057,-226.960556,4244.08789
-237,-200,3597,-236.091095,-196.918381,3597.41699
-359,-234,3839,-358.060944,-232.957413,3839.34375
361,-246,3839,360.393951,-245.383209,3839.79541
240,-200,3597,239.084091,-196.421371,3597.40137
-332,-167,4124,-331.010864,-166.035248,4124.14697
-359,-234,3839,-358.008911,-233.167923,3839.13306
120,-210,2700,119.955818,-209.346161,2699.00098
-120,-210,2700,-120.042526,-209.346161,2699.00098
-120,-210,2700,-120.042526,-209.346161,2699.00098
434,127,1196,433.000946,189.851898,1195.95654
434,127,1226,433.000946,189.851898,1225.95654
201,127,1196,200.955826,128.246796,1196.99902
434,127,1226,433.955841,128.757767,1225.00098
174,127,1050,173.000931,128.517929,1050.04297
175,127,1181,174.000854,128.516724,1181.04102
423,-57,1050,422.02298,-54.9054642,1049.78687
393,-57,1050,393.977783,-54.9002495,1049.79041
-160,165,1260,-159.000885,165.995865,1259.95801
-160,165,1050,-159.000885,165.995865,1049.95801
-160,165,1050,-159.000885,165.995865,1049.95801
120,165,1260,119.955818,165.984756,1259.00098
-160,165,1260,-160.042267,165.984756,1259.00098
-160,165,1260,-160.042267,165.984756,1259.00098
1875,-165,1920,1874.95593,-164.397995,1919.00098
1724,-184,2618,1724.55103,-179.145859,2618.83423
1711,-265,2618,1711.47949,-253.876648,2618.87744
1711,-265,2648,1711.48047,-253.538818,2647.12305
1809,-176,2663,1808.95593,-160.710693,2662.00098
1724,-184,2648,1724.55164,-178.837845,2647.16602
1763,-169,2618,1763.46094,-168.204086,2618.88721
1763,-169,2648,1763.24023,-167.567978,2647.0293
1803,-159,2618,1803.3197,-158.203186,2618.94751
1803,-159,2648,1803.20605,-157.74501,2647.02148
1875,-165,1920,1875.99902,-164.452255,1919.95593
1875,-165,2618,1875.99902,-164.452255,2617.95605
1803,-159,2618,1802.90137,-157.851334,2618.99512
1803,-159,2648,1802.91174,-157.950195,2647.00391
1809,-176,2663,1809.03198,-133.598953,2662.00073
1803,-159,2618,1803.07593,-157.823624,2618.99707
1763,-180,2603,1763.40259,-177.941849,2603.91528
1711,-265,2618,1711.03735,-263.050659,2618.99927
1724,-184,2618,1724.99902,-181.210098,2617.95605
1711,-265,2648,1711.03735,-263.21698,2647.00073
1741,-199,2663,1741.50293,-188.243835,2662.13574
1763,-169,2648,1763.76331,-167.899963,2647.354
1741,-199,2603,1741.47791,-188.017197,2603.87817
1361,-184,2648,1360.00098,-181.108459,2647.95605
1361,-184,2618,1360.00098,-181.108459,2617.95605
1279,-160,2648,1279.09753,-159.127197,2647.00488
1219,-165,2618,1219.07227,-163.858002,2618.99731
1374,-265,2618,1373.95593,-262.847351,2618.99902
1420,-265,2618,1419.95593,-262.847351,2618.99902
1374,-265,2648,1373.95508,-263.025604,2647.00122
1420,-265,2648,1419.95508,-263.025604,2647.00122
1361,-184,2648,1360.44238,-178.684464,2647.16992
1374,-265,2648,1373.51172,-253.602509,2647.12744
1374,-265,2618,1373.51062,-253.934799,2618.87207
1361,-184,2618,1360.44238,-178.993118,2618.83008
1322,-169,2648,1321.56055,-168.073547,2647.10181
1322,-169,2618,1321.72949,-167.460831,2618.96265
1279,-160,2648,1278.73816,-159.122025,2647.03491
1279,-160,2618,1278.79858,-158.955719,2618.97949
1279,-160,2648,1279.04358,-158.91861,2647.00098
1279,-160,2618,1279.07532,-158.907913,2618.99707
1279,-160,2648,1278.90137,-158.891708,2647.00488
1322,-181,2663,1321.58789,-178.938599,2662.08887
1374,-265,2648,1373.95593,-263.017914,2647.00098
1361,-184,2648,1360.00098,-181.108459,2647.95605
1374,-265,2618,1373.95593,-263.123779,2618.99902
1344,-199,2603,1343.51855,-185.097549,2603.87646
1322,-169,2618,1321.2832,-167.878647,2618.69727
1344,-199,2663,1343.49658,-187.998306,2662.13599
1463,-165,1920,1462.95593,-164.397995,1919.00098
1219,-165,2618,1218.00098,-164.325211,2617.95605
1463,-165,1920,1462.2489,-164.112015,1919.33984
1463,-165,1920,1462.95508,-164.290421,1919.0011
1219,-165,1924,1218.95593,-164.294678,1923.00098
1219,-165,2618,1218.00098,-164.325211,2617.95605
1219,-165,1924,1218.00098,-164.325211,1923.95593
1322,-169,2618,1321.84119,-168.199799,2618.9873
1763,-169,2648,1763.09741,-168.289719,2647.00488
1545,-636,734,1545.22278,-627.242737,733.025146
1545,-480,623,1545.52185,-478.866028,622.146973
1545,-480,623,1544.47339,-478.799133,622.149902
1545,-636,734,1544.77539,-627.390503,733.025574
1785,-690,1680,1785.99902,-689.456482,1679.95593
1785,-690,1500,1785.94019,-689.06311,1500.34045
1785,-163,1800,1785.04333,-162.43956,1800.99902
1609,-165,1826,1609.69629,-164.055603,1826.71765
1635,-165,1800,1635.69629,-164.055603,1800.71765
1759,-180,1703,1759.47961,-175.80043,1703.87744
1785,-163,1800,1785.04395,-162.410553,1800.99902
1785,-163,1800,1785.99902,-162.3797,1800.04175
1785,-165,1693,1785.47949,-161.048218,1693.87744
1785,-690,1680,1785.99902,-689.456482,1679.95593
1785,-690,1500,1785.99902,-689.456482,1499.95593
1177,-546,844,1176.95508,-508.80484,844.998962
1305,-540,870,1304.00098,-539.410828,869.955872
1305,-540,1680,1304.00098,-539.410828,1679.95593
1305,-540,870,1304.06824,-538.977478,870.363037
1455,-165,1800,1454.64941,-164.070892,1800.93652
1305,-540,605,1304.00098,-539.359741,604.955872
1305,-540,690,1304.00098,-539.359741,689.955872
1305,-540,690,1304.05139,-538.957214,689.683594
1305,-165,1800,1304.95593,-164.513962,1800.99902
1305,-165,1680,1304.00098,-164.394272,1680.04285
1305,-540,1680,1304.00098,-539.410828,1679.95593
949,-491,506,949.603699,-237.733047,505.202789
959,-484,476,959.617004,-331.103088,475.213043
949,-468,508,949.489075,-465.949677,507.127777
1305,-540,605,1304.00098,-539.359741,604.955872
1545,-805,754,1545.19043,-719.607849,753.018311
1525,-805,750,1525.19043,-719.628418,749.018311
1565,-805,750,1564.79297,-722.147644,749.021667
1545,-805,754,1544.79297,-722.127075,753.021667
1525,-805,750,1525.13086,-752.095154,749.008606
1565,-805,750,1564.85352,-751.44635,749.010803
1545,-531,674,1545.23999,-529.204834,673.029236
1545,-531,674,1544.75488,-529.1922,673.030518
1513,-535,668,1513.24048,-533.20575,667.029358
1577,-535,668,1576.75488,-533.236633,667.030518
1517,-485,611,1517.31165,-484.077972,610.049805
1573,-485,611,1572.67957,-484.130035,610.052734
1518,-637,728,1518.18665,-628.714966,727.017578
1572,-637,728,1571.81335,-628.570312,727.017578
1555,-636,1030,1554.02515,-629.048889,1029.77722
1454,-440,1030,1453.11572,-437.942139,1029.53308
1454,-440,1030,1453.11572,-437.981171,1030.46692
1555,-636,1030,1554.02136,-628.827271,1030.20557
1579,-805,1030,1578.02136,-638.600525,1029.79443
1575,-805,1050,1574.02136,-638.600525,1049.79443
1575,-805,1010,1574.02136,-638.800476,1010.20544
1579,-805,1030,1578.02136,-638.800476,1030.20544
1575,-805,1050,1574.00293,-760.252686,1049.92358
1575,-805,1010,1574.00195,-760.19751,1010.06079
1503,-527,1030,1502.02954,-524.856628,1029.75879
1503,-527,1030,1502.02954,-524.91864,1030.24121
1497,-531,1062,1496.02905,-528.769348,1061.76074
1497,-531,998,1496.02905,-528.841431,998.239258
1442,-445,1058,1441.03516,-443.405884,1057.73718
1442,-445,1002,1441.03516,-443.400757,1002.26276
1549,-637,1057,1548.01746,-630.233704,1056.81409
1549,-637,1003,1548.01746,-630.189941,1003.18555
1535,-636,1250,1535.97644,-628.624329,1250.21545
1636,-440,1250,1636.87646,-438.027588,1250.48132
1636,-440,1250,1636.88525,-437.979919,1249.53491
1535,-636,1250,1535.97351,-628.893127,1249.77148
1511,-805,1250,1511.97937,-640.220459,1250.20178
1515,-805,1230,1515.97937,-640.220459,1230.20178
1515,-805,1270,1515.97839,-640.000488,1269.79333
1511,-805,1250,1511.97839,-640.000488,1249.79333
1515,-805,1230,1515.99719,-759.03894,1230.07471
1515,-805,1270,1515.99707,-759.110657,1269.92358
1587,-527,1250,1587.96936,-524.852539,1250.245
1587,-527,1250,1587.9696,-524.777344,1249.75537
1593,-531,1218,1593.97449,-528.933777,1218.22412
1593,-531,1282,1593.97449,-528.846191,1281.77563
1648,-445,1222,1648.96448,-443.436829,1222.26367
1648,-445,1278,1648.96265,-443.443237,1277.72949
1541,-637,1223,1541.97839,-629.859253,1223.20642
1541,-637,1277,1541.97937,-629.911621,1276.79797
1384,-668,1567,1384.40234,-629.557068,1567.91541
1483,-477,1636,1483.31934,-475.72995,1636.94751
1442,-477,1650,1442.31702,-475.72934,1650.94836
1442,-477,1650,1442.78833,-475.696045,1650.61523
1416,-477,1683,1416.7804,-475.697052,1683.625
1405,-559,1597,1405.41174,-555.971008,1597.91125
1405,-559,1597,1405.71313,-556.036377,1597.70093
1439,-563,1580,1439.41211,-559.943542,1580.91113
1377,-563,1624,1377.71106,-559.964355,1624.70312
1483,-477,1636,1483.3623,-475.745514,1636.93201
1416,-477,1683,1416.7511,-475.740051,1683.66016
1706,-668,1567,1705.26526,-634.843323,1567.67834
1676,-477,1684,1675.21045,-475.652405,1684.61365
1649,-477,1650,1648.21082,-475.652283,1650.61414
1649,-477,1650,1648.68506,-475.625397,1650.9491
1608,-477,1637,1607.69141,-475.626312,1637.95117
1685,-559,1597,1684.28235,-555.965271,1597.69629
1685,-559,1597,1684.58789,-555.968079,1597.91113
1713,-563,1624,1712.26526,-559.967651,1624.67834
1651,-563,1580,1650.58789,-559.828552,1580.91113
1676,-477,1684,1675.24719,-475.687256,1684.6582
1608,-477,1637,1607.63171,-475.76001,1637.92969
1706,-668,1567,1705.58691,-631.304199,1567.91064
1706,-668,1567,1705.44202,-618.558167,1567.82983
1384,-668,1567,1384.69836,-635.515686,1567.7157
1384,-668,1567,1384.55103,-619.268127,1567.83447
1326,-793,-576,1326.61829,-785.928223,-575.21405
1366,-793,-608,1366.61328,-785.93219,-607.210144
778,-793,-505,778.125,-783.960754,-504.007874
1326,-793,-576,1326.13086,-783.952759,-575.008606
1651,-473,-856,1650.57092,-472.158112,-855.096741
1276,-746,-729,1275.04077,-738.042908,-729.282593
1273,-780,-738,1272.04858,-626.784607,-737.692139
1276,-521,-729,1275.44446,-481.795624,-728.168518
1651,-473,-856,1651.69678,-472.40271,-855.282715
2700,38,-420,2699.95801,38.7186089,-419.000885
3647,38,-420,3646.95801,38.7186089,-419.000885
3591,-284,-452,3591.86548,-279.518402,-451.499451
3573,-284,-420,3573.86597,-279.517212,-419.499908
3610,-7,-450,3610.30273,28.4508801,-449.046936
3610,-7,-450,3610.76196,-2.95455122,-449.352417
3610,-300,-740,3610.99902,-299.478424,-740.042969
3591,-284,-452,3591.04199,-255.623154,-451.000885
3610,-300,-740,3610.93457,-299.081207,-739.644226
3610,-300,-740,3609.95605,-299.462402,-739.000977
3765,-300,-740,3764.95605,-299.462402,-739.000977
3765,-300,-807,3765.92749,-299.431946,-806.62616
3765,-340,-1035,3765.76318,-339.201447,-1034.35388
3765,-355,-1066,3765.48999,-352.509308,-1065.1283
3739,-525,-1065,3739.99902,-434.667816,-1065.04297
3765,-340,-1035,3765.99902,-339.406097,-1035.04297
3765,-503,-1080,3765.80908,-501.259766,-1079.41235
3445,-510,-1320,3445.03735,-509.341705,-1320.99927
3761,-510,-1316,3761.03687,-509.338989,-1316.99927
3761,-510,-1316,3761.99902,-509.397156,-1316.04297
3765,-355,-1066,3765.48096,-352.445923,-1065.12329
3739,-355,-1035,3739.76782,-354.282959,-1034.35938
3765,-355,-1066,3765.75708,-354.282806,-1065.34668
3765,-341,-986,3765.99902,-340.405853,-986.042969
3739,-315,-807,3739.92749,-314.431488,-806.62616
3765,-300,-807,3765.99609,-299.47818,-806.911743
3610,-300,-740,3610.04224,-299.457489,-739.000916
3610,-300,-453,3610.99902,-299.478424,-453.042267
3610,-300,-740,3610.99902,-299.478424,-740.042969
3610,-7,-450,3610.06055,79.4761276,-449.001862
2700,38,-420,2699.95728,38.5446701,-419.000916
2396,19,1035,2395.95605,20.4806328,1035.99902
2411,12,825,2410.24756,12.837369,825.658508
2384,30,827,2383.2561,30.8626232,827.668091
2384,30,827,2383.00098,30.6977272,826.955872
2381,30,1000,2380.00098,30.7006626,999.955872
2381,30,1000,2380.95605,31.3655148,999.000977
2396,19,1035,2395.00098,20.6639023,1034.95593
2396,19,1008,2395.00098,20.6639023,1007.95587
2396,19,1008,2395.35938,20.5920887,1007.23218
2381,30,1000,2380.12744,30.6193428,999.511536
3123,20,1035,3123.04126,21.7827053,1035.99915
3450,67,146,3449.95703,131.18129,145.000931
3420,-190,410,3420.99902,-188.336746,409.955841
3420,-190,150,3420.99902,-188.336746,149.955826
3450,-190,410,3449.00098,-188.204346,409.955841
3450,67,146,3450.04297,122.470276,145.000931
3420,37,146,3420.86279,153.19812,145.494476
2610,90,120,2609.95703,90.8830414,119.000931
3465,90,120,3464.95703,90.8830414,119.000931
172,30,-1090,171.163437,115.583939,-1089.45215
103,217,-993,102.255867,218.166229,-992.33197
103,217,-993,102.63073,218.192322,-992.070679
172,30,-1090,171.729248,104.44635,-1089.03735
175,113,-1042,174.229919,115.958023,-1041.36206
155,113,-1066,154.229721,115.959908,-1065.3623
126,113,-1077,125.635994,115.892998,-1076.0686
155,113,-1066,154.644547,115.89431,-1065.06531
175,113,-1042,174.15036,116.688004,-1041.47266
126,113,-1077,125.736732,116.443687,-1076.03528
136,215,-959,135.23378,216.234802,-958.357422
60,215,-1012,59.635685,216.210205,-1011.06873
604,544,-1790,604.999023,582.835266,-1790.04297
604,544,-1790,604.424011,634.208923,-1790.90564
187,28,-1067,186.221832,73.9892044,-1066.37195
144,28,-1098,143.60022,68.6916351,-1097.0835
-178,30,-1091,-177.747253,112.651291,-1090.03247
-111,217,-993,-110.635841,218.189407,-992.068665
-111,217,-993,-110.262009,218.178925,-992.325195
-178,30,-1091,-177.197708,97.2430038,-1090.40308
-133,113,-1078,-132.649078,115.908188,-1077.0636
-162,113,-1067,-161.648758,115.907616,-1066.06372
-183,113,-1043,-182.243774,115.952126,-1042.3457
-162,113,-1067,-161.244186,115.951363,-1066.34521
-133,113,-1078,-132.759277,116.495209,-1077.02942
-183,113,-1043,-182.187546,116.420799,-1042.41699
-68,215,-1012,-67.6408768,216.205994,-1011.06671
-144,215,-959,-143.243774,216.197052,-958.345703
-152,28,-1098,-151.67569,80.3076782,-1097.05408
-196,28,-1067,-195.263916,70.3239136,-1066.32312
-1995,-856,-715,-1994.31995,-846.478821,-715.733154
-2021,-856,-739,-2020.31946,-846.477051,-739.732666
-1970,-718,-852,-1969.26477,-717.065857,-852.677795
-1932,-718,-811,-1931.26562,-717.065369,-811.678711
-1932,-718,-811,-1931.67615,-716.992981,-811.946106
-1879,-718,-793,-1878.67615,-716.993896,-793.946106
-1960,-856,-700,-1959.59668,-847.130371,-700.915039
-1995,-856,-715,-1994.59656,-847.133179,-715.914978
-1970,-783,-753,-1969.30188,-781.410645,-753.715942
-1970,-783,-753,-1969.63574,-781.345276,-753.931274
-2003,-786,-782,-2002.33118,-784.40332,-782.743347
-1930,-786,-735,-1929.59595,-784.417419,-735.914734
-1970,-718,-852,-1969.29199,-717.055542,-852.706055
-1879,-718,-793,-1878.66223,-717.075012,-793.941223
-2273,-465,-333,-2273.04199,-438.750702,-332.000885
-2273,-439,-288,-2273.04297,-437.284485,-288.999054
-2340,-435,-900,-2340.99902,-434.4617,-900.042969
-2340,-435,-314,-2340.99902,-434.4617,-314.042267
-2273,-447,-334,-2272.82715,-434.012177,-333.015076
-2059,-439,-318,-2059.04199,-437.273102,-317.000885
-2273,-439,-318,-2273.04199,-437.273102,-317.000885
-2059,-439,-288,-2059.29004,-437.844818,-288.95697
-2059,-439,-318,-2059.28418,-437.832275,-317.041229
-2032,-465,-333,-2032.04199,-267.408508,-332.000885
-2028,-496,-333,-2028.04199,170.98436,-332.000885
-2054,-496,-334,-2054.04199,170.796875,-333.000885
-2015,-454,-288,-2015.59277,-449.292023,-288.805328
-2028,-496,-333,-2028.49707,-441.705475,-332.132294
-2000,-578,-287,-2000.07642,-576.06665,-287.99707
-2000,-578,-319,-2000.08838,-576.059204,-318.003937
-2310,-435,-288,-2310.20801,-434.423126,-288.978088
-2273,-430,-303,-2273.17773,-429.344757,-303.984009
-2273,-430,-303,-2273.0752,-429.417572,-302.002838
-2310,-435,-314,-2310.09863,-434.520111,-313.004883
-2310,-465,-329,-2309.89941,-438.239014,-328.005096
-2273,-465,-333,-2272.89941,-438.245422,-332.005096
-2059,-439,-318,-2059.04199,-437.273102,-317.000885
-2273,-465,-333,-2273.04199,-434.22348,-332.000885
-2032,-465,-333,-2032.04199,-434.22348,-332.000885
-2273,-439,-288,-2273.04297,-437.284485,-288.999054
-2059,-439,-288,-2059.04297,-437.284485,-288.999054
-2015,-454,-288,-2015.99902,-450.869507,-288.042267
-2032,-465,-273,-2032.46643,-448.251465,-273.884552
-2032,-465,-333,-2032.44629,-448.165863,-332.105133
-1425,-610,-885,-1425.34973,-607.951294,-884.063171
-1403,-610,-877,-1403.34961,-607.951294,-876.06311
-1395,-610,-495,-1395.99902,-608.309265,-495.042267
-1395,-610,-855,-1395.99902,-608.309265,-855.042969
-1395,-610,-855,-1395.92749,-608.1604,-854.62616
-1425,-610,-885,-1425.3772,-608.084473,-884.073914
-1417,-863,-112,-1416.63696,-861.038269,-112.93177
-1320,-893,-149,-1319.41614,-796.984741,-148.188156
-1320,-1136,-654,-1319.28271,-1134.96472,-653.303223
-1320,-1136,-654,-1319.00098,-1135.3595,-654.042969
-1320,-863,-104,-1320.04297,-861.291504,-104.999039
-1395,-863,-104,-1395.04297,-861.291504,-104.999039
-1417,-863,-112,-1416.65576,-861.150391,-112.938881
-1395,-863,-104,-1394.65552,-861.150391,-104.938789
-1395,-610,-495,-1395.953,-607.79657,-495.302765
-1395,-610,-495,-1395.94592,-607.909546,-495.324249
-1395,-610,-495,-1395.99902,-608.013123,-495.042267
-1425,-610,-495,-1424.05334,-607.933167,-495.322235
-2021,-856,-739,-2020.19263,-792.463318,-739.589905
-1960,-856,-700,-1959.8125,-725.745178,-700.982239
-1999,-937,-707,-1998.34009,-391.856903,-707.751343
-1999,-937,-707,-1998.70642,306.129547,-707.955933
-1664,-856,-715,-1664.37744,-847.55957,-715.926025
-1699,-856,-701,-1699.37805,-847.556519,-701.925781
-1782,-718,-790,-1782.36243,-717.097961,-790.932007
-1730,-718,-810,-1730.3623,-717.098145,-810.932007
-1730,-718,-810,-1730.7511,-717.060242,-810.660095
-1693,-718,-852,-1693.75696,-717.061707,-852.65332
-1639,-856,-743,-1639.75098,-847.843079,-743.660156
-1664,-856,-715,-1664.75134,-847.841064,-715.659912
-1690,-781,-753,-1690.40234,-779.323486,-753.915466
-1690,-781,-753,-1690.73376,-779.398621,-753.679382
-1730,-786,-733,-1730.37695,-784.306824,-733.926208
-1658,-786,-783,-1658.74353,-784.316345,-783.668701
-1782,-718,-790,-1782.33887,-717.062927,-790.940796
-1693,-718,-852,-1693.77307,-717.062988,-852.634277
-1699,-856,-701,-1699.17493,-799.30542,-701.984558
-1639,-856,-743,-1639.87634,-784.834473,-743.481445
-1658,-937,-707,-1658.78845,202.614502,-707.615051
-1425,-610,-885,-1425.04297,-608.266968,-884.000977
-1320,-1136,-654,-1319.0592,-1134.96008,-653.661072
-1320,-1136,-654,-1319.00098,-1135.3595,-654.042969
-1320,-1136,-152,-1319.00098,-1135.3595,-152.042267
272,-1260,1465,271.955719,-1258.87659,1464.0011
313,-1260,1465,312.955719,-1258.87659,1464.0011
465,-1259,1483,464.829468,-1257.62866,1482.01465
313,-1260,1465,313.323242,-1259.15625,1464.05371
465,-1259,1483,465.041321,-1257.37097,1482.00085
500,-1263,1703,500.999115,-1261.3623,1702.95801
451,-1259,1483,451.999054,-1257.58655,1482.95654
451,-1259,1465,451.999054,-1257.58655,1464.95654
451,-1259,1483,451.106781,-1257.3136,1482.00574
430,-1260,1465,429.955841,-1259.41614,1464.00098
451,-1259,1465,451.074554,-1258.40479,1464.00281
500,-885,2260,500.893768,-883.505249,2260.44824
-235,-1005,1907,-234.046967,-1000.44,1906.69714
-242,-1005,1885,-241.047867,-1000.43854,1884.69434
-244,-1151,1885,-243.018875,-1149.87158,1885.19336
-239,-1151,1860,-238.018875,-1149.87134,1860.19336
-242,-1005,1885,-241.040985,-1000.24628,1885.28333
-235,-1005,1862,-234.041229,-1000.2464,1862.28418
-221,-1151,1928,-220.225708,-1150.27612,1927.36719
-237,-1151,1908,-236.218597,-1150.27637,1907.37598
-219,-1005,1924,-218.751495,-1000.39001,1923.03137
-196,-1005,1930,-195.751221,-1000.39117,1929.03149
-196,-1151,1934,-195.779419,-1149.96082,1933.02466
-221,-1151,1928,-220.780396,-1149.96021,1927.02441
-196,-1151,1934,-196.042267,-1148.49524,1933.00098
-157,-1005,1907,-157.711975,-1000.42102,1906.29785
-174,-1005,1924,-174.71106,-1000.42102,1923.29688
-153,-1151,1910,-153.712616,-1150.3075,1909.29846
-171,-1151,1928,-171.712509,-1150.3075,1927.29834
-147,-1151,1885,-147.972504,-1149.95496,1885.2323
-153,-1151,1860,-153.974701,-1149.95447,1860.22351
-147,-1151,1885,-147.999023,-1148.54053,1884.95593
-153,-1151,1860,-153.711975,-1150.24121,1860.70203
-171,-1151,1842,-171.711975,-1150.24121,1842.70203
-174,-1005,1846,-174.677795,-1000.729,1846.73523
-157,-1005,1862,-157.678772,-1000.72845,1862.73425
-196,-1151,1835,-195.719879,-1149.91956,1835.95996
-221,-1151,1842,-220.719879,-1149.9198,1842.95996
-196,-1005,1840,-195.74913,-1000.48218,1840.96802
-219,-1005,1846,-218.751495,-1000.48108,1846.96863
-196,-1151,1835,-196.042267,-1148.38245,1835.99902
-237,-1151,1908,-236.043884,-1150.03833,1907.70703
-244,-1151,1885,-243.046936,-1150.03833,1884.69727
-244,-1151,1885,-243.000885,-1148.74927,1884.95801
-196,-1005,1840,-195.751221,-1000.48657,1840.96851
-235,-1005,1862,-234.274048,-1000.38165,1862.68774
-235,-1005,1862,-234.040955,-1000.23395,1862.2832
-235,-1005,1907,-234.040955,-1000.32074,1906.7168
-235,-1005,1907,-234.291,-1000.39996,1906.2948
-196,-1005,1930,-195.726044,-1000.68988,1929.03833
-196,-1005,1930,-196.282013,-1000.66833,1929.04065
-157,-1005,1907,-157.711975,-1000.42102,1906.29785
-157,-1005,1907,-157.96077,-1000.34637,1906.72266
-157,-1005,1862,-157.960556,-1000.25665,1862.27808
-157,-1005,1862,-157.726212,-1000.3667,1862.68738
-196,-1005,1840,-196.261856,-1000.47668,1840.96509
44,-875,1464,43.9558182,-874.456116,1463.00098
-211,-1439,1491,-210.000885,-1436.9447,1490.95801
44,-875,1464,44.0418472,-874.456177,1463.00098
93,-885,1760,93.9998627,-883.271667,1759.98535
93,-885,1760,93.9999695,-883.601562,1760.0022
93,-885,1482,92.8745193,-884.067932,1481.00793
44,-892,1496,43.9375343,-889.170044,1495.00195
123,-885,1464,122.000931,-883.287842,1463.95691
123,-885,1760,122.000931,-883.287842,1759.95691
-211,-1439,1491,-210.000885,-1437.28918,1490.95801
-181,-1444,1831,-181.999069,-1442.30725,1830.95691
123,-885,2260,122.000198,-883.26239,2260.01953
93,-885,2010,93.9999084,-882.989014,2009.98657
93,-885,2290,93.9999084,-882.989014,2289.98657
485,-885,2290,484.955841,-883.040344,2289.00098
93,-885,2290,92.9558182,-883.040344,2289.00098
123,-885,2260,122.955818,-883.135498,2260.99902
485,-885,2260,484.955841,-883.135498,2260.99902
485,-920,2238,485.892822,-918.367371,2238.4502
500,-925,2200,499.955841,-924.292603,2200.99902
530,-925,2200,529.955872,-924.292603,2200.99902
530,-925,2200,529.035339,-922.346436,2200.26343
545,-925,2254,544.035217,-922.344421,2254.26294
500,-1263,1703,500.999054,-1261.45178,1702.95654
500,-1263,1480,500.999054,-1261.45178,1479.95654
530,-1263,1465,529.000427,-1261.17688,1465.02832
465,-1259,1483,464.955841,-1257.3573,1482.00098
451,-1259,1483,450.955841,-1257.3573,1482.00098
430,-1260,1465,429.955841,-1259.41614,1464.00098
313,-1260,1465,312.955841,-1259.41614,1464.00098
-414,-1105,1588,-414.95636,-1090.39771,1588.29199
-405,-1105,1617,-405.956451,-1090.40405,1617.29187
-433,-1105,1563,-433.795746,-1090.02649,1563.60547
-414,-1105,1588,-414.795868,-1090.02283,1588.60547
-457,-989,1662,-457.976593,-987.501343,1662.21484
-499,-989,1579,-499.764465,-987.582764,1579.64453
-430,-1036,1637,-430.95639,-1033.70154,1637.29199
-463,-1036,1571,-463.795776,-1033.55713,1571.60547
-355,-1033,1789,-355.998993,-1030.47156,1789.0448
-387,-989,1844,-387.997955,-987.457275,1843.93652
-384,-989,1795,-384.998047,-987.457947,1794.93762
-355,-1033,1789,-355.91803,-1030.48242,1789.39648
-406,-989,1753,-406.885895,-987.399414,1753.46387
-384,-989,1795,-384.884003,-987.398682,1795.46741
-326,-1105,1783,-326.999054,-1091.43726,1783.04346
-325,-1105,1813,-325.998993,-1091.43152,1813.04431
-337,-1105,1754,-337.933167,-1090.97668,1754.35938
-326,-1105,1783,-326.933167,-1090.97327,1783.35938
-387,-989,1844,-387.998993,-987.639465,1843.9552
-406,-989,1753,-406.903839,-987.509644,1753.42773
-353,-1036,1827,-353.999115,-1033.58179,1827.04199
-369,-1036,1754,-369.937256,-1033.64429,1754.34863
-355,-1033,1981,-355.9039,-1030.46765,1980.57227
-407,-989,2016,-407.879669,-987.526978,2015.52441
-384,-989,1974,-384.87973,-987.52594,1973.52454
-355,-1033,1981,-355.999054,-1030.46851,1980.95654
-386,-989,1926,-386.998993,-987.442261,1926.04419
-384,-989,1974,-384.998993,-987.441589,1974.04443
-327,-1105,1987,-327.930145,-1092.85901,1986.63281
-338,-1105,2015,-338.930145,-1092.8623,2014.63281
-325,-1105,1956,-325.997986,-1091.68445,1955.93665
-327,-1105,1987,-327.997986,-1091.68091,1986.93665
-407,-989,2016,-407.89682,-987.529236,2015.55762
-386,-989,1926,-386.999481,-987.591797,1926.0304
-370,-1036,2015,-370.930145,-1033.61865,2014.63281
-353,-1036,1943,-353.997955,-1033.6405,1942.93652
-440,-1033,2170,-440.76474,-1030.3999,2169.35571
-500,-989,2191,-500.727081,-987.507812,2190.31348
-467,-989,2156,-467.726379,-987.506958,2155.31274
-440,-1033,2170,-440.963806,-1030.51013,2169.7334
-456,-989,2109,-456.972656,-987.425964,2108.76782
-467,-989,2156,-467.972595,-987.424683,2155.76758
-415,-1105,2184,-415.803925,-1091.83984,2183.40527
-433,-1105,2208,-433.795837,-1091.8374,2207.39453
-405,-1105,2154,-405.947296,-1090.79785,2153.67969
-415,-1105,2184,-415.947388,-1090.79358,2183.67993
-500,-989,2191,-500.749817,-987.59436,2190.33838
-456,-989,2109,-456.972534,-987.565613,2108.76758
-464,-1036,2200,-464.796234,-1033.71619,2199.39502
-429,-1036,2134,-429.947296,-1033.67542,2133.67969
47,-1019,1737,47.5552063,-1015.20215,1737.83167
61,-960,1771,61.6031761,-958.320435,1771.79761
23,-960,1800,23.603157,-958.319031,1800.79761
47,-1019,1737,47.1753502,-1015.0235,1737.9845
61,-960,1771,61.115387,-958.365906,1771.99329
109,-960,1765,109.115387,-958.366394,1765.99329
38,-1105,1716,38.151413,-1056.60486,1716.9884
69,-1105,1711,69.1514282,-1056.58032,1711.9884
13,-1105,1734,13.5846405,-1055.97363,1734.81128
38,-1105,1716,38.5796432,-1055.96777,1716.81482
109,-960,1765,109.163414,-958.384338,1765.98645
23,-960,1800,23.5791321,-958.459534,1800.81519
85,-1022,1729,85.1588058,-1017.97485,1729.9873
14,-1022,1758,14.5846405,-1017.94244,1758.81128
169,-1019,2033,168.437073,-1015.2514,2032.17358
155,-960,1999,154.38475,-958.365173,1998.21167
193,-960,1970,192.38475,-958.36377,1969.21167
169,-1019,2033,168.802719,-1015.23303,2032.01965
155,-960,1999,154.860596,-958.346008,1998.00977
107,-960,2005,106.875252,-958.346008,2004.00781
178,-1105,2054,177.828827,-1053.87292,2053.01489
147,-1105,2059,146.828827,-1053.84839,2058.01489
203,-1105,2036,202.418945,-1056.63635,2035.18616
178,-1105,2054,177.423569,-1056.63635,2053.18286
107,-960,2005,106.828766,-958.490112,2004.01477
193,-960,1970,192.419266,-958.407532,1969.18591
131,-1022,2041,130.828827,-1017.89526,2040.01477
202,-1022,2012,201.410965,-1017.80682,2011.19189
256,-1019,1824,255.163589,-1015.22168,1824.5481
222,-960,1838,221.202652,-958.395691,1838.60352
193,-960,1800,192.202652,-958.394287,1800.60352
256,-1019,1824,255.018021,-1015.08063,1824.18896
222,-960,1838,221.007065,-958.370361,1838.11865
228,-960,1886,227.007065,-958.370667,1886.11865
277,-1105,1815,276.012909,-1053.8031,1815.16016
282,-1105,1846,281.012909,-1053.7771,1846.16016
259,-1105,1790,258.187714,-1055.8761,1790.58325
277,-1105,1815,276.187561,-1055.87305,1815.58301
228,-960,1886,227.01297,-958.444275,1886.16052
193,-960,1800,192.174545,-958.458679,1800.56445
264,-1022,1862,263.013031,-1017.91614,1862.16089
235,-1022,1791,234.187546,-1017.88007,1791.58301
-40,-1019,1946,-39.1753731,-1015.23206,1945.43433
-6,-960,1932,-5.20636845,-958.290161,1931.3916
23,-960,1970,23.8002682,-958.288879,1969.40039
-40,-1019,1946,-39.0189476,-1015.17615,1945.80627
-6,-960,1932,-5.00798273,-958.341125,1931.8739
-12,-960,1884,-11.0071373,-958.341492,1883.88074
-61,-1105,1955,-60.0129318,-1056.6676,1954.83972
-66,-1105,1924,-65.0129089,-1056.6416,1923.83984
-43,-1105,1980,-42.181385,-1056.73108,1979.42566
-61,-1105,1955,-60.1882362,-1056.7251,1954.41602
-12,-960,1884,-11.0119762,-958.42981,1883.8457
23,-960,1970,23.810257,-958.40863,1969.41406
-48,-1022,1908,-47.0129318,-1017.95441,1907.83972
-19,-1022,1979,-18.1882362,-1017.86945,1978.41602
169,-1019,1737,168.797607,-1015.03027,1737.97925
155,-960,1771,154.852997,-958.364502,1771.98914
107,-960,1765,106.875252,-958.364502,1765.99219
169,-1019,1737,168.437073,-1015.20355,1737.82642
155,-960,1771,154.386475,-958.314514,1771.78967
193,-960,1800,192.38475,-958.313354,1800.78833
178,-1105,1716,177.415512,-1069.58203,1716.8114
203,-1105,1734,202.423218,-1069.57336,1734.81689
147,-1105,1711,146.828827,-1071.35999,1711.98523
178,-1105,1716,177.840912,-1071.34741,1716.98718
193,-960,1800,192.419266,-958.45636,1800.81409
107,-960,1765,106.828766,-958.384155,1765.98523
202,-1022,1758,201.398941,-1017.94189,1758.79919
131,-1022,1729,130.828827,-1017.97742,1729.98523
47,-1019,2033,47.1853485,-1015.22668,2032.01733
61,-960,1999,61.1233826,-958.347412,1998.00769
109,-960,2005,109.115387,-958.3479,2004.00671
47,-1019,2033,47.5552101,-1015.25043,2032.16833
61,-960,1999,61.5991745,-958.371094,1998.19946
23,-960,1970,23.5991631,-958.36969,1969.19946
38,-1105,2054,38.5791359,-1069.78125,2053.18481
13,-1105,2036,13.5736361,-1069.77686,2035.18091
69,-1105,2059,69.1641464,-1070.73169,2058.01367
38,-1105,2054,38.1522408,-1070.72327,2053.01172
23,-960,1970,23.5791321,-958.410706,1969.18481
109,-960,2005,109.163414,-958.490295,2004.01355
14,-1022,2012,14.5846405,-1017.80786,2011.18872
85,-1022,2041,85.1643372,-1017.89319,2040.01367
256,-1019,1946,255.015945,-1015.18781,1945.82214
222,-960,1932,221.006897,-958.34021,1931.88281
228,-960,1884,227.006897,-958.340576,1883.88281
256,-1019,1946,255.163513,-1015.2345,1945.45203
222,-960,1932,221.203308,-958.292969,1931.39563
193,-960,1970,192.203033,-958.291565,1969.396
277,-1105,1955,276.187561,-1069.07556,1954.41699
259,-1105,1980,258.187714,-1069.06689,1979.41675
282,-1105,1924,281.012909,-1070.33167,1923.83984
277,-1105,1955,276.012909,-1070.32336,1954.83984
193,-960,1970,192.178574,-958.405701,1969.42969
228,-960,1884,227.012909,-958.435852,1883.83984
235,-1022,1979,234.194641,-1017.86188,1978.40723
264,-1022,1908,263.012909,-1017.94971,1907.83984
-40,-1019,1824,-39.0188751,-1015.06909,1824.19336
-6,-960,1838,-5.007967,-958.371399,1838.12598
-12,-960,1886,-11.0079985,-958.371765,1886.12622
-40,-1019,1824,-39.1653519,-1015.21906,1824.55078
-6,-960,1838,-5.20636845,-958.392639,1838.6084
23,-960,1800,23.7943516,-958.391235,1800.60742
-61,-1105,1815,-60.181385,-1070.28552,1815.57434
-43,-1105,1790,-42.1932869,-1070.27686,1790.59094
-66,-1105,1846,-65.0129318,-1071.75781,1846.16028
-61,-1105,1815,-60.012989,-1071.74731,1815.16064
23,-960,1800,23.8180542,-958.461365,1800.57507
-12,-960,1886,-11.0119762,-958.438354,1886.1543
-19,-1022,1791,-18.1931973,-1017.88763,1791.59082
-48,-1022,1862,-47.0129318,-1017.92072,1862.16028
553,-394,1385,552.000977,-392.267792,1384.95593
553,-394,1558,552.000977,-392.267792,1557.95593
523,-394,1385,523.999023,-392.28775,1384.95593
571,-82,1076,571.043518,-24.2266121,1075.00098
203,-73,1076,202.955826,-14.3015165,1075.00098
434,127,1196,433.384918,158.648331,1196.78845
408,101,1175,407.623444,276.996887,1175.92639
408,101,1175,408.370697,276.291046,1175.92871
434,127,1226,433.588165,143.51152,1225.08875
201,127,1196,200.955826,128.246796,1196.99902
174,127,1196,173.955826,128.246796,1196.99902
174,127,1226,174.388885,128.924881,1225.07874
153,127,1217,153.769073,128.768021,1216.36084
175,127,1181,174.001907,128.596359,1180.93835
174,127,1196,173.001907,128.596588,1195.93835
408,101,1175,408.599274,132.76355,1175.80054
189,350,1050,188.955826,350.595123,1049.00098
60,350,1050,59.9558182,350.595123,1049.00098
60,350,1050,60.3365021,350.953705,1049.05835
144,305,1076,144.867569,376.737396,1075.50269
174,335,1076,174.040344,370.753906,1075.00085
379,70,1226,379.999115,223.068314,1225.95801
379,70,1196,379.999115,223.068314,1195.95801
434,127,1226,433.797607,132.246628,1225.02075
269,-83,1904,268.000946,253.88916,1903.95654
269,-83,1904,268.000946,253.88916,1903.95654
269,-83,1780,268.000946,253.88916,1779.95654
149,-83,1904,148.955826,251.456238,1903.00098
149,-83,1904,148.955826,251.456238,1903.00098
269,-83,1904,268.955841,251.456238,1903.00098
165,90,1845,165.955505,94.1385345,1845.29492
172,90,1822,172.958481,94.1372604,1822.28503
211,90,1800,211.246994,94.5348892,1800.96899
187,90,1806,187.246765,94.5337524,1806.96899
249,90,1822,248.033813,94.1333313,1822.25781
255,90,1845,254.034927,94.1335907,1845.26196
249,90,1867,248.272202,94.2412796,1866.31421
233,90,1884,232.272202,94.242836,1883.31421
187,90,1884,187.20079,93.9122162,1883.02039
211,90,1889,211.195404,93.9112091,1888.01929
187,90,1884,187.742859,94.05616,1883.33057
172,90,1867,172.741501,94.0566711,1866.3291
269,-83,1780,268.955841,8296.74707,1780.99902
149,-83,1780,148.955826,-17.1105881,1780.99902
269,-83,1780,268.955841,-17.1105881,1780.99902
240,31,1793,239.775558,36.7930183,1793.97449
151,31,1845,151.963516,37.2021103,1845.26758
159,31,1815,159.963531,37.2005997,1815.26758
211,31,1904,211.251297,38.2429504,1903.0321
181,31,1896,181.246765,38.2420692,1895.03101
270,31,1845,269.03595,38.1669846,1845.26562
262,31,1815,261.03598,38.1683197,1815.26575
262,31,1874,261.286072,35.2670364,1873.2998
240,31,1896,239.286057,35.2670364,1895.2998
233,90,1806,232.729248,94.5818939,1806.96265
211,90,1800,210.726654,94.5836029,1800.96191
181,31,1793,181.218948,36.7417145,1793.97571
211,24,1785,210.955826,45.0607567,1785.99902
159,31,1874,159.710098,35.0185738,1873.2959
181,31,1896,181.707123,35.0185738,1895.29297
151,31,1845,151.999115,87.9251404,1844.95801
211,31,1904,210.730545,38.3726044,1903.03699
240,31,1896,239.729248,38.3726044,1895.03735
211,90,1889,210.775558,94.1196365,1888.02551
233,90,1884,232.78093,94.1211624,1883.02429
270,31,1845,269.036163,38.6848602,1844.73352
262,31,1874,261.03598,38.6843872,1873.73425
255,90,1845,254.035995,94.1556091,1844.73413
249,90,1867,248.034866,94.1563873,1866.73828
262,31,1815,261.28714,34.7574425,1815.70129
240,31,1793,239.286057,34.7574425,1793.7002
233,90,1806,232.28714,94.2652588,1806.70129
249,90,1822,248.286301,94.2652588,1822.70044
172,90,1822,172.725952,94.0225677,1822.68774
187,90,1806,187.724442,94.0241241,1806.68933
159,31,1815,159.706299,34.6426048,1815.70789
181,31,1793,181.704468,34.6426048,1793.70972
172,90,1867,172.952438,93.9613571,1866.69531
165,90,1845,165.952438,93.9625015,1844.69531
151,31,1845,151.963531,37.6599197,1844.73242
159,31,1874,159.963516,37.6631165,1873.73242
233,90,1806,232.775558,94.2135468,1806.97449
187,90,1806,187.200806,94.2975388,1806.97961
187,90,1806,187.703461,94.2701111,1806.71069
165,90,1845,165.963806,94.2827988,1845.2666
165,90,1845,165.963516,94.4454498,1844.73242
187,90,1884,187.708267,94.5701981,1883.29407
187,90,1884,187.250793,94.6021957,1883.03198
233,90,1884,232.729248,94.5053711,1883.03735
233,90,1884,232.286179,94.5263214,1883.29968
255,90,1845,254.035934,94.1381531,1844.73438
255,90,1845,254.035934,94.0373611,1845.26562
233,90,1806,232.28714,94.2652588,1806.70129
195,-394,1613,195.999115,-392.281555,1612.95801
195,-394,1779,195.999115,-392.281555,1778.95801
195,-394,1779,195.999115,-392.281555,1778.95801
225,-394,1613,224.000931,-392.273804,1612.95691
225,-394,1779,224.000931,-392.273804,1778.95691
-30,350,1050,-30.0425262,351.391754,1049.00098
-60,350,1050,-60.0425262,351.391754,1049.00098
-60,350,1050,-60.3680038,351.02536,1049.07019
-60,350,1050,-60.0425262,350.595123,1049.00098
-391,350,1050,-391.042267,350.595123,1049.00098
-376,-394,1081,-375.000916,-392.350464,1081.04224
-489,-394,1185,-488.956665,-392.216461,1185.99902
-376,-394,1215,-376.349854,-391.947296,1214.06323
-354,-394,1207,-354.349518,-391.947296,1206.06311
-346,-394,1185,-346.943268,-391.960358,1184.66797
-354,-394,1207,-354.943237,-391.960419,1206.66797
60,350,1050,59.9558182,351.138031,1049.00098
30,350,1050,29.9558182,351.138031,1049.00098
-556,11,1332,-556.53418,13.2945127,1332.84534
-536,10,1356,-536.940125,16.0234241,1355.65918
-573,-40,1316,-573.042969,133.531067,1316.99902
-539,-40,1316,-539.042969,133.531067,1316.99902
-589,-40,1344,-588.135193,314.892578,1344.50208
-573,-40,1316,-572.135254,314.936035,1316.5022
-556,11,1332,-556.042969,14.2507896,1332.99902
-556,11,1332,-555.210144,11.7243223,1332.61328
-556,22,1356,-555.000977,22.6093388,1355.95593
-556,22,1379,-555.000977,22.6093388,1378.95593
-556,11,1332,-555.481445,13.283473,1332.85498
-576,3,1340,-575.131409,7.58195925,1340.49548
-576,10,1356,-575.008606,13.5331993,1356.13086
-536,10,1356,-536.993103,13.4873552,1356.11707
-556,11,1332,-556.791931,11.7290096,1332.6106
-556,22,1356,-555.210144,22.7819042,1356.61328
-556,22,1356,-556.788818,22.7733765,1356.61462
-539,-40,1316,-539.88324,5420.50146,1316.46875
-539,-40,1316,-539.042969,133.531067,1316.99902
-573,-394,1314,-572.000977,-392.009735,1313.95593
-541,-394,1266,-541.999023,-392.072968,1266.04321
-540,-394,1314,-540.998962,-392.073425,1314.04492
-527,-40,1679,-527.507324,2492.23169,1678.13831
-527,-40,1679,-527.999023,135.552628,1678.95593
-195,-394,1678,-195.999069,-392.281647,1677.95691
-195,-394,1779,-195.999069,-392.281647,1778.95691
-225,-394,1648,-225.359497,-392.07428,1648.93311
-204,-394,1656,-204.355408,-392.073761,1656.93469
-576,10,1651,-575.000977,15.523385,1650.95593
-536,10,1651,-536.999023,15.574029,1650.95593
-536,10,1628,-536.999023,15.574029,1627.95593
-556,22,1651,-555.000977,22.6093388,1650.95593
-556,22,1628,-555.000977,22.6093388,1627.95593
-556,22,1651,-555.000977,22.6093388,1650.95593
-556,22,1651,-556.999023,22.5902271,1650.95593
-576,10,1651,-575.004822,14.3093052,1650.90198
-556,22,1651,-555.192871,22.7451687,1650.40967
-556,22,1651,-556.809204,22.739006,1650.41248
-536,10,1651,-536.999023,15.574029,1650.95593
-195,-394,1678,-195.999069,-392.281647,1677.95691
-225,-394,1779,-224.000885,-392.565979,1778.95801
-225,-394,1678,-224.000885,-392.565979,1677.95801
-195,-394,1678,-195.930115,-392.082672,1678.36719
-225,-394,1648,-225.374603,-392.130981,1648.92712
-525,-394,1678,-525.042969,-392.575043,1677.00098
-225,-394,1648,-225.042267,-392.230103,1648.99902
-527,-40,1646,-527.999023,135.552628,1645.95593
-527,-40,1679,-527.999023,135.552628,1678.95593
-576,10,1651,-575.000977,15.523385,1650.95593
-576,10,1628,-575.000977,15.523385,1627.95593
-576,10,1651,-575.000977,15.523385,1650.95593
-556,11,1676,-555.189697,11.6999922,1675.41406
-556,11,1676,-556.809204,11.7098217,1675.41248
-536,10,1651,-536.999023,15.574029,1650.95593
-536,10,1651,-536.995056,14.2945051,1650.90076
-556,11,1676,-556.479553,14.1078062,1675.12256
-556,11,1676,-555.518555,14.0880556,1675.12354
-376,-394,1215,-376.042267,-392.255646,1214.00098
-489,-394,1185,-489.042267,-392.464935,1185.99902
-376,-394,1185,-376.042267,-392.464935,1185.99902
-376,-394,1185,-375.000885,-392.56781,1184.95801
-376,-394,1081,-375.000885,-392.56781,1080.95801
-346,-394,1185,-346.999023,-392.284454,1184.95593
-376,-394,1215,-376.381744,-392.112579,1214.07581
-346,-394,1185,-346.930145,-392.164612,1184.63281
-376,335,1076,-375.104156,672.433105,1075.55566
-376,335,1076,-376.042267,481.194214,1075.00098
-60,350,1050,-60.0425262,350.595123,1049.00098
189,350,1050,188.955826,350.595123,1049.00098
129,290,1050,129.880692,388.457184,1049.52637
174,335,1076,173.955826,376.140991,1075.00098
174,335,1076,173.066071,450.356873,1075.64258
174,127,1050,173.000778,128.460052,1050.03906
120,127,1175,120.786522,128.669678,1174.38245
153,127,1217,153.786911,128.667984,1216.38293
174,127,1226,174.388794,128.91954,1225.07874
153,127,1217,153.388824,128.91954,1216.07874
201,127,1196,200.955826,128.246796,1196.99902
434,127,1196,433.955841,128.246796,1196.99902
434,127,1226,433.955841,128.757767,1225.00098
174,127,1226,173.955826,128.757767,1225.00098
434,127,1196,433.000946,177.029831,1195.95654
393,-62,1180,393.999115,-60.5339355,1179.95801
393,-62,1061,393.999115,-60.5339355,1060.95801
393,-62,1061,393.999084,-60.2492218,1061.04248
423,-62,1180,422.000946,-60.5240288,1180.04346
423,-62,1180,422.000946,-60.2619934,1179.95654
423,-62,1061,422.000946,-60.2619934,1060.95654
423,-57,1050,422.90033,-56.3812141,1049.005
571,-82,1076,570.955872,-20.0831985,1075.00098
571,-82,1076,570.094299,61.1574249,1075.57617
541,-394,1081,541.999023,-392.288177,1080.95593
571,-394,1081,570.000977,-392.267487,1080.95593
571,-394,1135,570.000977,-392.267487,1134.95593
393,-57,1050,392.955841,-56.3819618,1049.00098
203,-73,1076,203.908005,-38.8080406,1075.58105
203,-73,1076,202.955826,-8.81541729,1075.00098
195,-394,1363,195.999115,-392.281555,1362.95801
195,-394,1081,195.999115,-392.281555,1080.95801
225,-394,1363,224.000931,-392.273804,1362.95691
-576,10,1356,-575.06311,16.0336723,1355.65039
474,-825,-447,474.734314,-776.251221,-446.321198
512,-780,-430,512.880371,-779.392456,-430.474274
-267,-326,632,-267.042267,-260.040649,632.999084
-230,-326,632,-230.042267,-260.040649,632.999084
-267,-488,632,-267.042267,-475.652405,632.999084
-1603,-948,-12,-1602.45605,-941.06134,-11.1608801
-1577,-948,-29,-1576.45801,-941.061768,-28.1596184
-1487,-819,40,-1486.55957,-817.934631,40.8977661
-1551,-819,104,-1550.11279,-817.949646,104.461197
-1620,-948,14,-1619.1698,-941.09082,14.5574417
-1603,-948,-12,-1602.16931,-941.09082,-11.4432631
-1571,-878,20,-1570.46582,-876.401917,20.8453522
-1571,-878,20,-1570.15662,-876.428528,20.5372849
-1540,-881,-2,-1539.45862,-879.470093,-1.1592232
-1593,-881,51,-1592.16858,-879.494934,51.5555916
-1487,-819,40,-1486.48547,-818.022888,40.8574638
-1551,-819,104,-1550.14307,-818.009033,104.515427
-1577,-948,-29,-1576.48535,-940.653992,-28.1425991
-1620,-948,14,-1619.14685,-940.717529,14.521616
-1612,-1033,-21,-1611.40088,-973.414978,-20.1993427
-1612,-1033,-21,-1611.20239,-971.835327,-20.3968239
-1612,-1033,-21,-1611.48694,-986.883545,-20.1416492
-1589,-1033,-35,-1588.48535,-986.889221,-34.142601
-1626,-1033,2,-1625.14636,-987.177734,2.52079463
-1612,-1033,-21,-1611.14783,-987.177734,-20.4767399
-2056,-948,-12,-2056.85229,-941.11969,-11.4769392
-2040,-948,14,-2040.85693,-941.118896,14.5153866
-2108,-819,104,-2108.88818,-817.971558,104.459442
-2172,-819,40,-2172.47949,-817.991516,40.8775253
-2083,-948,-29,-2083.53247,-941.437256,-28.153553
-2056,-948,-12,-2056.54199,-941.433899,-11.1596174
-2088,-878,20,-2088.84424,-876.358215,20.5359421
-2088,-878,20,-2088.54077,-876.392578,20.8411579
-2066,-881,51,-2066.85693,-879.4245,51.5154228
-2119,-881,-2,-2119.53223,-879.380798,-1.15339816
-2108,-819,104,-2108.86768,-817.988037,104.497116
-2172,-819,40,-2172.5127,-817.96991,40.8585548
-2040,-948,14,-2040.86011,-940.996643,14.5101118
-2083,-948,-29,-2083.50586,-940.599609,-28.1373844
-2047,-1033,-21,-2047.79932,-958.128174,-20.3990898
-2047,-1033,-21,-2047.63574,-961.786438,-20.2280998
-2047,-1033,-21,-2047.85596,-977.66626,-20.482954
-2033,-1033,2,-2033.85303,-977.679626,2.52182055
-2071,-1033,-35,-2071.49902,-989.504944,-34.1334152
-2047,-1033,-21,-2047.50586,-989.504944,-20.1373844
-151,-83,1904,-151.999069,254.518005,1903.95691
-151,-83,1904,-151.999069,254.518005,1903.95691
-151,-83,1780,-151.999069,254.518005,1779.95691
-271,-83,1904,-271.042267,251.456238,1903.00098
-271,-83,1904,-271.042267,251.456238,1903.00098
-151,-83,1904,-151.042267,251.456238,1903.00098
-255,90,1845,-254.035965,94.3229523,1845.26575
-249,90,1822,-248.035934,94.3239899,1822.26562
-210,90,1800,-209.747711,94.5535202,1800.96765
-233,90,1806,-232.751221,94.5535202,1806.96851
-171,90,1822,-171.965637,94.1193161,1822.25977
-165,90,1845,-165.964844,94.1198349,1845.26282
-171,90,1867,-171.726151,94.2553101,1866.3125
-187,90,1884,-187.726364,94.2568665,1883.31274
-233,90,1884,-232.797928,93.9287796,1883.02063
-210,90,1889,-209.797546,93.9272614,1888.02075
-233,90,1884,-232.27301,94.2692642,1883.31335
-249,90,1867,-248.27301,94.2692642,1866.31335
-151,-83,1780,-151.043793,8285.74707,1780.99902
-271,-83,1780,-271.042267,-17.1105881,1780.99902
-151,-83,1780,-151.042267,-17.1105881,1780.99902
-180,31,1793,-180.218506,36.959137,1793.97583
-269,31,1845,-268.03595,37.1959801,1845.26562
-261,31,1815,-260.036163,37.1944695,1815.26648
-210,31,1904,-209.751221,38.2120171,1903.03149
-240,31,1896,-239.751221,38.210228,1895.03149
-151,31,1845,-151.97258,38.7422867,1845.2323
-158,31,1815,-158.97464,38.7413368,1815.22363
-158,31,1874,-158.71109,35.2855911,1873.297
-180,31,1896,-180.712097,35.2855911,1895.29797
-187,90,1806,-187.26181,94.5484085,1806.96509
-210,90,1800,-210.26181,94.5484085,1800.96509
-240,31,1793,-239.788681,36.8767471,1793.97742
-210,24,1785,-210.042267,45.0607567,1785.99902
-261,31,1874,-260.274994,35.1232529,1873.31128
-240,31,1896,-239.274048,35.1222305,1895.31226
-269,31,1845,-268.000885,87.8947067,1844.95801
-210,31,1904,-210.26181,38.4324455,1903.03491
-180,31,1896,-180.261917,38.4305954,1895.03491
-210,90,1889,-210.222748,93.9095383,1888.02515
-187,90,1884,-187.218506,93.910553,1883.02417
-151,31,1845,-151.972748,39.4233551,1844.76819
-158,31,1874,-158.972672,39.4266434,1873.76782
-165,90,1845,-165.963669,94.1619263,1844.73291
-171,90,1867,-171.964645,94.1628265,1866.73645
-158,31,1815,-158.712006,34.7366219,1815.70215
-180,31,1793,-180.71106,34.7366219,1793.70312
-187,90,1806,-187.711975,94.2909164,1806.70215
-171,90,1822,-171.712051,94.2909164,1822.70203
-249,90,1822,-248.290146,94.2965012,1822.70435
-233,90,1806,-232.291,94.2965012,1806.7052
-261,31,1815,-260.274994,34.7395439,1815.68872
-240,31,1793,-239.272903,34.7377052,1793.68652
-249,90,1867,-248.035934,94.3689423,1866.73438
-255,90,1845,-254.035934,94.3694916,1844.73438
-269,31,1845,-268.036469,37.6235504,1844.73242
-261,31,1874,-260.03595,37.6267471,1873.73438
-187,90,1806,-187.218506,94.2644501,1806.97583
-233,90,1806,-232.807648,94.2649765,1806.98132
-233,90,1806,-232.275558,94.1635056,1806.68933
-255,90,1845,-254.035934,94.2767181,1845.26562
-255,90,1845,-254.035934,94.4366913,1844.73438
-233,90,1884,-232.273819,94.4244461,1883.3125
-233,90,1884,-232.74913,94.2892914,1883.03198
-187,90,1884,-187.250732,94.2771606,1883.03198
-187,90,1884,-187.711075,94.4999313,1883.297
-165,90,1845,-165.97261,94.2636566,1844.76758
-165,90,1845,-165.97258,94.2267609,1845.23242
-187,90,1806,-187.711975,94.2909164,1806.70215
588,-203,1679,587.000977,-95.3613281,1678.95593
588,-203,1679,587.000977,-95.3613281,1678.95593
588,-203,1555,587.000977,-95.3613281,1554.95593
468,-203,1679,467.955841,9.93347168,1678.00098
468,-203,1679,467.955841,9.93347168,1678.00098
588,-203,1679,587.955872,9.93347168,1678.00098
485,-30,1620,485.96347,-25.8899364,1620.26758
491,-30,1597,491.963531,-25.8901939,1597.26758
530,-30,1575,530.239258,-25.2512016,1575.97095
507,-30,1581,507.243256,-25.2505951,1581.96985
569,-30,1597,568.030029,-25.6678619,1597.24316
575,-30,1620,574.030029,-25.6689644,1620.24316
569,-30,1642,568.266174,-25.73526,1641.32068
553,-30,1659,552.264709,-25.7358055,1658.32227
507,-30,1659,507.247894,-25.7049294,1658.03125
530,-30,1665,530.243164,-25.7065659,1664.03003
507,-30,1659,507.72525,-25.7472668,1658.31152
491,-30,1642,491.724548,-25.7488251,1641.31079
468,-203,1555,467.955841,-160.22821,1555.99902
588,-203,1555,587.955872,-160.22821,1555.99902
559,-89,1568,558.792969,-82.8602829,1568.97827
470,-89,1620,470.963806,-82.798378,1620.2666
478,-89,1590,478.963806,-82.7998886,1590.2666
530,-89,1679,530.243652,-81.7885742,1678.03015
500,-89,1671,500.250793,-81.7876968,1670.03198
589,-89,1620,588.0354,-81.8709717,1620.26367
581,-89,1590,580.034912,-81.8698578,1590.26184
581,-89,1649,580.282532,-84.7445831,1648.30347
559,-89,1671,558.284973,-84.7440338,1670.3009
553,-30,1581,552.736755,-25.2178097,1581.96472
530,-30,1575,529.754883,-25.2184162,1575.96948
500,-89,1568,500.180603,-82.9703522,1568.98352
530,-96,1561,529.955872,-77.8265076,1561.99902
478,-89,1649,478.709595,-84.9709244,1648.29541
500,-89,1671,500.709106,-84.9709244,1670.29492
470,-89,1620,470.999115,-32.0042381,1619.95801
530,-89,1679,529.736328,-81.631012,1678.0354
559,-89,1671,558.722656,-81.631012,1670.03931
530,-30,1665,529.754883,-25.655838,1664.03052
553,-30,1659,552.754883,-25.654747,1658.03052
589,-89,1620,588.035156,-81.3124313,1619.73718
581,-89,1649,580.033997,-81.312912,1648.74158
575,-30,1620,574.034912,-25.6174927,1619.73816
569,-30,1642,568.034912,-25.6180439,1641.73816
581,-89,1590,580.282837,-85.2081528,1590.6969
559,-89,1568,558.291016,-85.2079086,1568.7052
553,-30,1581,552.283325,-25.6737175,1581.69739
569,-30,1597,568.283325,-25.6737175,1597.69739
491,-30,1597,491.707245,-25.7001858,1597.70691
507,-30,1581,507.710327,-25.7001858,1581.70386
478,-89,1590,478.709137,-85.3578262,1590.70496
500,-89,1568,500.707123,-85.3578262,1568.70703
491,-30,1642,491.963806,-25.8399372,1641.7334
485,-30,1620,485.963531,-25.8407116,1619.73242
470,-89,1620,470.963531,-82.3451843,1619.73242
478,-89,1649,478.963806,-82.3415833,1648.7334
553,-30,1581,552.812744,-25.6789074,1581.9823
507,-30,1581,507.169342,-25.8075542,1581.98547
507,-30,1581,507.710327,-25.7001858,1581.70386
485,-30,1620,485.963531,-25.9124737,1620.26758
485,-30,1620,485.963531,-25.8842087,1619.73242
507,-30,1659,507.70929,-25.537365,1658.29517
507,-30,1659,507.251648,-25.7230282,1658.03223
553,-30,1659,552.722656,-25.5145683,1658.03931
553,-30,1659,552.28241,-25.4464016,1658.30359
575,-30,1620,574.034912,-25.5719566,1619.73816
575,-30,1620,574.03009,-25.7135048,1620.24341
553,-30,1581,552.283325,-25.6737175,1581.69739
-496,-323,1259,-496.999054,-226.330368,1258.95654
-496,-323,1259,-496.999054,-226.330368,1258.95654
-496,-323,1135,-496.999054,-226.330368,1134.95654
-616,-323,1259,-616.042969,-224.987213,1258.00098
-616,-323,1259,-616.042969,-224.987213,1258.00098
-496,-323,1259,-496.042267,-224.987213,1258.00098
-600,-150,1200,-599.030518,-145.853851,1200.24512
-594,-150,1177,-593.030029,-145.85437,1177.24316
-555,-150,1155,-554.754883,-145.43602,1155.96948
-578,-150,1161,-577.758789,-145.43602,1161.97046
-516,-150,1177,-516.969482,-145.642258,1177.24512
-510,-150,1200,-510.963531,-145.643631,1200.26758
-516,-150,1222,-516.733948,-145.678101,1221.3208
-532,-150,1239,-532.733459,-145.678375,1238.32031
-578,-150,1239,-577.793274,-146.028458,1238.02161
-555,-150,1244,-554.792969,-146.029968,1243.02173
-578,-150,1239,-577.282288,-145.810623,1238.30371
-594,-150,1222,-593.264709,-145.81218,1221.32227
-496,-323,1135,-496.042267,2045.36621,1135.99902
-616,-323,1135,-616.042969,-303.281799,1135.99902
-496,-323,1135,-496.042267,-303.281799,1135.99902
-526,-209,1148,-526.243164,-203.135666,1148.96997
-615,-209,1200,-614.034973,-202.484589,1200.26208
-607,-209,1170,-606.034973,-202.486572,1170.26208
-555,-209,1259,-554.754883,-201.817291,1258.03052
-585,-209,1251,-584.754883,-201.819092,1250.03052
-496,-209,1200,-496.9646,-202.265915,1200.26367
-504,-209,1170,-504.963531,-202.265503,1170.26758
-504,-209,1229,-504.712128,-204.784225,1228.29797
-526,-209,1251,-526.71582,-204.784485,1250.30176
-532,-150,1161,-532.243164,-145.448807,1161.96997
-555,-150,1155,-555.243164,-145.448807,1155.96997
-585,-209,1148,-584.784241,-203.135483,1148.97644
-555,-216,1140,-555.042969,-194.897919,1140.99902
-607,-209,1229,-606.301758,-204.822403,1228.28418
-585,-209,1251,-584.301758,-204.822403,1250.28418
-615,-209,1200,-614.000977,-95.8089218,1199.95593
-555,-209,1259,-555.261841,-201.708267,1258.03491
-526,-209,1251,-526.262695,-201.706467,1250.03516
-555,-150,1244,-555.213867,-146.077057,1243.02319
-532,-150,1239,-532.213867,-146.075546,1238.02319
-496,-209,1200,-496.963806,-201.648621,1199.7334
-504,-209,1229,-504.963531,-201.646835,1228.73242
-510,-150,1200,-510.963531,-145.637222,1199.73242
-516,-150,1222,-516.964844,-145.637634,1221.73718
-504,-209,1170,-504.712006,-205.290268,1170.70215
-526,-209,1148,-526.71582,-205.290741,1148.69824
-532,-150,1161,-532.71582,-145.718704,1161.69824
-516,-150,1177,-516.71582,-145.718704,1177.69824
-594,-150,1177,-593.30188,-145.789215,1177.71594
-578,-150,1161,-577.301758,-145.789215,1161.71582
-607,-209,1170,-606.295776,-205.358047,1170.70996
-585,-209,1148,-584.300781,-205.358398,1148.71484
-594,-150,1222,-593.034912,-145.870056,1221.73816
-600,-150,1200,-599.036804,-145.870819,1199.7312
-615,-209,1200,-614.034912,-202.038162,1199.73816
-607,-209,1229,-606.034912,-202.037323,1228.73816
-532,-150,1161,-532.222717,-145.759918,1161.97485
-578,-150,1161,-577.793274,-145.780014,1161.97839
-578,-150,1161,-577.301758,-145.789215,1161.71582
-600,-150,1200,-599.034912,-145.975967,1200.26184
-600,-150,1200,-599.034912,-145.86554,1199.73816
-578,-150,1239,-577.301758,-145.499893,1238.28418
-578,-150,1239,-577.736328,-145.670853,1238.0354
-532,-150,1239,-532.268555,-145.464661,1238.03674
-532,-150,1239,-532.71582,-145.386597,1238.30176
-510,-150,1200,-510.963806,-145.558502,1199.7334
-510,-150,1200,-510.965607,-145.674911,1200.25977
-532,-150,1161,-532.71582,-145.718704,1161.69824
-483,-1080,-458,-483.720032,-1059.21814,-458.693848
-461,-1080,-480,-461.721069,-1059.21814,-480.69281
-485,-1138,-453,-485.994843,-1136.97461,-453.100403
-665,-897,276,-665.704102,-896.494568,276.710022
498,-422,475,498.769653,-421.159637,474.361542
494,-409,518,494.990875,-402.501465,518.134705
665,-413,276,665.985229,-412.320496,276.171143
665,-413,276,665.746826,-412.448822,276.665009
-665,-897,276,-665.999023,-896.474304,276.042877
-276,-896,665,-276.711975,-895.438293,665.702087
-263,-913,635,-263.042267,-790.421143,635.999084
231,-913,639,230.95723,-789.855164,639.999084
504,-421,438,504.993866,-420.519775,438.109772
665,-413,276,665.73053,-412.252136,276.6828
512,-780,-430,512.700195,-779.428467,-430.713837
665,-630,276,665.979492,-610.87793,276.201477
525,-840,-478,525.041016,-559.862244,-477.000854
480,-840,-454,480.693909,-772.351196,-453.279938
-483,-1080,-458,-483.674713,-1054.78223,-458.738068
1,-33,3421,0.220158145,-30.820322,3421.62598
-164,-193,3449,-163.097382,-189.856873,3449.43042
180,-193,3449,179.066162,-188.971573,3449.35767
-83,-40,3316,-82.0985413,-28.9298935,3316.43286
1,-33,3421,1.78947318,-31.0726395,3421.61377
-182,-99,3607,-181.147339,-97.0860062,3607.52246
-271,-120,4114,-270.004974,-118.239639,4113.90039
-154,-43,4152,-153.440186,-41.0090027,4151.17139
260,-47,3778,259.112091,-43.4188766,3778.45996
260,-47,4033,259.000946,-42.7114182,4032.95654
160,-43,4152,159.21167,-41.7991257,4151.38477
3,-42,3611,3.17558646,-40.6362457,3611.98438
3,-42,3611,2.79851794,-40.6358185,3611.97949
151,-44,3639,150.202652,-42.8973656,3639.60352
260,-47,4033,259.000946,-43.3230972,4032.95654
260,-47,3778,259.000946,-43.3230972,3777.95654
286,-143,3767,285.079041,-140.502533,3767.38965
277,-120,4114,276.000946,-118.636223,4114.04297
-254,-47,3778,-253.15036,-45.1126099,3778.52734
-303,-121,3780,-302.091095,-116.555031,3780.41699
-254,-47,4033,-253.004883,-44.1126976,4032.90137
-271,-120,4114,-270.020874,-119.217201,4114.20312
1,-211,4303,1.37791765,-210.103836,4302.07422
1,-211,4303,0.587887228,-209.980148,4302.08887
3,-7,4188,3.32870483,-4.99136066,4187.05566
3,-7,4188,2.64679766,-5.15042353,4187.06445
-271,-120,4114,-270.589081,-118.618935,4113.08838
3,-7,4188,3.34479141,-5.1264019,4187.06152
3,-7,4188,2.64166689,-5.10134697,4187.06641
277,-120,4114,276.586823,-118.550186,4113.08936
1,-211,4303,1.88382578,-209.934357,4302.53223
1,-211,4303,0.121389478,-210.006943,4302.52246
88,-40,3316,87.0665283,-35.9848633,3316.35864
1,-33,3421,1.83138299,-32.4635353,3420.44434
-359,-234,3839,-358.354401,-233.305374,3839.76367
361,-246,3839,360.04306,-245.007507,3839.29028
277,-120,4114,276.01593,-119.121498,4114.17773
