-668,503,-440,-667.001892,503.045227,-440.061401
-1489,100,-858,-1489.91064,100.084496,-858.413086
244,510,1292,244.723511,510.085663,1292.69031
-2059,894,382,-2059.70801,894.122314,382.706146
-1985,735,-315,-1985.99902,735.124268,-315.042938
-1988,735,-233,-1988.99902,735.124634,-233.042267
-1434,764,388,-1433.36523,764.164185,388.772583
-1412,764,-346,-1412.30273,764.20282,-345.046936
244,510,1292,244.243683,510.204865,1292.96985
1049,0,2199,1049.86475,0.205826208,2198.4978
908,0,1960,908.864075,0.208538905,1959.4967
1262,67,1947,1261.00183,67.2202225,1947.0603
244,510,1292,244.835449,510.345306,1291.45044
-1489,100,858,-1489.85254,100.354942,858.522644
-1818,1331,-104,-1818.96362,1331.35754,-103.732742
-1000,8,-400,-1000.99902,8.36345577,-400.042267
-1000,8,400,-1000.99902,8.36345577,399.955841
-1000,8,400,-1000.99902,8.36345577,399.955841
-1588,526,-30,-1588.95789,526.364319,-30.2869358
1270,66,2045,1270.04102,66.3693008,2044.00085
-1836,629,165,-1836.74792,629.40094,164.336227
-2006,735,292,-2006.61133,735.416443,292.791321
-1645,736,352,-1645.19336,736.426025,352.98111
-1434,764,388,-1433.34509,764.447205,388.755707
244,510,1292,243.609344,510.46524,1291.07947
1242,83,1956,1241.00293,83.4722214,1956.07617
-1496,731,-314,-1496.09863,731.495544,-314.995026
1262,67,1947,1261.00391,67.5023651,1947.08765
-1804,655,-308,-1804.66016,655.510376,-308.751007
-1747,1303,35,-1747.99902,1303.51587,34.9558182
-1779,1293,90,-1779.98328,1293.51648,89.8178864
904,623,-2451,904.716309,623.527222,-2451.69775
-1970,853,-337,-1970.67578,853.529053,-337.737061
-1835,1325,-188,-1835.94202,1325.55884,-187.664612
-2059,894,382,-2059.66113,894.567749,382.750244
-1722,620,344,-1722.99902,620.567932,344.042633
-1947,419,2319,-1947.99609,419.570557,2319.08789
-1645,736,352,-1644.7998,736.575134,352.979706
-1780,817,-394,-1780.99902,817.578979,-394.042999
-1689,608,-313,-1689.66028,608.580933,-313.750977
-1778,1295,-27,-1778.98035,1295.59473,-27.1970177
-1779,1293,90,-1779.94702,1293.60291,89.678833
-1684,200,1041,-1684.94922,200.619034,1040.68542
-1565,721,344,-1565.41699,721.622925,344.908905
1134,65,1855,1134.76343,65.6368866,1855.64587
-1722,620,344,-1722.99915,620.6427,344.040619
-1579,848,461,-1578.9375,848.644043,460.001984
-1766,1318,14,-1766.9873,1318.65906,14.1584625
1242,83,2026,1242.04102,83.6597824,2025.00085
-1777,653,338,-1777.88928,653.66748,338.457184
-2032,894,-380,-2032.66028,894.673523,-380.750977
-1579,848,461,-1578.46582,848.690857,461.845367
-2006,735,292,-2006.60754,735.703918,292.794281
-1522,198,-479,-1522.99805,198.709885,-479.061981
-1744,611,-71,-1744.98718,611.712524,-71.158989
-2000,1393,-162,-2000.82629,1393.7146,-162.562897
-1744,611,-71,-1744.90881,611.762085,-71.4171371
776,641,-2159,776.987244,641.763672,-2159.15918
-1583,858,-433,-1582.73242,858.784973,-433.963531
2255,369,-1609,2255.02832,369.811005,-1609.99951
-1753,634,337,-1753.79907,634.812988,337.601227
1242,83,2026,1241.95593,83.8257904,2025.00098
1172,83,2026,1171.95593,83.8257904,2025.00098
-1719,606,51,-1719.36182,606.832336,50.0677528
776,641,-2159,776.936157,641.842712,-2159.35156
1137,83,1886,1137.7052,83.8555527,1886.70898
1102,83,1921,1102.70056,83.8555527,1921.7135
1137,83,1886,1137.76294,83.8844147,1886.64636
1886,320,2627,1886.9823,320.885803,2627.18726
-1998,769,229,-1998.70862,769.89032,228.294418
-1588,469,329,-1588.99805,469.892242,328.937561
-2032,894,-380,-2032.86865,894.90033,-379.504608
2019,320,1925,2019.97839,320.905579,1925.20667
-1985,735,-315,-1985.60352,735.924133,-315.797272
-1827,696,332,-1827.88843,696.940247,332.459015
-1758,1284,-72,-1758.99902,1284.94617,-71.9565735
-1575,240,-2494,-1575.3623,240.947266,-2494.93188
2019,320,1925,2019.89709,320.95166,1925.44128
1172,58,2049,1172.82959,58.954361,2048.44165
936,53,1796,936.863892,53.9638138,1795.49634
-1434,764,388,-1433.06506,764.978455,388.354797
-1639,518,209,-1639.96484,518.993042,208.737183
-1565,721,344,-1565.38965,721.999207,344.920868
-1753,634,337,-1753.79907,635.001465,337.601227
776,641,-2159,776.867615,642.015808,-2158.50293
-1400,48,-200,-1400.99902,49.0243988,-200.042267
-1400,48,200,-1400.99902,49.0243988,199.955826
-1400,48,200,-1400.99902,49.0243988,199.955826
-1648,601,417,-1648.58301,602.027039,417.812347
-1522,198,-479,-1522.99902,199.032547,-479.042267
-1766,1318,14,-1766.95764,1319.04187,13.7122879
123,240,-2351,123.549149,241.046616,-2351.83569
-1639,518,209,-1639.97534,519.047607,209.220352
-1832,1364,203,-1832.9165,1365.05481,202.60022
-1753,634,337,-1753.88831,635.055786,337.459167
-1982,809,-231,-1982.6875,810.060913,-230.273865
1134,65,1855,1133.42578,66.0609283,1855.8186
1137,83,1886,1136.42603,84.0733948,1886.81885
-1750,611,94,-1750.85913,612.075562,93.4882507
-639,240,-2854,-638.46521,241.076797,-2854.84497
-1583,858,-433,-1583.34375,859.080505,-432.060944
791,480,-1320,790.41217,481.096527,-1320.80896
1284,480,-1680,1283.41284,481.097015,-1680.80945
-1440,807,-364,-1439.00061,808.102478,-363.965088
-276,382,2165,-276.810974,383.116699,2165.58496
-1472,744,-401,-1471.95654,745.130249,-400.000946
244,510,1292,243.589142,511.134979,1291.08838
-1771,696,-57,-1770.69629,697.135315,-57.9526482
-1984,1364,241,-1984.66016,1365.15308,240.248886
-2011,859,342,-2011.51074,860.158752,342.85968
-1707,1258,32,-1707.99902,1259.16345,31.9558182
-1706,1258,0,-1706.9989,1259.16382,-0.0443911701
-1684,679,469,-1684.99902,680.166687,468.955841
-1805,818,410,-1805.91663,819.167114,410.399689
995,320,3068,995.424805,321.168335,3068.90527
791,480,-1320,791.632935,481.178009,-1320.77417
-798,241,1719,-798.579468,242.18158,1719.81494
2851,280,509,2851.77539,281.185028,509.631439
1242,83,1956,1241.00098,84.1854401,1955.95593
1242,83,2026,1241.00098,84.1854401,2025.95593
2740,314,-1664,2739.92285,315.186493,-1664.99695
-639,240,-2854,-639.372314,241.236176,-2854.92798
-1805,818,410,-1805.99915,819.250732,410.038879
-1575,240,-2494,-1575.3772,241.252228,-2494.92603
1262,67,1947,1261.42651,68.2534027,1947.81921
-1645,736,352,-1644.95801,737.258606,352.999084
-1588,469,329,-1588.75525,470.267609,329.655396
-1539,843,-428,-1539.74719,844.281372,-428.66452
96,320,2615,95.5372238,321.285522,2615.88647
-1771,696,-57,-1771.98828,697.307983,-57.1524467
-1848,1325,205,-1848.61987,1326.3241,204.215302
-1827,1431,-65,-1827.99939,1432.36072,-64.9650726
-1539,843,-428,-1539.63281,844.363708,-427.225708
-1818,1331,-104,-1818.99402,1332.37366,-104.108391
-1984,1364,241,-1984.40881,1365.38672,240.087387
-2036,831,206,-2036.95483,832.391907,206.296982
-2036,831,206,-2036.44043,832.39209,205.102219
1082,62,1911,1082.77258,63.4310532,1911.63477
-1780,817,-394,-1780.87305,818.455078,-394.487549
-1706,1191,132,-1706.99402,1192.45813,132.108597
1102,83,1921,1102.83142,84.4692688,1920.44446
1242,83,1956,1241.44824,84.4694901,1956.83398
1172,83,2026,1172.83154,84.4716187,2025.44458
1137,83,1886,1136.44458,84.4723129,1886.83154
-1496,746,403,-1496.38965,747.484009,403.920929
-1848,1325,205,-1848.94226,1326.48682,204.665131
-1565,536,-275,-1565.99109,537.505066,-275.132874
-1500,307,282,-1500.77991,308.522644,282.625885
-1771,696,-57,-1771.92944,697.563965,-56.6310387
-1496,731,-314,-1496.77954,732.5672,-314.626282
-1810,1408,-102,-1810.99902,1409.56946,-101.955818
1270,66,2045,1270.04102,67.5952682,2044.00085
2255,369,-1609,2254.79395,370.608856,-1609.97852
-1747,1725,-60,-1747.96167,1726.61621,-59.7257919
-1758,1284,-72,-1758.93835,1285.6261,-71.6543274
-1752,1725,84,-1752.36145,1726.63391,83.0676117
178,322,1634,178.772675,323.641937,1633.36523
-1588,526,-30,-1588.99792,527.663879,-30.0605164
2019,320,1925,2019.88428,321.67691,1925.46667
-1780,817,-394,-1779.02539,818.681519,-394.223877
-1778,1294,54,-1778.9989,1295.69409,53.9554749
-1889,1593,-158,-1889.97534,1594.70154,-158.220383
1284,480,-1680,1284.0437,481.712616,-1680.99902
562,425,1074,561.154663,426.73999,1074.53418
-1978,884,-302,-1978.90186,885.773071,-302.431854
2740,314,-1664,2740.80591,315.799225,-1664.5918
-1747,1303,35,-1747.47754,1304.81287,34.1213913
-1820,709,144,-1820.86572,710.834961,143.499512
178,322,1634,177.589142,323.84494,1633.08838
-2022,869,-200,-2022.7627,870.880859,-199.353424
-1565,536,-275,-1565.99915,537.929626,-274.959686
1052,443,-616,1051.95593,444.939362,-615.000977
-1691,1671,5,-1691.99792,1672.94556,4.93693209
-1692,1671,23,-1692.99805,1672.94629,22.9375324
1172,83,2026,1172.82947,85.0090561,2025.44153
-2059,894,382,-2059.22168,896.012756,382.975037
-1819,750,-114,-1819.94824,752.012939,-113.682457
-1776,696,78,-1776.87585,698.02124,77.5174255
-1779,1293,90,-1779.95374,1295.04456,89.6996155
3950,241,224,3950.20801,243.061371,224.978119
3941,240,-749,3941.15723,242.097839,-749.987427
995,320,3068,995.424316,322.109253,3068.90527
1886,320,2627,1886.42407,322.114502,2627.90552
-1565,536,-275,-1565.91187,538.128174,-274.589539
-1462,369,-32,-1462.99902,371.132599,-32.0426216
-1805,818,410,-1804.0321,820.132812,410.251129
2740,314,-1664,2740.81885,316.136078,-1664.57397
2851,280,509,2851.22192,282.148346,509.975037
-1967,1137,248,-1967.92639,1139.16589,247.623444
-1752,1725,84,-1752.93921,1727.19067,83.6566544
1052,443,-616,1052.04126,445.190735,-615.000854
1284,480,-1680,1283.40833,482.235474,-1680.80615
-624,159,-277,-623.500977,161.272095,-276.133423
123,240,-2351,123.988762,242.274734,-2351.14941
229,240,-1655,229.987839,242.282242,-1655.15527
-1789,783,-328,-1788.00671,785.282837,-327.884338
-1747,1303,35,-1747.40234,1305.3158,34.0845146
698,400,1278,697.331055,402.356049,1277.25671
-2000,400,-1190,-2000.58667,402.398529,-1189.19019
-1717,1228,-16,-1717.96753,1230.41748,-15.747447
-276,382,2165,-276.579102,384.417725,2165.81519
-1897,1576,-85,-1897.98938,1578.42358,-85.1453018
-1474,813,436,-1473.06714,815.432434,436.360107
3270,280,-897,3270.17505,282.435425,-897.984558
-1462,369,-32,-1462.99927,371.452026,-31.9625702
562,425,1074,561.867737,427.481934,1074.99121
1474,393,-321,1474.04321,395.540161,-321.999054
178,322,1634,177.60054,324.545776,1633.08325
-1448,812,-397,-1447.0437,814.567749,-397.292328
1052,443,-616,1052.83154,445.571777,-616.55542
-1539,843,-428,-1539.91174,845.614197,-427.589264
-1539,843,-428,-1539.88098,845.646912,-428.473114
698,400,1278,697.210144,402.651672,1277.38672
-571,170,-245,-571.498352,172.661423,-244.133026
-1846,810,125,-1846.51074,812.696167,124.140266
1284,480,-1680,1283.93762,482.700989,-1680.99805
-1992,1581,205,-1992.99951,1583.70496,205.023163
-1638,240,1714,-1638.04297,242.707443,1714.99902
5200,240,-2000,5199.29541,242.710724,-2000.70959
3941,240,-749,3940.28931,242.720871,-749.703369
-2000,400,-1334,-2000.9646,402.726105,-1334.26367
-1747,1725,-60,-1747.42969,1727.77771,-59.097023
-1970,853,-337,-1970.09863,855.779358,-337.995117
-1610,496,144,-1610.36694,498.781006,143.069763
2406,280,1103,2406.7915,282.815704,1103.61096
2851,280,509,2851.79907,282.835999,509.601105
562,425,1074,561.135254,427.911102,1074.5022
1082,62,1911,1082.82959,64.9154816,1910.44165
-1811,808,405,-1810.00964,810.927002,405.138
-639,240,-2854,-638.44751,242.935349,-2854.8335
-2000,400,1330,-2000.8186,402.948456,1330.57422
-1579,848,461,-1579.92041,850.948853,461.390594
-1846,810,125,-1846.78076,812.96051,124.375175
-1579,848,461,-1579.94604,850.990845,460.675995
-1720,731,361,-1719.552,733.996887,361.894012
-1780,817,-394,-1779.00098,820.006897,-394.043793
-1549,375,482,-1549.99915,378.016022,482.039581
3950,241,224,3949.25269,244.029709,224.664459
-1778,1295,-27,-1778.48035,1298.0426,-26.1229229
-244,240,1184,-243.27359,243.051361,1184.68726
-276,382,2165,-276.786774,385.052643,2165.61719
4,240,920,4.72802734,243.059418,920.685547
562,425,1074,561.891907,428.073425,1074.99414
-1480,706,362,-1480.52246,709.144043,362.8526
-798,241,1719,-798.042969,244.20488,1719.99902
-2000,400,1190,-2000.64502,403.209961,1189.23584
-1717,1228,-16,-1717.98718,1231.22278,-16.1592598
995,320,3068,994.53125,323.223663,3068.8833
-2032,894,-380,-2032.16016,897.224304,-380.987061
96,320,2615,95.5386353,323.256592,2615.88721
-1699,731,-340,-1698.49219,734.407776,-340.86145
-1970,853,-337,-1970.06177,856.416077,-337.998077
1886,320,2627,1886.98425,323.419586,2627.17627
-1819,750,-114,-1819.85901,753.430908,-113.488045
-1787,790,-320,-1786.00085,793.43512,-319.958679
-1549,375,482,-1549.99109,378.449036,481.867096
1052,443,-616,1052.8833,446.514465,-616.468506
-1746,1303,-6,-1746.49219,1306.57532,-5.12951088
-1835,1325,-188,-1835.66809,1328.60596,-187.25592
-624,159,-151,-623.481995,162.613724,-151.855377
229,240,-1655,229.977707,243.683426,-1655.20996
791,480,-1320,791.606384,483.706909,-1320.79517
-1776,696,78,-1776.83435,699.714478,77.4487686
-624,159,-277,-623.450195,162.846207,-276.164734
-571,170,-245,-571.486389,173.886353,-244.126266
178,322,1634,178.698395,325.903656,1633.2843
-1498,745,441,-1497.78516,748.930725,440.023376
-1838,810,-108,-1838.82605,814.019653,-107.436409
-678,149,-245,-677.000916,153.047516,-245.042267
-678,149,-182,-677.000916,153.047516,-182.042267
-678,149,-245,-677.000916,153.047516,-245.042267
-1582,576,-341,-1582.99109,580.0849,-340.867035
-503,463,-13,-503.987793,467.193359,-13.1556587
-2022,869,-200,-2022.52246,873.234436,-199.147339
1221,423,-343,1221.06177,427.237061,-343.998077
4,240,920,4.68209219,244.259964,920.731262
-1474,813,436,-1473.00085,817.299866,436.041321
-1526,786,-406,-1525.35571,790.304077,-406.764771
-1813,1022,-107,-1813.25977,1026.46777,-106.034332
1520,385,-619,1519.00488,389.52121,-619.098206
-537,316,148,-537.999084,320.584808,148.042419
-1719,1228,47,-1719.99902,1232.67822,47.0430069
-503,463,-13,-503.989807,467.814178,-12.8575859
-542,425,288,-542.748108,429.839294,287.336426
-1548,790,458,-1548.67798,794.932739,458.735046
-554,484,-315,-554.74707,488.94223,-314.335266
-649,404,413,-649.747864,409.111938,412.336151
-1738,676,342,-1738.04199,681.123352,342.999115
-554,484,-315,-554.989136,489.170563,-314.852997
-1659,1801,15,-1659.9137,1806.271,15.406332
-1719,1228,47,-1719.948,1233.29773,46.6817245
-1897,1576,-85,-1896.95752,1581.32642,-85.9990921
-1970,853,-337,-1969.83789,858.376404,-337.986755
-1699,731,-340,-1699.33008,736.490173,-340.943939
-1703,1204,16,-1703.99902,1209.59399,15.9558172
-571,170,-182,-571.999084,175.624054,-182.042267
-571,170,-245,-571.999084,175.624054,-245.042267
-571,170,-245,-571.999084,175.624054,-245.042267
-1810,1408,-102,-1810.97449,1413.69421,-101.775673
-1581,837,442,-1581.63281,842.785583,442.77417
-1604,627,-426,-1604.99109,632.804077,-425.867035
-542,425,288,-542.989136,430.867096,287.852997
-1548,790,458,-1548.62402,795.928894,458.781311
-2001,1855,1057,-2001.01465,1860.93542,1056.00012
-1759,656,-86,-1759.84033,662.148743,-85.4579315
-1547,839,-410,-1546.922,845.174255,-410.996948
-668,503,-440,-668.746582,509.191986,-439.334717
-2032,894,-380,-2032.1084,900.196411,-380.994049
-1806,791,335,-1806.40149,797.292969,335.915863
-1530,290,232,-1530.54895,296.343689,231.164154
-1498,722,-299,-1498.60742,728.494995,-299.794342
1474,393,-321,1473.01062,399.583557,-321.145142
-2001,1852,-1064,-2001.04297,1858.67676,-1063.00098
-1806,791,335,-1805.00073,797.745728,335.035614
-571,170,-182,-571.488281,176.832489,-182.872681
-1718,675,-322,-1718.11719,681.88446,-322.993103
-1806,791,335,-1805.02222,798.290894,335.209503
454,196,2311,454.881683,203.449478,2310.52832
462,196,2326,462.882263,203.451141,2325.5293
-1659,1801,15,-1659.99902,1808.48975,14.9558172
-1659,1801,15,-1659.97437,1808.65125,14.7753134
2416,244,-1409,2416.11548,251.756653,-1408.00671
2400,244,-1407,2400.11523,251.758194,-1406.00671
-1609,688,-421,-1609.86328,695.909912,-420.4953
-1751,800,11,-1751.84998,807.950806,10.4731913
-1794,974,71,-1794.40295,982.355957,70.0847855
-1787,790,-320,-1787.33203,798.359314,-320.943268
-1417,284,-169,-1417.93616,292.457214,-168.648499
-1820,709,144,-1820.64844,717.680603,143.238739
-1723,631,39,-1722.13147,639.966736,38.504364
-2956,1850,-1065,-2956.04297,1859.52283,-1064.00098
-1597,1105,479,-1597.15332,1114.78125,479.988159
-1783,1272,-170,-1783.44434,1281.90063,-169.104141
-1751,800,11,-1751.88232,810.027222,11.4705849
-1446,2000,-602,-1446.84436,2010.16125,-601.464233
-1446,2000,602,-1446.84436,2010.16125,601.464233
-1547,2000,-759,-1547.84497,2010.16345,-758.46521
-1547,2000,759,-1547.84497,2010.16345,758.46521
-1796,1272,191,-1796.39465,1282.19653,190.081177
-1939,1409,381,-1939.34375,1419.39917,381.939056
-1472,744,-401,-1472.58301,754.590149,-400.187561
-2001,2000,1044,-2001.86389,2011.05322,1043.49634
-1727,2000,-915,-1727.65137,2011.58789,-914.241272
-1727,2000,915,-1727.65137,2011.58789,914.241272
-1547,2000,-759,-1547.65845,2011.59863,-758.247375
-1547,2000,759,-1547.65845,2011.59863,758.247375
-1445,329,175,-1445.53284,340.727509,174.153793
-2001,2002,-1053,-2001.4668,2013.7876,-1052.11572
-1727,2000,915,-1727.42651,2012.07764,914.09552
-2001,2000,1044,-2001.4248,2012.09094,1043.09473
-1727,2000,-915,-1727.4668,2012.17627,-914.115662
-1727,2000,915,-1727.4668,2012.17627,914.115662
-1691,1671,5,-1691.50098,1683.18164,5.86539412
-1448,812,-397,-1447.95728,824.323242,-396.000916
-2120,2000,-1190,-2120.86523,2012.55859,-1189.49866
-1990,1049,163,-1990.44055,1061.71252,162.10228
1166,167,2390,1165.28467,179.851929,2390.69873
1154,167,2378,1153.28345,179.851929,2378.69751
-1474,813,436,-1473.89941,826.068115,435.005096
-537,316,148,-537.999084,329.103699,147.95723
-2867,1847,1056,-2866.9668,1860.13257,1055.00061
2096,269,-1416,2096.87158,282.469391,-1416.49011
-2006,735,292,-2006.62793,748.489502,291.221741
-1421,808,-398,-1420.96179,821.499207,-397.000732
2096,269,-1416,2096.84912,282.733276,-1416.52808
2105,269,-1401,2105.84912,282.733276,-1401.52795
-1692,1671,23,-1692.47607,1684.7561,22.1205959
454,196,2311,454.858521,209.906433,2310.4873
-1988,735,-233,-1988.49707,749.749451,-232.132294
-2120,2000,1190,-2120.77686,2015.18274,1189.37036
-2001,2000,1044,-2001.77686,2015.20911,1043.37036
1121,167,2574,1121.69678,182.281281,2574.71729
1121,167,2574,1121.69678,182.281281,2574.71729
1109,167,2586,1109.69751,182.281281,2586.71655
-1520,784,-444,-1520.04199,799.855957,-443.000885
-1738,676,342,-1738.22217,692.035217,342.975006
-1547,839,-410,-1547.04309,855.104126,-410.999054
-1897,1249,-259,-1897.23047,1265.44775,-259.973053
465,312,2318,464.955841,329.055817,2318.99902
465,312,2318,464.955841,329.055817,2318.99902
450,312,2318,449.955841,329.055817,2318.99902
2416,244,-1409,2416.08716,261.534027,-1408.00391
1118,284,2586,1117.03516,302.168915,2586.2627
1114,284,2572,1113.03516,302.170074,2572.2627
-1597,1105,479,-1597.77979,1123.43237,479.626007
1166,167,2390,1165.28345,186.051147,2390.69751
-1617,838,447,-1616.86523,857.134399,447.990875
1118,284,2586,1117.04382,303.621155,2586.29272
-1668,681,-315,-1667.84619,701.938416,-315.988098
-1807,728,-311,-1807.16016,749.175598,-311.98703
1154,284,2386,1153.72266,305.308655,2385.03931
1168,284,2382,1167.72949,305.308655,2381.03735
2406,361,-1402,2405.06226,382.501007,-1402.34692
-1474,813,436,-1474.04297,834.73114,435.000946
1154,284,2386,1153.75488,305.810577,2385.03052
-1686,720,338,-1685.89954,742.127808,338.994934
-1547,2000,-759,-1547.70032,2022.16162,-758.286194
-1547,2000,759,-1547.70032,2022.16162,758.286194
2107,385,-1409,2106.95605,407.251984,-1408.00098
2107,385,-1409,2106.95605,407.251984,-1408.00098
2093,385,-1409,2092.95605,407.251984,-1408.00098
-1580,837,480,-1580.61914,859.534851,479.214722
2412,361,-1415,2411.08887,384.304718,-1415.41174
2406,361,-1402,2405.08887,384.309387,-1402.41211
-1446,2000,-602,-1446.85547,2024.04553,-601.482178
-1446,2000,602,-1446.85547,2024.04553,601.482178
-1978,1581,-198,-1978.7074,1605.30884,-198.706802
-2001,2002,-1053,-2001.7522,2027.32544,-1052.34106
-1446,2000,-602,-1446.95618,2025.43494,-602.292786
-1911,729,-301,-1911.09863,755.233093,-301.995117
-1498,722,-299,-1498.06152,748.395325,-299.998077
-624,159,-151,-623.767944,188.018448,-151.972702
-1812,703,-138,-1812.73157,732.097595,-137.318237
-1547,825,-444,-1547.07568,854.143921,-443.002869
1154,284,2386,1154.97437,314.150146,2386.22461
1157,284,2372,1157.97681,314.169312,2372.21411
-1690,670,353,-1690.23438,701.533936,353.972137
2100,385,-1396,2099.11572,416.679138,-1396.4668
2107,385,-1409,2106.11572,416.693573,-1409.4668
-1561,656,-348,-1561.26562,690.768799,-348.96402
2105,269,-1401,2104.11475,305.166077,-1401.46497
2113,269,-1416,2112.11572,305.17807,-1416.4668
2410,244,-1393,2410.80615,280.646423,-1393.59155
2400,244,-1407,2400.80884,280.662018,-1407.58789
-1794,974,71,-1794.84265,1013.89075,70.4615479
-1512,788,-423,-1512.93604,830.220398,-422.648499
-537,316,148,-537.517578,358.85379,148.855591
-535,306,254,-535.331116,354.049225,253.056412
-1461,760,403,-1461.88733,808.356628,403.46109
2397,361,-1413,2397.76782,415.94342,-1413.64062
2406,361,-1402,2406.76782,415.94342,-1402.64062
-1813,1022,-107,-1813.90979,1078.96411,-106.584938
2400,244,-1407,2400.78833,302.637756,-1407.61523
1104,284,2582,1104.26184,345.201599,2581.03491
1118,284,2586,1118.26172,345.201599,2585.03491
462,196,2326,461.119293,257.78299,2325.52637
1104,284,2582,1104.2196,346.275146,2581.02441
2105,269,-1401,2104.13525,342.150482,-1401.50195
2100,385,-1396,2099.11475,459.194275,-1396.46497
-1446,2000,-602,-1446.9646,2075.16064,-602.26355
471,196,2311,470.13739,282.546936,2310.49414
462,196,2326,461.13739,282.562805,2325.49414
1157,284,2372,1157.96948,372.92981,2372.24487
1154,167,2378,1154.96326,256.731293,2378.26855
457,312,2331,456.13739,405.516541,2330.49414
-537,316,148,-537.49707,410.34967,148.867676
1109,167,2586,1109.22266,261.409851,2585.02515
1126,167,2590,1126.22314,261.409851,2589.02539
1109,167,2586,1109.24316,261.726013,2585.03003
1150,167,2394,1150.96948,262.687469,2394.24487
1154,167,2378,1154.96948,262.695312,2378.24512
457,312,2331,456.144379,421.156677,2330.48242
465,312,2318,464.137817,421.156677,2317.49341
-535,306,254,-535.507751,419.353546,253.138504
2397,361,-1413,2397.80908,530.741455,-1413.58752
