-164,-236,255,-164.78302,-230.127289,255.621994
-183,-229,232,-183.782715,-226.463379,232.622375
-167,-220,255,-167.7827,-216.105942,255.622391
-281,-148,-490,-281.676422,-137.890884,-490.736511
-170,-180,-590,-170.680817,-166.861252,-590.732422
-160,-100,-610,-160.67775,-86.7695465,-610.735291
-40,-220,480,-40.4404182,-69.2247391,480.897766
-46,-105,477,-46.4403076,-86.6964264,477.897827
0,-103,500,-0.432097405,47.2670746,500.901825
-120,-110,400,-120.715889,-72.1831131,400.698212
-46,-105,477,-46.7168388,-94.3549271,477.697235
-40,-220,480,-40.7154999,-181.460663,480.698608
-120,-110,400,-120.745308,-90.4180374,400.666718
-40,-220,480,-40.7352982,-199.632355,480.677734
-112,-220,400,-112.745308,-207.66597,400.666718
46,-105,477,46.719101,-87.3460312,477.694885
120,-110,400,120.719208,-80.0132828,400.694794
111,-220,400,111.719101,-195.563995,400.694885
46,-105,477,46.7462082,-69.3304825,477.66568
111,-220,400,111.746193,-171.786606,400.66571
40,-220,480,40.7462311,-158.6064,480.66568
40,-220,480,40.4362106,-69.220108,480.899841
0,-103,500,0.432097405,47.2670746,500.901825
46,-105,477,46.4362106,-86.6917953,477.899841
290,-236,62,290.996002,-218.350708,62.0892448
300,-104,40,300.996002,-75.5856705,40.0892372
293,-222,37,293.995972,-205.031982,37.0893288
-269,-222,80,-269.628418,-194.598282,80.7778625
-290,-236,62,-290.628387,-218.418655,62.7778778
-272,-109,82,-272.628448,-99.5746002,82.7778473
208,-230,187,208.964691,-183.250137,187.263382
216,-119,164,216.965012,-102.53054,164.262207
215,-219,163,215.9646,-160.086807,163.263718
-188,-219,208,-188.720047,-170.993286,208.693924
-208,-230,187,-208.71907,-172.442139,187.694916
-191,-122,208,-191.719055,-65.6661377,208.694916
-147,-215,299,-147.782715,-197.770035,299.622375
-164,-229,277,-164.782684,-200.508774,277.622406
-152,-122,301,-152.783951,-107.795647,301.620819
164,-229,277,164.9991,-205.776505,277.042328
168,-121,254,168.999146,-115.528534,254.041321
164,-236,255,164.999146,-209.690643,255.041321
120,-110,400,120.945633,-97.6187744,400.325226
134,-124,354,134.942047,-116.718727,354.33548
128,-211,351,128.942368,-199.694595,351.334564
-112,-220,400,-112.955803,-204.906067,400.294006
-128,-211,351,-128.956467,-190.051392,351.29184
-120,-110,400,-120.955765,-87.6365585,400.294098
-215,-219,163,-215.636444,-176.174744,163.771301
-236,-232,145,-236.636444,-203.556686,145.771286
-216,-119,164,-216.636505,-115.119659,164.771271
-183,-229,232,-183.81813,-106.392982,232.575027
-168,-121,254,-168.818085,-45.926899,254.575073
-167,-220,255,-167.818085,-75.2694016,255.575058
-134,-124,354,-134.719086,-111.291664,354.694916
-128,-211,351,-128.719086,-193.182983,351.694916
-148,-225,328,-148.719086,-214.031479,328.694916
148,-225,328,148.981079,-213.131302,327.806396
152,-122,301,152.98085,-107.160469,300.805237
142,-232,299,142.981079,-219.167664,298.806396
188,-219,208,188.977036,-177.043945,208.213074
183,-229,232,183.976929,-179.611404,232.213562
191,-122,208,191.977036,-52.0373726,208.213074
236,-232,145,236.9767,-212.899445,145.214539
247,-114,124,247.976746,-92.1806107,124.214325
242,-222,120,242.976761,-202.548203,120.214294
-319,-237,22,-319.481354,-216.825775,22.8765259
-300,-104,40,-300.481812,-80.9556274,40.8762741
-293,-222,37,-293.481354,-202.610504,37.8765259
360,-100,-44,360.936584,-77.713768,-43.649559
360,-225,-60,360.936401,-202.967117,-59.6490707
353,-224,-43,353.936432,-216.722519,-42.6491508
288,-132,-310,288.908051,-111.112885,-310.418854
283,-222,-310,283.913055,-207.475586,-310.407806
305,-227,-259,305.908051,-226.928482,-259.418854
-305,-227,-360,-305.808044,-220.932709,-359.410889
-360,-108,-400,-360.808014,-98.4782181,-399.410858
-288,-132,-310,-288.808044,-122.225945,-309.410889
-300,-330,-1703,-300.926208,686.697815,-1702.62305
-300,-193,-1703,-300.926208,686.697815,-1702.62305
-241,-76,-1560,-241.930115,806.569153,-1559.63281
-212,-320,-1491,-212.92012,391.901093,-1490.6084
-300,-330,-1703,-300.918457,503.962891,-1702.60449
-241,-76,-1560,-241.918457,664.262329,-1559.60449
-241,-76,-1846,-241.928177,3329.89844,-1846.37207
-300,-330,-1703,-300.924225,2565.03271,-1703.38184
-212,-340,-1915,-212.922195,1911.71948,-1915.38672
-212,-340,-1915,-212.388702,4149.58789,-1915.92126
-111,-312,-1957,-111.38002,4896.99365,-1957.92493
-112,-173,-1956,-112.393333,2362.78516,-1956.91931
0,207,-2003,-0.391007841,921.971863,-2003.92029
0,448,-2003,-0.391007841,921.971863,-2003.92029
-212,448,-1915,-212.388916,793.248535,-1915.92126
-212,80,-1915,-212.928284,196.531876,-1915.37183
-254,108,-1815,-254.92218,263.135895,-1815.38672
-266,80,-1784,-266.928192,166.813095,-1784.37207
-266,80,-1622,-266.920746,325.590057,-1621.60986
-254,108,-1591,-254.918671,514.058411,-1590.60498
-212,80,-1491,-212.922195,384.269745,-1490.61328
-254,247,-1815,-254.749405,252.293961,-1815.66211
-212,448,-1915,-212.749359,450.95755,-1915.66199
-318,291,-1756,-318.742615,296.301544,-1756.66968
-254,247,-1591,-254.74263,252.691696,-1590.33032
-318,291,-1651,-318.749603,292.998077,-1650.33813
-212,448,-1491,-212.749329,450.29834,-1490.33789
-620,200,-1623,-620.042969,490.605713,-1622.00098
-380,100,-1623,-380.042267,391.298401,-1622.00098
-620,100,-1623,-620.042969,490.605713,-1622.00098
299,-560,-1703,299.920532,2279.38501,-1703.39062
275,-320,-1763,275.920227,4873.48779,-1763.39136
212,-593,-1915,212.920151,5394.19922,-1915.39148
266,-300,-1783,266.920258,1053.01135,-1783.39124
212,-593,-1915,212.920105,2076.1106,-1915.3916
275,-320,-1763,275.920105,1974.54846,-1763.3916
212,-560,-1491,212.92012,10791.6709,-1490.6084
266,-300,-1623,266.923004,3866.21533,-1622.61523
275,-320,-1643,275.920532,11072.3291,-1642.60938
266,-300,-1623,266.920105,97.6365585,-1622.6084
212,-160,-1491,212.9207,487.996735,-1490.60974
267,-200,-1623,267.92218,449.230469,-1622.61328
283,-160,-1663,283.922333,864.661133,-1662.61365
212,207,-1491,212.922333,1239.39966,-1490.61365
300,207,-1703,300.920288,1239.36841,-1702.60876
283,-160,-1743,283.920197,850.66156,-1743.39136
300,207,-1703,300.92215,1225.40015,-1703.38672
212,207,-1915,212.920212,1225.40015,-1915.39136
380,-200,-1623,379.955841,91.8247833,-1622.00098
440,-300,-1623,439.955841,91.8247833,-1622.00098
266,-300,-1623,265.955841,91.8247833,-1622.00098
380,-200,-1623,379.955841,91.8247833,-1622.00098
266,-300,-1623,265.955841,91.8247833,-1622.00098
267,-200,-1623,266.955841,91.8247833,-1622.00098
620,-300,-1623,619.955872,-80.7459259,-1622.00098
440,-300,-1623,439.955841,-6.42561054,-1622.00098
380,-200,-1623,379.955841,18.3736324,-1622.00098
212,-593,-1915,212.381821,-64.3980331,-1915.92419
81,-379,-1969,81.3681564,-254.792221,-1969.92969
0,-593,-2003,0.377157718,-64.3980331,-2003.92615
81,-379,-1969,81.3792419,582.107239,-1969.92529
212,-593,-1915,212.381897,1127.34058,-1915.92419
111,-312,-1957,111.368248,1053.2179,-1957.92969
111,-312,-1957,111.967728,42.9077797,-1957.25195
112,-173,-1956,112.970711,312.604095,-1956.24023
80,-220,-2083,80.9688568,355.852783,-2083.24756
-80,-220,-2083,-80.9728241,134.609528,-2083.23145
-112,-173,-1956,-112.972816,91.3608475,-1956.23145
-111,-312,-1957,-111.972847,-178.312744,-1957.23145
-212,40,-1915,-212.679657,45.3585205,-1915.73352
-112,-173,-1956,-112.669197,-169.276443,-1956.74304
-53,-129,-2021,-53.6912346,-125.287666,-2021.72253
112,-173,-1956,112.705177,-163.894775,-1956.70898
212,207,-1915,212.709122,222.828461,-1915.70496
53,-129,-2021,53.7013474,-119.88459,-2021.71277
112,-173,-1956,112.379242,3875.38184,-1956.92529
111,-312,-1957,111.37944,6065.81494,-1957.92517
212,-193,-1915,212.388763,7631.26709,-1915.92126
-53,-109,-1385,-52.6620483,160.191833,-1384.05884
0,200,-1403,0.336492628,559.720642,-1402.05835
39,-109,-1418,39.3365364,411.659576,-1417.05835
39,-109,-1418,39.3804321,213.403015,-1417.0752
212,207,-1491,212.381714,241.783096,-1490.07581
112,-153,-1450,112.386276,-118.548759,-1449.07764
-53,-109,-1385,-53.6702957,-103.585518,-1384.25793
-112,-153,-1450,-112.670586,-147.587097,-1449.25818
-212,40,-1491,-212.67926,45.8339424,-1490.26611
-111,-292,-1449,-111.976837,148.094162,-1448.78613
-112,-153,-1450,-112.976906,478.044617,-1449.78638
-80,-200,-1303,-80.9768829,430.125031,-1302.78625
-80,-300,-1323,-80.9728699,-279.657104,-1322.76868
-111,-292,-1449,-111.972847,-282.188324,-1448.76855
-80,-200,-1303,-80.972847,-181.360474,-1302.76855
80,-200,-1303,80.9777527,239.275589,-1302.79028
112,-153,-1450,112.977776,287.19519,-1449.79041
111,-292,-1449,111.977715,-42.7552757,-1448.79016
80,-200,-1303,80.9708939,-179.605667,-1302.7605
111,-292,-1449,111.970894,-280.433533,-1448.7605
80,-300,-1323,80.9707413,-277.902618,-1322.75989
206,448,-1909,206.409012,1156.05566,-1909.91248
0,448,-2003,0.411019117,1389.41211,-2003.91162
0,207,-2003,0.411019117,1389.41211,-2003.91162
212,448,-1491,212.922333,8772.48242,-1490.61365
300,207,-1703,300.920288,8772.23242,-1702.60876
212,207,-1491,212.922333,8772.48242,-1490.61365
300,448,-1703,300.92215,2264.81982,-1703.38672
212,207,-1915,212.920212,2264.81982,-1915.39136
300,207,-1703,300.92215,2264.81982,-1703.38672
212,-593,-1915,212.920151,2499.92383,-1915.39148
300,-993,-1703,300.920105,2099.13599,-1703.3916
299,-560,-1703,299,-560,-1703
-560,-1232,-1523,-560.042969,-1008.76373,-1522.00098
-640,-1232,-1523,-640.042969,-1008.76373,-1522.00098
-640,-1153,-1523,-640.042969,-1008.76373,-1522.00098
-560,-1232,-1523,-560.011719,-817.654053,-1522.00012
-640,-1153,-1523,-640.009766,-881.849609,-1522.00012
-460,-1152,-1523,-460.015076,-737.409607,-1522.00012
-760,-1232,-1583,-760.462891,-984.916504,-1582.11365
-640,-1153,-1523,-640.467651,-984.458496,-1522.11609
-640,-1232,-1523,-640.467651,-984.458496,-1522.11609
-340,-1472,-1583,-339.541473,-1088.19666,-1582.11133
-460,-1392,-1523,-459.545502,-1008.15314,-1522.10925
-340,-1353,-1583,-339.541473,-1088.19666,-1582.11133
-242,-1472,-1564,-242.181183,-1130.59045,-1563.0166
-340,-1472,-1583,-340.180481,-1265.66968,-1582.01648
-340,-1353,-1583,-340.180481,-1265.66968,-1582.01648
-243,-1353,-1841,-243.185272,-844.609131,-1841.98267
-340,-1472,-1823,-340.195343,-636.425049,-1823.98071
-242,-1472,-1841,-242.180527,-941.558594,-1841.98352
-243,-1353,-1841,-243.845276,-1345.698,-1841.53418
-212,-1247,-1915,-212.845337,-1238.90796,-1915.53406
-286,-1247,-1799,-286.848511,-1241.7959,-1799.52917
-212,-1472,-1915,-212.922195,-1180.90845,-1915.38672
-243,-1353,-1841,-243.928192,-1083.28174,-1841.37207
-242,-1472,-1841,-242.91803,-1363.58801,-1841.39648
-212,-1472,-1491,-212.922195,-1053.85242,-1490.61328
-242,-1472,-1564,-242.924194,-1146.00354,-1563.61816
-243,-1353,-1565,-243.918671,-918.677063,-1564.60498
214,-1012,-1917,214.922806,-935.786194,-1917.38525
246,-1232,-1832,246.924179,-1132.16492,-1832.38184
266,-1212,-1783,266.926361,-1133.49036,-1783.37659
246,-1232,-1574,246.928162,-1158.09534,-1573.62793
214,-1021,-1488,214.928345,-941.381836,-1487.6283
266,-1212,-1623,266.928345,-1158.60913,-1622.6283
212,-1472,-1915,212.928162,-1335.22327,-1915.37207
246,-1232,-1832,246.928162,-1145.58411,-1832.37207
214,-1012,-1917,214.928497,-967.520264,-1917.37134
246,-1232,-1574,246.928543,-1089.40747,-1573.62878
212,-1472,-1491,212.928787,-1279.96936,-1490.62939
214,-1021,-1488,214.928223,-869.469238,-1487.62805
214,-1021,-1488,214.928299,-638.004333,-1487.62817
267,-1113,-1623,267.928345,-599.088867,-1622.6283
266,-1212,-1623,266.92868,-962.280151,-1622.62915
283,-1073,-1743,283.928497,-1002.38196,-1743.37134
300,-993,-1703,300.928192,-922.326111,-1703.37207
214,-1012,-1917,214,-1012,-1917
283,-1073,-1663,283.928345,-997.944214,-1662.6283
214,-1021,-1488,214.928177,-971.235352,-1487.62793
300,-993,-1703,300.928253,-917.831421,-1702.62805
267,-1113,-1783,267.928192,-967.885559,-1783.37207
283,-1073,-1743,283.928223,-927.69812,-1743.37195
214,-1012,-1917,214,-1012,-1917
283,-1073,-1663,283.928192,-895.956177,-1662.62793
267,-1113,-1623,267.92868,-936.174744,-1622.62915
214,-1021,-1488,214.928833,-904.411987,-1487.62952
212,-1472,-1915,212.376724,-1339.08362,-1915.92627
214,-1012,-1917,214.382706,-971.592651,-1917.92383
0,-1015,-2006,0.372018605,-928.503845,-2006.92822
212,-1472,-1915,212.381714,-1342.86963,-1915.92419
0,-1015,-2006,0.376989365,-932.686401,-2006.92615
0,-1472,-2003,0.376989365,-1319.12573,-2003.92615
-212,-1118,-1915,-212.374771,-1095.55688,-1915.927
0,-1015,-2006,-0.391007841,-1000.93799,-2006.92029
-214,-1040,-1917,-214.388931,-1033.08911,-1917.92126
-212,-1472,-1491,-212.388916,-1325.60767,-1490.07874
0,-1011,-1399,-0.391566306,-782.001892,-1398.07996
0,-1472,-1403,-0.391247332,-1301.677,-1402.07983
0,-1472,-1403,0.376989365,-1327.83936,-1402.07385
0,-1011,-1399,0.376989365,-808.09552,-1398.07385
214,-1021,-1488,214.38945,-864.110962,-1487.07898
0,-1472,-1403,0.376989365,-1329.21997,-1402.07385
214,-1021,-1488,214.381714,-865.721497,-1487.07581
212,-1472,-1491,212.381897,-1352.64783,-1490.07581
267,-1113,-1623,266.955841,-826.36792,-1622.00098
313,-1113,-1623,312.955841,-826.36792,-1622.00098
312,-1212,-1623,311.955841,-826.36792,-1622.00098
267,-1113,-1623,266.955841,-826.607239,-1622.00098
312,-1212,-1623,311.955841,-826.607239,-1622.00098
266,-1212,-1623,265.955841,-826.607239,-1622.00098
-528,-1092,-2681,-527.34668,-775.595398,-2680.24292
-528,-993,-2681,-527.34668,-775.595398,-2680.24292
-436,-993,-2761,-435.345001,-776.281067,-2760.24438
-633,-993,-2802,-633.658325,-529.608826,-2802.75269
-542,-1092,-2880,-542.667969,-916.097046,-2880.74414
-542,-993,-2881,-542.667969,-529.483826,-2881.74414
380,-993,-3142,379.955841,-696.115479,-3141.00098
460,-993,-3142,459.955841,-696.115479,-3141.00098
460,-1092,-3143,459.955841,-976.175354,-3142.00098
380,-993,-3142,379.955841,-696.115479,-3141.00098
460,-1092,-3143,459.955841,-976.175354,-3142.00098
380,-1092,-3143,379.955841,-976.175354,-3142.00098
95,-918,-2762,95.038559,-911.50415,-2761.00098
190,-1015,-2782,190.040543,-1008.52588,-2781.00098
-99,-1111,-2783,-98.9585724,-1108.60425,-2782.00098
-99,-1111,-2783,-99.1161194,17.0661449,-2782.00684
-100,-720,-2782,-100.107208,1216.22949,-2781.00586
95,-918,-2762,94.8832779,1013.03577,-2761.00684
380,-1015,-3002,380.754486,-599.674011,-3001.34375
380,-1112,-3003,380.754486,-874.229736,-3002.34375
285,-1112,-2893,285.750244,-873.46051,-2892.33887
-190,-1015,-3662,-190.663635,502.079926,-3662.74805
-300,-918,-3566,-300.666626,1768.32703,-3566.74536
-297,-1015,-3567,-297.666626,-159.233231,-3567.74536
-380,-1015,-3443,-380.84024,-906.245422,-3443.54199
-297,-1015,-3567,-297,-1015,-3567
-300,-918,-3566,-300.845306,-785.393005,-3566.53418
-380,-1015,-3223,-380.711975,-622.712708,-3222.29785
-420,-995,-3263,-420.712433,-602.713318,-3262.29834
-420,-895,-3262,-420.71347,-320.380463,-3261.29932
380,-993,-3302,380.980927,-987.471008,-3301.80566
380,-953,-3262,380.980774,-947.471069,-3261.80493
400,-918,-3332,400.981079,-912.462646,-3331.8064
285,-1112,-2893,285.750244,-696.388977,-2892.33887
190,-1015,-2782,190.754486,-421.064087,-2781.34375
380,-1015,-3002,380.754486,-422.602478,-3001.34375
270,-918,-2906,270.754486,-911.935364,-2905.34375
190,-800,-2782,190.754425,-790.043945,-2781.34375
380,-800,-3002,380.755127,-790.034363,-3001.34448
-340,-1112,-2783,-339.779419,-19.9993896,-2782.02466
-435,-1092,-2761,-434.771362,-22.249321,-2760.02661
-436,-993,-2761,-435.771362,-253.242279,-2760.02661
-340,-1112,-2783,-339.779419,-426.653656,-2782.02466
-436,-993,-2761,-435.771362,-541.816772,-2760.02661
-340,-880,-2782,-339.779419,238.492722,-2781.02466
-542,-993,-2881,-542.788696,-373.219391,-2881.61475
-542,-1092,-2880,-542.788269,-767.515015,-2880.61523
-380,-1112,-3082,-380.78363,-768.284241,-3082.62109
-542,-993,-2881,-542.833252,-987.770813,-2881.55273
-380,-1112,-3082,-380.826294,-1109.54102,-3082.56323
-380,-1015,-3113,-380.82663,-1010.92682,-3113.56274
-420,-895,-3262,-420.042267,-597.430054,-3261.00098
-420,-995,-3263,-420.042267,-879.904175,-3262.00098
-1000,-995,-3263,-1000.04297,-879.904175,-3262.00098
-420,-895,-3262,-420.042267,-597.430054,-3261.00098
-1000,-995,-3263,-1000.04297,-879.904175,-3262.00098
-1001,-895,-3262,-1001.04297,-597.430054,-3261.00098
-220,-720,-2822,-220.32373,372.375732,-2821.05396
-100,-720,-2782,-100.316597,374.956299,-2781.05151
-99,-1111,-2783,-99.3105545,-962.035156,-2782.04956
-220,-720,-2822,-220.31636,1460.75537,-2821.05151
-99,-1111,-2783,-99.3194504,-876.239929,-2782.05249
-220,-1111,-2823,-220.32254,-612.247986,-2822.05347
-340,-340,-2782,-340.042267,2024.47156,-2781.00098
-260,-340,-2782,-260.042267,2024.47156,-2781.00098
-260,-1112,-2783,-260.042267,-159.995117,-2782.00098
-340,-340,-2782,-340.042267,2024.47156,-2781.00098
-260,-1112,-2783,-260.042267,-159.995117,-2782.00098
-340,-1112,-2783,-340.042267,-159.995117,-2782.00098
-260,-340,-2782,-259.291138,1053.40784,-2781.29468
-220,-340,-2822,-219.303223,1053.40784,-2821.28271
-220,-1111,-2823,-219.298737,126.716133,-2822.28711
-260,-340,-2782,-259.288452,3039.90723,-2781.29736
-220,-1111,-2823,-219.287979,1905.54187,-2822.29785
-260,-1112,-2783,-259.288452,737.577515,-2782.29736
-773,200,-1623,-773.042969,494.74353,-1622.00098
-620,200,-1623,-620.042969,494.74353,-1622.00098
-620,100,-1623,-620.042969,494.74353,-1622.00098
-773,200,-1623,-773.042969,494.74353,-1622.00098
-620,100,-1623,-620.042969,494.74353,-1622.00098
-802,100,-1623,-802.042969,494.74353,-1622.00098
-925,100,-1623,-925.042969,394.022461,-1622.00098
-925,200,-1623,-925.042969,394.022461,-1622.00098
-773,200,-1623,-773.042969,394.022461,-1622.00098
-925,100,-1623,-925.042969,394.022461,-1622.00098
-773,200,-1623,-773.042969,394.022461,-1622.00098
-802,100,-1623,-802.042969,394.022461,-1622.00098
-964,320,-1766,-963.000977,326.484955,-1766.04297
-945,440,-1773,-944.000977,446.488342,-1773.04297
-945,440,-1883,-944.000977,446.488342,-1883.04297
-964,320,-1871,-963.000977,326.484955,-1871.04297
-964,320,-1766,-963.000977,326.484955,-1766.04297
-945,440,-1883,-944.000977,446.488342,-1883.04297
-925,100,-1623,-924.300781,521.886536,-1622.28516
-945,100,-1603,-944.30188,521.886536,-1602.28406
-925,200,-1623,-924.300781,521.886536,-1622.28516
-945,100,-1603,-944.301758,590.158447,-1602.28418
-945,220,-1603,-944.301758,590.158447,-1602.28418
-925,200,-1623,-924.301758,569.86499,-1622.28418
-1665,-40,-1483,-1665.71582,439.405701,-1482.30176
-1545,80,-1363,-1545.71497,439.405701,-1362.3009
-1425,-40,-1243,-1425.70276,439.43512,-1242.28857
-1545,80,-1363,-1545.71497,89.981781,-1362.3009
-1553,200,-1354,-1553.7168,211.913986,-1353.30273
-1425,80,-1243,-1425.70264,92.5577469,-1242.28845
-1545,80,-1363,-1545.71594,90.3862305,-1362.30188
-1665,80,-1483,-1665.71643,92.9614029,-1482.30237
-1553,200,-1354,-1553.71655,212.259384,-1353.30249
-1165,80,-1963,-1165.04297,403.279358,-1963.99902
-1165,201,-1963,-1165.04297,403.279358,-1963.99902
-1260,220,-1963,-1260.04297,542.816772,-1963.99902
-1045,435,-1343,-1044.30017,441.008514,-1342.28577
-945,440,-1443,-944.287109,445.930115,-1442.29883
-963,320,-1453,-962.290039,329.607513,-1452.29578
-1058,320,-1358,-1057.30188,325.798248,-1357.28406
-1045,435,-1343,-1044.30176,437.372162,-1342.28418
-963,320,-1453,-962.286194,325.798248,-1452.29968
-1193,320,-1343,-1192.85388,325.328827,-1342.01074
-1226,443,-1315,-1225.84668,445.164154,-1314.01184
-1045,435,-1343,-1044.85388,436.959229,-1342.01074
-1058,320,-1358,-1057.90039,327.115997,-1357.005
-1193,320,-1343,-1192.90137,328.074249,-1342.00488
-1045,435,-1343,-1044.89197,438.685303,-1342.00586
-964,320,-1766,-963.000977,325.999268,-1766.04407
-958,320,-1657,-957.000977,330.501556,-1657.04358
-945,440,-1773,-944.000977,446.198334,-1773.0437
-966,320,-1561,-965.009583,325.648285,-1560.86194
-945,440,-1553,-944.008606,442.89856,-1552.86914
-930,440,-1663,-929.008606,446.801178,-1662.86914
-963,320,-1453,-962.000977,326.626373,-1453.04297
-945,440,-1443,-944.000977,442.965332,-1443.04297
-945,440,-1553,-944.000977,442.965332,-1553.04297
-966,320,-1561,-965.000977,325.699493,-1561.04321
-963,320,-1453,-962.000977,326.18924,-1453.04297
-945,440,-1553,-944.000977,443.037781,-1553.04358
-945,440,-1883,-944.300842,445.828827,-1883.71497
-1025,445,-1963,-1024.3009,449.483093,-1963.71497
-1039,320,-1946,-1038.30188,324.152283,-1946.71594
-964,320,-1871,-963.300842,325.368774,-1871.71497
-945,440,-1883,-944.288452,445.37735,-1883.70264
-1039,320,-1946,-1038.29102,323.803406,-1946.7052
-1283,320,-1946,-1283.04297,327.508118,-1946.99902
-1283,447,-1963,-1283.04297,459.039337,-1963.99902
-1445,447,-1963,-1445.04297,459.039337,-1963.99902
-1437,320,-1946,-1437.04297,327.504303,-1946.99902
-1283,320,-1946,-1283.04297,327.504303,-1946.99902
-1445,447,-1963,-1445.04297,459.035553,-1963.99902
-1283,320,-1946,-1283.34961,327.969788,-1946.93689
-1170,320,-1986,-1170.33887,328.060699,-1986.9408
-1283,447,-1963,-1283.34961,459.604156,-1963.93689
-1039,320,-1946,-1038.84668,326.570007,-1946.98816
-1025,445,-1963,-1024.84668,454.545197,-1963.98816
-1163,440,-1983,-1162.86719,450.309479,-1983.99109
-1165,201,-1963,-1165.34961,205.727264,-1963.93689
-1170,320,-1986,-1170.33911,321.65448,-1986.94067
-1283,320,-1946,-1283.34961,321.60257,-1946.93689
-1165,201,-1963,-1164.63574,206.826965,-1963.93127
-1065,200,-1923,-1064.63086,205.104767,-1923.92932
-1170,320,-1986,-1169.63086,322.455536,-1986.92932
-1545,440,-1923,-1545.70422,444.863831,-1923.70984
-1625,434,-1843,-1625.70422,438.309174,-1843.70984
-1606,320,-1831,-1606.69934,324.850708,-1831.71472
-1531,320,-1906,-1531.71582,325.187775,-1906.69788
-1545,440,-1923,-1545.71655,449.16925,-1923.69751
-1606,320,-1831,-1606.71582,329.161682,-1831.69812
-1635,447,-1583,-1635.9646,455.353119,-1583.26355
-1646,320,-1491,-1646.95874,326.851532,-1491.28406
-1618,320,-1586,-1618.9646,322.556763,-1586.26343
-1606,320,-1831,-1606.99915,326.038147,-1830.95874
-1625,434,-1843,-1625.99915,440.870148,-1842.95874
-1623,447,-1683,-1623.99902,447.891693,-1682.95605
-1606,316,-1683,-1606.99902,323.08551,-1683.04297
-1606,320,-1831,-1606.99902,329.446167,-1831.04297
-1623,447,-1683,-1623.99902,449.973846,-1683.04297
-1565,444,-1343,-1565.5863,449.649475,-1342.18994
-1425,432,-1243,-1425.58667,437.535706,-1242.19019
-1418,317,-1263,-1418.58667,322.718292,-1262.19019
-1646,320,-1491,-1646.80908,325.562531,-1490.41235
-1665,437,-1483,-1665.8092,440.678375,-1482.41248
-1565,444,-1343,-1565.80945,447.655426,-1342.41284
-1286,320,-1263,-1285.33997,327.266815,-1262.24878
-1285,436,-1243,-1284.33984,440.173309,-1242.2489
-1193,320,-1343,-1192.35352,328.297394,-1342.23718
-1418,317,-1263,-1417.95593,322.658905,-1262.00098
-1425,432,-1243,-1424.97302,434.085754,-1242.00037
-1285,436,-1243,-1284.97656,438.42276,-1242.00037
-1286,320,-1263,-1285.95898,325.723145,-1262.00085
-1418,317,-1263,-1417.95593,322.882568,-1262.00098
-1285,436,-1243,-1284.9845,438.618073,-1242.00012
-1545,440,-1923,-1545.41113,445.399597,-1923.9115
-1531,320,-1906,-1531,320,-1906
-1437,320,-1946,-1437,320,-1946
-1445,447,-1963,-1445.37695,453.61972,-1963.92603
-1545,440,-1923,-1545.37695,448.281891,-1923.92615
-1437,320,-1946,-1437.37207,320.640839,-1946.9281
-1065,200,-1923,-1064.63574,562.904175,-1923.93115
-1165,201,-1963,-1164.63696,565.420959,-1963.93176
-1165,80,-1963,-1164.63696,565.420959,-1963.93176
1553,-440,-1238,1553.7052,123.654121,-1237.29102
1610,-40,-1293,1610.69739,936.541565,-1292.28333
1780,-40,-1463,1780.71643,936.57666,-1462.30237
1553,-440,-1238,1553.7052,123.654121,-1237.29102
1780,-40,-1463,1780.71643,936.57666,-1462.30237
1836,-440,-1521,1836.69836,123.619034,-1520.2843
1610,-40,-1293,1610.71484,78.5519485,-1292.30078
1663,40,-1348,1663,40,-1348
1720,40,-1405,1720.71106,75.559288,-1404.29688
1536,-440,-1475,1536.69629,-127.996094,-1475.71753
1663,-440,-1348,1663.69641,-361.443512,-1348.71753
1565,-260,-1446,1565.69629,-181.327805,-1446.71741
1578,-80,-1546,1577.29626,-73.8666153,-1546.71045
1536,40,-1531,1536,40,-1531
1521,-80,-1490,1520.3009,-73.8732529,-1490.71497
1286,0,-1988,1286.16895,8.25002003,-1988.9856
1456,400,-2003,1456.18555,415.991638,-2003.98254
1241,165,-2016,1241.18555,178.653961,-2016.98254
1065,-80,-1843,1065.46277,-68.5102615,-1843.88647
1065,-300,-1823,1065.46753,-288.511139,-1823.88391
1226,-160,-1751,1226.46289,-154.287949,-1751.88635
1065,-80,-1843,1064.53223,-67.6003723,-1843.88379
965,-160,-1783,964.533325,-147.631439,-1783.8844
1065,-300,-1823,1064.53125,-287.639374,-1823.8833
965,-160,-1623,964.635742,-150.535446,-1622.06873
1065,-108,-1578,1064.62622,-97.1951218,-1577.07251
1065,-320,-1603,1064.62598,-310.541809,-1602.07263
1065,14,-1649,1064.00488,22.0716095,-1649.09863
1079,20,-1796,1078.00488,27.0574989,-1796.09851
1065,169,-1843,1064.00488,177.677521,-1843.09827
1316,-160,-1841,1315.11365,-143.230621,-1840.53711
1240,-300,-2003,1239.1145,-297.968506,-2002.5354
1225,-80,-2003,1224.11572,-77.8613052,-2002.53308
1553,-440,-1238,1553.71497,1336.09814,-1237.3009
1518,256,-1203,1518.71509,745.005066,-1202.30103
1588,163,-1274,1588.70911,648.563538,-1273.29492
1553,-440,-1238,1553.73291,-111.210892,-1237.3197
1588,163,-1274,1588.73401,247.676117,-1273.32092
1606,-19,-1293,1606.73413,321.571808,-1292.32104
1065,169,-1843,1065.03992,229.949768,-1843.99915
1173,80,-1838,1173,80,-1838
1230,207,-1839,1230.0437,228.32309,-1839.99902
1240,-300,-2003,1239.2262,-281.727997,-2003.63342
1280,-200,-2061,1279.22571,-181.683792,-2061.63281
1225,-80,-2003,1224.22302,-61.6033058,-2003.62952
1593,-440,-1531,1592.28333,-354.020294,-1530.30261
1493,-440,-1631,1492.2843,-354.020294,-1630.30164
1550,-380,-1573,1549.28271,-294.001404,-1572.30322
1521,-320,-1490,1521.70422,-134.298935,-1490.70984
1536,-440,-1475,1536.71387,-113.305634,-1475.7002
1565,-260,-1446,1565.6969,-72.7250519,-1446.71716
1521,-320,-1490,1521.70911,-114.976883,-1490.70496
1493,-380,-1518,1493.6969,-175.210342,-1518.71716
1536,-440,-1475,1536.69629,-82.7687149,-1475.71765
1493,-380,-1518,1493.69678,-296.467651,-1518.71729
1436,-440,-1573,1436.69922,-416.505432,-1573.71484
1536,-440,-1475,1536.6969,-296.467651,-1475.71716
-1720,-1004,-3343,-1720.96948,2728.5835,-3342.75488
-1720,-695,-3342,-1720.96948,3670.77686,-3341.75488
-1671,-1004,-3163,-1671.9646,12.2218494,-3162.73633
-1011,-855,-3302,-1010.00098,-840.252075,-3302.04297
-1000,-694,-3343,-999.000977,-680.225769,-3343.04297
-1011,-855,-3342,-1010.00098,-840.252075,-3342.04297
-1011,-855,-3382,-1010.00098,-840.252075,-3382.04297
-1011,-855,-3342,-1010.00098,-840.252075,-3342.04297
-1000,-694,-3343,-999.000977,-680.225769,-3343.04297
-1011,-855,-3302,-1010.03491,112.552124,-3301.73828
-1048,-694,-3163,-1047.03503,325.656738,-3162.73779
-1000,-694,-3343,-999.034912,125.662834,-3342.73828
-1011,-855,-3382,-1010.03534,-446.358002,-3382.26343
-1000,-694,-3343,-999.035339,-210.824646,-3343.26343
-1048,-694,-3523,-1047.03516,-113.530319,-3523.2627
-1021,-994,-3423,-1020.03522,-714.249207,-3423.26294
-1021,-895,-3422,-1020.03516,-793.424377,-3422.2627
-1048,-1004,-3523,-1047.0354,-785.574158,-3523.26367
-1021,-994,-3263,-1020.03674,-780.785706,-3262.73145
-1048,-1004,-3163,-1047.03674,-829.927063,-3162.73145
-1021,-895,-3262,-1020.03674,-730.406311,-3261.73145
-1000,-995,-3263,-1000.04297,-698.254578,-3262.00098
-1021,-994,-3263,-1021.04297,-698.254578,-3262.00098
-1021,-895,-3262,-1021.04297,-415.780426,-3261.00098
-1000,-995,-3263,-1000.04297,-698.254578,-3262.00098
-1021,-895,-3262,-1021.04297,-415.780426,-3261.00098
-1001,-895,-3262,-1001.04297,-415.780426,-3261.00098
-1060,80,-3203,-1059.30176,607.746155,-3202.28418
-1220,80,-3043,-1219.30176,607.746155,-3042.28418
-1220,200,-3042,-1219.30176,948.44165,-3041.28418
-1060,200,-3202,-1059.30176,729.271851,-3201.28418
-1060,80,-3203,-1059.30176,388.576385,-3202.28418
-1220,200,-3042,-1219.30176,729.271851,-3041.28418
-1660,80,-3203,-1660.71484,579.158813,-3202.30078
-1660,200,-3202,-1660.71216,919.913086,-3201.2981
-1500,200,-3042,-1500.71289,919.913086,-3041.29883
-1500,80,-3043,-1500.71387,579.158813,-3042.2998
-1660,80,-3203,-1660.71484,579.158813,-3202.30078
-1500,200,-3042,-1500.71289,919.913086,-3041.29883
-1460,230,-3042,-1460.96948,1790.3999,-3041.75488
-1440,200,-2963,-1440.96948,1524.40808,-2962.75488
-1460,105,-3043,-1460.96948,1428.04736,-3042.75488
-1460,230,-3042,-1460.02246,617.185486,-3041.00049
-1460,105,-3043,-1460.02246,264.852142,-3042.00049
-1500,80,-3043,-1500.02148,239.992676,-3042.00024
-1460,230,-3042,-1460.04297,593.631348,-3041.00098
-1500,80,-3043,-1500.04297,225.725067,-3042.00098
-1500,200,-3042,-1500.04297,563.529175,-3041.00098
-1220,80,-3043,-1220.04297,154.513489,-3042.00098
-1285,80,-3043,-1285.04297,154.513489,-3042.00098
-1260,105,-3042,-1260.04297,224.678375,-3041.00098
-1220,80,-3043,-1220.04297,441.306122,-3042.00098
-1260,230,-3042,-1260.04297,809.212402,-3041.00098
-1220,200,-3042,-1220.04297,779.110229,-3041.00098
200,-320,-4360,200.213593,2195.62524,-4359.02344
104,-184,-4336,104.218559,2840.52881,-4335.02441
201,-220,-4360,201.214447,2801.14526,-4359.02344
-104,-314,-4336,-104.239395,2425.77222,-4335.0293
-200,-320,-4360,-200.268951,1915.01843,-4359.03711
-201,-220,-4360,-201.269669,2521.76929,-4359.03711
-104,-184,-4543,-104.362938,-164.269257,-4543.93164
-162,-220,-4520,-162.369568,-180.517136,-4520.9292
-151,-320,-4519,-151.369568,-283.468719,-4519.9292
-200,-320,-4360,-200.458145,1026.73792,-4359.11133
-440,-220,-4482,-440.461212,1597.18201,-4481.11279
-201,-220,-4360,-201.459198,1599.64343,-4359.11182
201,-220,-4360,201.461273,1196.57886,-4359.11279
440,-320,-4482,440.459259,1092.58203,-4481.11182
200,-320,-4360,200.461273,623.980957,-4359.11279
162,-320,-4520,161.537704,388.671051,-4520.88672
371,-220,-4627,370.536774,388.085724,-4627.88623
162,-220,-4520,161.537704,388.671051,-4520.88672
-853,-1112,-2690,-852.636047,5276.63916,-2690.9314
-854,-873,-2691,-853.621094,8822.13086,-2691.92529
-936,-833,-2725,-935.631042,8863.72949,-2725.92944
-840,-1092,-2675,-840.478027,-1082.08923,-2675.87817
-803,-973,-2707,-803.479675,-962.321167,-2707.8772
-854,-873,-2691,-854.467773,-852.550049,-2691.88379
-671,-873,-2478,-670.207153,-861.012878,-2477.39062
-646,-973,-2526,-645.201599,-961.009766,-2525.39795
-683,-1092,-2494,-682.210327,-1080.09705,-2493.38647
-670,-1112,-2478,-669.36615,-1106.65601,-2478.77344
-683,-1092,-2494,-682.36554,-1082.62256,-2494.77295
-702,-1112,-2504,-701.379883,-1106.04578,-2504.78442
-840,-1092,-2675,-839.135254,-1086.62354,-2675.5022
-853,-1112,-2690,-852.135254,-1106.66516,-2690.5022
-833,-1112,-2655,-832.138,-1109.94592,-2655.50684
-724,-993,-2723,-724.206055,-542.689331,-2723.97852
-803,-973,-2707,-803.213867,-522.454651,-2707.97681
-723,-1092,-2723,-723.213867,-638.686401,-2723.97681
-803,-973,-2707,-803.377258,-966.03064,-2707.92603
-840,-1092,-2675,-840.395508,-1085.198,-2675.91846
-723,-1092,-2723,-723.377136,-1086.43762,-2723.92603
-619,-1092,-2602,-618.146912,-1084.06128,-2601.47827
-683,-1092,-2494,-682.150391,-1082.40503,-2493.47266
-646,-973,-2526,-645.140869,-964.138489,-2525.48828
-648,-1232,-2392,-647.143799,10025.0273,-2391.4834
-713,-1232,-2283,-712.135132,8585.07129,-2282.49805
-713,-793,-2283,-712.135132,8585.07129,-2282.49805
-1011,-1112,-2078,-1010.63605,-442.706482,-2077.0686
-1011,-833,-2078,-1010.63605,-442.706482,-2077.0686
-895,-793,-2126,-894.609375,-51.8384171,-2125.07959
-1119,-1112,-2080,-1119.04297,-548.614807,-2079.00098
-1011,-833,-2078,-1011.04297,-628.893066,-2077.00098
-1011,-1112,-2078,-1011.04297,-628.893066,-2077.00098
-1299,-1112,-2411,-1299.995,-451.652893,-2411.09937
-1300,-833,-2411,-1300.995,226.659744,-2411.09937
-1312,-872,-2303,-1312.995,22.6659756,-2303.09961
-1234,-1112,-2520,-1234.87158,667.273743,-2520.49023
-1300,-833,-2411,-1300.86365,2578.27417,-2411.50391
-1299,-1112,-2411,-1299.86389,921.854248,-2411.50366
-724,-993,-2723,-724.65155,-724.821899,-2723.75854
-723,-1092,-2723,-723.659485,-921.292969,-2723.75171
-632,-1092,-2802,-632.644653,-827.864624,-2802.7644
-619,-1092,-2602,-618.34668,-755.634094,-2601.24292
-528,-993,-2681,-527.340271,-852.621582,-2680.24854
-528,-1092,-2681,-527.340271,-852.621582,-2680.24854
820,-1113,-1623,820.338867,-892.644104,-1623.9408
385,-1212,-1783,385.341431,-1068.80652,-1783.93982
820,-1212,-1622,820.340637,-1107.54663,-1622.94019
820,-1212,-1462,819.649109,-903.826965,-1461.0636
385,-1212,-1623,384.648773,-954.225403,-1622.06372
385,-1113,-1623,384.648773,-954.225403,-1622.06372
880,-1152,-2782,879.099365,8977.72559,-2782.43457
880,-924,-2782,879.099365,8977.72559,-2782.43457
800,-924,-2622,799.097961,9003.72559,-2622.43164
880,-1152,-2782,879.099365,8977.72559,-2782.43457
800,-924,-2622,799.097961,9003.72559,-2622.43164
800,-1152,-2622,799.097961,9003.72559,-2622.43164
1400,-1152,-2622,1400.8833,8599.7373,-2622.46875
1400,-924,-2622,1400.8833,8599.7373,-2622.46875
1320,-924,-2782,1320.8833,8573.07129,-2782.46875
1400,-1152,-2622,1400.8833,8599.7373,-2622.46875
1320,-924,-2782,1320.8833,8573.07129,-2782.46875
1320,-1152,-2782,1320.8833,8573.07129,-2782.46875
916,-1033,-3302,916.029175,-37.4182129,-3302.99951
820,-1132,-3303,820.032104,-498.307373,-3303.99927
917,-1132,-3301,917.041382,-1078.93481,-3301.99902
897,-1132,-3143,896.955872,-838.94873,-3142.00098
820,-1132,-3143,819.955872,-766.54071,-3142.00098
820,-1033,-3142,819.955872,-486.480865,-3141.00098
897,-1132,-3143,896.955872,3.35473633,-3142.00098
820,-1033,-3142,819.955872,1060.35474,-3141.00098
898,-1033,-3142,897.955872,1060.35474,-3141.00098
1050,-1033,-3263,1050.26172,227.326401,-3263.96509
916,-1033,-3302,916.261841,1168.96436,-3302.96509
917,-1132,-3301,917.261719,231.326279,-3301.96509
1179,-1033,-3040,1179.95862,1453.95569,-3040.28418
1141,-1132,-3172,1141.96069,-6.66646338,-3172.2771
1178,-1132,-3040,1178,-1132,-3040
1020,-1132,-3020,1019.02533,2028.66541,-3019.77637
1003,-1033,-3092,1002.02924,2032.30164,-3091.76001
1020,-1033,-3021,1019.02319,1343.59534,-3020.78589
1020,-1132,-3020,1019.00098,-504.229523,-3020.04297
1020,-1033,-3021,1019.00098,-504.025421,-3021.04297
1020,-1073,-2852,1019.00098,-541.942627,-2852.04297
1020,-1132,-3020,1019.00098,1188.39233,-3020.04297
1020,-1073,-2852,1019.00098,900.401123,-2852.04297
1020,-1172,-2852,1019.00098,900.401123,-2852.04297
1179,-1172,-2853,1179.99902,-831.974609,-2853.04297
1180,-1073,-2852,1180.99902,-481.748749,-2852.04297
1179,-1033,-3040,1179.99902,-439.857544,-3040.04297
1179,-1172,-2853,1179.99902,1193.19434,-2853.04297
1179,-1033,-3040,1179.99902,3149.75,-3040.04297
1178,-1132,-3040,1178.99902,629.211548,-3040.04297
1320,-924,-2782,1320.42615,3909.21411,-2782.90454
1180,-1071,-2852,1180.42407,3745.21899,-2852.90552
1320,-1152,-2782,1320.42615,3909.21411,-2782.90454
1180,-1071,-2852,1180.43066,889.572876,-2852.90234
1179,-1172,-2853,1179.42419,1866.07642,-2853.90552
1320,-1152,-2782,1320.42395,907.705627,-2782.90552
1020,-1073,-2852,1019.53217,947.704407,-2852.88379
880,-1152,-2782,879.53125,965.837219,-2782.88306
1020,-1172,-2852,1019.53217,947.704407,-2852.88379
1020,-1073,-2852,1019.53125,3985.21167,-2852.8833
880,-924,-2782,879.536316,4150.54004,-2782.88599
880,-1152,-2782,879.536316,4150.54004,-2782.88599
1178,-1212,-1725,1178.99915,1220.27051,-1724.95874
1179,-1113,-1726,1179.99915,3727.57861,-1725.95874
1180,-1073,-1913,1180.99963,3774.96167,-1912.97461
1178,-1212,-1725,1178.99902,-869.693909,-1724.95593
1180,-1073,-1913,1180.99988,-393.192291,-1912.9845
1179,-1172,-1912,1179.99915,-744.536438,-1911.95874
1020,-1172,-1912,1019.00098,1100.82361,-1912.04297
1020,-1073,-1913,1019.00098,1101.10925,-1913.04297
1020,-1113,-1745,1019.00098,1065.11035,-1745.04297
1020,-1172,-1912,1019.00098,-465.496002,-1912.04297
1020,-1113,-1745,1019.00098,-438.231537,-1745.04297
1020,-1212,-1745,1019.00098,-438.231537,-1745.04297
1020,-1113,-1745,1019.02533,711.2005,-1745.22339
1002,-1212,-1672,1001.02905,1409.51257,-1672.23926
1020,-1212,-1745,1019.02533,711.2005,-1745.22339
1178,-1212,-1725,1178.95874,10044.3604,-1724.71582
1141,-1113,-1593,1141.96082,17514.7988,-1592.7229
1179,-1113,-1726,1179.96082,17546.7969,-1725.7229
970,-1113,-1640,969.758789,-72.513916,-1640.97046
898,-1113,-1623,897.756348,-73.8041992,-1623.96985
897,-1212,-1622,896.754883,-859.715698,-1622.96948
898,-1113,-1623,897.955872,-908.288086,-1623.99902
820,-1113,-1623,819.955872,-908.288086,-1623.99902
820,-1212,-1622,819.955872,-1123.86047,-1622.99902
898,-1113,-1623,897.955872,-634.04126,-1623.99902
820,-1212,-1622,819.955872,-1000.45435,-1622.99902
897,-1212,-1622,896.955872,-1128.81409,-1622.99902
313,-1113,-1623,312.955841,-826.36792,-1622.00098
385,-1113,-1623,384.955841,-826.36792,-1622.00098
385,-1212,-1623,384.955841,-826.36792,-1622.00098
313,-1113,-1623,312.955841,-826.36792,-1622.00098
385,-1212,-1623,384.955841,-826.36792,-1622.00098
312,-1212,-1623,311.955841,-826.36792,-1622.00098
540,-993,-3142,539.955872,-692.628418,-3141.00098
820,-1033,-3142,819.955872,-730.917847,-3141.00098
820,-1132,-3143,819.955872,-1010.97772,-3142.00098
540,-993,-3142,539.955872,-692.628418,-3141.00098
820,-1132,-3143,819.955872,-1010.97772,-3142.00098
540,-1092,-3143,539.955872,-972.688293,-3142.00098
540,-993,-3142,539.955872,-696.115479,-3141.00098
540,-1092,-3143,539.955872,-976.175354,-3142.00098
460,-1092,-3143,459.955841,-976.175354,-3142.00098
540,-993,-3142,539.955872,-696.115479,-3141.00098
460,-1092,-3143,459.955841,-976.175354,-3142.00098
460,-993,-3142,459.955841,-696.115479,-3141.00098
600,-873,-2503,599.835266,2092.73608,-2503.98633
600,-1032,-2502,600,-1032,-2502
760,-924,-2526,760,-924,-2526
360,-100,-44,360.90741,-76.9573364,-43.5797539
353,-224,-43,353.907288,-214.762878,-42.5794907
342,-235,-20,342.906952,-225.273178,-19.5787811
326,-104,-2,326.999023,-82.7084808,-1.95607042
321,-224,-5,321.999023,-192.325714,-4.95607567
319,-237,22,319.999023,-213.128479,22.0438347
264,-237,103,264.983948,-203.933701,103.178444
272,-109,82,272.983795,-59.3688622,82.1792755
269,-222,80,269.983887,-169.26062,80.1787872
326,-104,-2,326.577209,-80.5694351,-1.18340397
342,-235,-20,342.567444,-213.934586,-19.1765881
321,-224,-5,321.570038,-206.362915,-4.17838192
300,-104,40,300.479523,-83.7842178,40.8775291
319,-237,22,319.479767,-219.654373,22.8773956
293,-222,37,293.479401,-205.439102,37.8775864
272,-109,82,272.628448,-81.5612259,82.7778473
290,-236,62,290.628448,-200.405289,62.7778397
269,-222,80,269.628448,-176.584915,80.7778397
242,-222,120,242.588257,-203.408585,120.80867
247,-114,124,247.588165,-87.4792557,124.808739
264,-237,103,264.588165,-218.671463,103.808739
216,-119,164,216.6315,-76.1036377,164.775375
236,-232,145,236.631912,-164.539337,145.77504
215,-219,163,215.63147,-137.158722,163.775375
191,-122,208,191.718109,-73.9014435,208.695923
208,-230,187,208.718109,-180.677444,187.695923
188,-219,208,188.720047,-179.228592,208.693924
168,-121,254,168.759155,-87.0757141,254.650909
183,-229,232,183.758545,-182.150146,232.651611
164,-236,255,164.75914,-169.393997,255.650925
152,-122,301,152.718765,-109.810745,301.695251
164,-229,277,164.718292,-206.507645,277.69574
142,-232,299,142.718704,-215.997925,299.695312
128,-211,351,128.728683,-198.305466,351.684845
134,-124,354,134.71817,-116.412987,354.695862
148,-225,328,148.71817,-219.152802,328.695862
-360,-225,-60,-360.93924,-202.743469,-59.6567383
-360,-100,-44,-360.939331,-77.4901047,-43.6569901
-353,-224,-43,-353.93924,-216.498856,-42.6567383
-244,-114,123,-244.589828,-87.8544617,123.807526
-242,-222,120,-242.588272,-183.025085,120.808662
-264,-237,103,-264.58963,-198.782867,103.807671
-342,-235,-20,-342.577026,-211.57663,-19.1832752
-326,-104,-2,-326.577026,-78.210762,-1.18327451
-321,-224,-5,-321.570007,-204.004257,-4.17836046
-353,-224,-43,-353.911957,-200.961334,-42.5897751
-360,-100,-44,-360.911987,-63.155777,-43.5897827
-342,-235,-20,-342.911987,-211.470901,-19.5897827
-321,-224,-5,-321.998993,-202.720535,-4.95513248
-326,-104,-2,-326.998993,-93.1033173,-1.95513225
-319,-237,22,-319.998993,-223.523315,22.0446377
-300,-104,40,-300.995911,-86.3082886,40.0902596
-290,-236,62,-290.995911,-229.073334,62.0902672
-293,-222,37,-293.99588,-215.754608,37.0903511
-272,-109,82,-272.983795,-75.9121399,82.1792755
-264,-237,103,-264.983948,-220.476974,103.178444
-269,-222,80,-269.983887,-185.803909,80.1787872
-236,-232,145,-236.974823,-197.312347,145.222977
-242,-222,120,-242.973572,-186.79985,120.228279
-244,-114,123,-244.973633,-95.2556381,123.228119
-216,-119,164,-216.967514,-72.2019501,164.252808
-208,-230,187,-208.967514,-152.920837,187.252792
-215,-219,163,-215.967514,-129.758224,163.252777
-191,-122,208,-191.978668,-79.9475632,208.205429
-183,-229,232,-183.978729,-207.521591,232.205154
-188,-219,208,-188.978668,-204.954132,208.205429
-164,-229,277,-164.997986,-224.028397,277.063324
-164,-236,255,-164.998032,-230.674088,255.062698
-167,-220,255,-167.997986,-215.635712,255.063232
-168,-121,254,-168.990845,-54.4522324,254.134933
-164,-229,277,-164.990845,-105.759071,277.134979
-167,-220,255,-167.990845,-111.605202,255.134979
-152,-122,301,-152.997925,-103.707993,300.935638
-148,-225,328,-148.997925,-209.715836,327.935638
-147,-215,299,-147.997925,-192.828659,298.935638
120,-110,400,120.952606,-96.6617279,400.304169
128,-211,351,128.953903,-198.860474,351.30011
111,-220,400,111.952614,-212.211304,400.304169
-120,-110,400,-120.942337,-97.6199188,400.334656
-128,-211,351,-128.946472,-199.693253,351.322784
-134,-124,354,-134.946289,-116.717575,354.323273
160,-260,-570,160.952469,-254.094208,-570.304626
140,-202,-660,140.952423,-198.08017,-660.304688
127,-276,-660,127.948616,-272.011536,-660.316406
-160,-260,-570,-160.94426,-255.078461,-570.329102
-140,-202,-660,-140.943237,-198.725342,-660.332031
-170,-180,-590,-170.943329,-175.135361,-590.331848
-170,-180,-590,-170.879654,-61.2822609,-590.475586
-127,-132,-669,-127.877541,-111.922783,-669.479492
-160,-100,-610,-160.879654,20.2281647,-610.475586
-160,-260,-570,-160.947281,-254.094025,-570.320312
-127,-276,-660,-127.952759,-272.011902,-660.303711
-140,-202,-660,-140.947311,-198.079788,-660.320312
-80,-250,-790,-80.9316483,-243.930634,-790.363281
-140,-202,-660,-140.930115,-197.924088,-660.367188
-127,-276,-660,-127.931664,-271.852539,-660.363281
170,-180,-590,170.663712,-170.644974,-590.747986
288,-148,-490,288.656647,-138.567627,-490.754181
160,-100,-610,160.663696,-90.5508347,-610.747986
125,-132,-659,125.833344,-101.693901,-659.552734
170,-180,-590,170.835281,-109.294983,-590.549805
160,-100,-610,160.836334,-28.9287624,-610.548218
160,-260,-570,160.938385,-255.078461,-570.345581
170,-180,-590,170.938385,-175.135513,-590.345581
140,-202,-660,140.938675,-198.725494,-660.344788
127,-276,-660,127.928612,-269.937622,-660.371033
140,-202,-660,140.928299,-196.009171,-660.371826
80,-250,-790,80.9285889,-242.015533,-790.371094
-256,-1114,-1809,-256.930145,-1090.35535,-1809.36719
-212,-1118,-1915,-212.928192,-1095.97388,-1915.37207
-214,-1040,-1917,-214.92421,-1033.51709,-1917.38184
-214,-1029,-1488,-214.926224,-1003.67438,-1487.62305
-212,-1112,-1491,-212.91861,-1079.2406,-1490.60486
-256,-1112,-1597,-256.918457,-1077.0542,-1596.60449
-286,-1247,-1607,-286.735413,-1215.26965,-1606.32239
-243,-1353,-1565,-243.735306,-1313.49182,-1564.32227
-300,-1273,-1623,-300.736633,-1233.46326,-1622.32373
-286,-1247,-1607,-286.845337,-1239.2854,-1606.46582
-212,-1247,-1491,-212.845306,-1236.45129,-1490.46582
-243,-1353,-1565,-243.841248,-1342.0321,-1564.45935
-243,-1353,-1841,-243.749329,-1328.27307,-1841.66211
-286,-1247,-1799,-286.749451,-1224.02991,-1799.66199
-300,-1273,-1783,-300.749268,-1230.7561,-1783.66211
-256,-1112,-1597,-256.930237,-1084.31738,-1596.63306
-303,-996,-1703,-303.930176,-980.317261,-1702.63293
-259,-1022,-1596,-259.930115,-998.056274,-1595.63281
-259,-1029,-1810,-259.930115,-1003.99811,-1810.36707
-256,-1114,-1809,-256.930115,-1086.44409,-1809.36719
-214,-1040,-1917,-214.93013,-1031.31409,-1917.36719
-256,-1112,-1597,-256.930145,-1083.43225,-1596.63281
-300,-1092,-1703,-300.930237,-1061.23242,-1702.63306
-303,-996,-1703,-303.930237,-980.141235,-1702.63306
-303,-996,-1703,-303.930115,-968.397827,-1703.36719
-300,-1092,-1703,-300.930145,-1049.4408,-1703.36719
-256,-1114,-1809,-256.930115,-1074.14355,-1809.36719
-256,-1112,-1597,-256.928192,-1083.78662,-1596.62793
-259,-1022,-1596,-259.928192,-997.558838,-1595.62793
-214,-1029,-1488,-214.930237,-1011.28546,-1487.63306
-303,-996,-1703,-303.930145,-970.762085,-1703.36719
-256,-1114,-1809,-256.930115,-1077.71655,-1809.36719
-259,-1029,-1810,-259.930084,-995.232239,-1810.36719
0,-1011,-1399,-0.391012669,-986.136597,-1398.07971
-212,-1112,-1491,-212.388733,-1102.25342,-1490.07874
-214,-1029,-1488,-214.389313,-1012.95367,-1487.07898
0,-1472,-2003,-0.391007841,-1343.19299,-2003.92029
0,-1015,-2006,-0.391007841,-956.753784,-2006.92029
-212,-1472,-1915,-212.388702,-1366.93701,-1915.92126
-1623,447,-1683,-1623.99316,453.973633,-1683.11646
-1618,320,-1586,-1618.99304,328.294678,-1586.11694
-1606,316,-1683,-1606.99402,327.068512,-1683.1084
-1635,447,-1583,-1635.95581,453.919708,-1583.2937
-1665,437,-1483,-1665.95874,444.167633,-1483.28394
-1646,320,-1491,-1646.95593,325.436768,-1491.29358
-1623,447,-1683,-1623.995,454.791534,-1683.09949
-1635,447,-1583,-1635.995,461.720734,-1583.09912
-1618,320,-1586,-1618.995,329.235718,-1586.099
288,-132,-310,288.908722,-110.814865,-309.582611
305,-227,-360,305.908203,-221.500046,-359.581482
283,-222,-310,283.908081,-207.170273,-309.581207
288,-132,-130,288.790283,-121.722008,-129.387268
360,-110,-220,360.790436,-99.6301956,-219.387466
310,-231,-175,310.790985,-225.849518,-174.388168
288,-132,-310,288.790894,-126.125336,-310.611938
305,-227,-259,305.791138,-226.841293,-259.611633
360,-110,-220,360.808044,-104.25518,-220.589111
288,-132,-310,288.808044,-125.931908,-309.410889
360,-108,-400,360.805054,-102.183899,-399.406799
305,-227,-360,305.808044,-224.638672,-359.410889
-288,-132,-310,-288.923065,-117.22213,-310.384613
-303,-226,-257,-303.923035,-223.762878,-257.384644
-281,-220,-310,-281.923065,-214.125671,-310.384613
-305,-227,-360,-305.901855,-211.502045,-359.567963
-288,-132,-310,-288.901855,-105.33625,-309.567963
-281,-220,-310,-281.901855,-202.249008,-309.567963
-310,-231,-175,-310.790985,-220.742538,-174.388168
-360,-110,-220,-360.790436,-94.5232162,-219.387466
-288,-132,-130,-288.790283,-116.615028,-129.387268
-360,-110,-220,-360.801239,-105.013657,-220.598343
-303,-226,-257,-303.799835,-225.573883,-257.600189
-288,-132,-310,-288.799835,-126.883438,-310.600189
1588,163,-1274,1588.71497,299.075623,-1273.3009
1642,77,-1329,1642.70813,263.491974,-1328.29395
1606,-19,-1293,1606.71301,222.145767,-1292.29895
-1459,100,-1963,-1459.6134,104.885963,-1963.78967
-1447,93,-1971,-1447.60938,101.243698,-1971.79272
-1450,113,-1974,-1450.60156,121.87748,-1974.79858
