126,9,2341,126.061211,15.6217413,2340.00195
126,209,2309,126.061211,215.648148,2308.00195
100,118,2322,100.042389,124.639511,2321.00098
148,9,2292,147.272202,15.9281654,2292.68579
102,113,2265,101.272896,119.937485,2265.68652
126,209,2309,125.273125,215.937225,2309.68677
126,9,2341,125.084732,24.6603107,2340.59717
148,9,2292,147.081131,24.6547089,2291.60547
126,209,2309,125.084518,224.727036,2308.59766
151,14,2229,150.187546,19.6152515,2228.41699
144,118,2206,143.195175,123.627525,2205.40649
102,113,2265,101.186142,118.626335,2264.41895
300,0,2298,300.835236,10.429575,2298.5498
288,0,2316,288.835602,7.10845613,2316.54932
307,163,2315,307.840332,179.507721,2315.54199
288,0,2316,288.681061,12.8318634,2315.26782
309,0,2335,309.680298,21.3884678,2334.26709
307,163,2315,307.681305,184.412781,2314.26807
309,0,2335,308.644226,9.00899315,2334.06543
328,0,2328,327.648773,9.01105309,2327.06372
307,163,2315,306.644867,172.005051,2314.06519
328,0,2328,327.000946,7.65146828,2328.04346
327,0,2308,326.000946,7.65492153,2308.04346
307,163,2315,306.000946,170.664505,2315.04321
327,0,2308,326.675995,12.0920095,2308.94604
300,0,2298,299.675995,0.163197473,2298.94604
307,163,2315,306.675995,175.095505,2315.94604
-65,0,3161,-64.9575729,39.011795,3161.99902
50,115,3161,50.0400352,154.01088,3161.99902
78,58,3158,78,58,3158
-113,83,1673,-113.999069,138.539307,1672.95691
-115,0,1758,-115.999039,71.1459503,1757.95618
-112,0,1679,-112.999054,71.5176086,1678.95654
100,0,2661,100.295914,8.83491993,2661.95508
139,88,2658,139.292084,88.1843948,2658.9563
160,97,2653,160.295105,101.616051,2653.95532
100,0,2661,100.251785,11.1440372,2661.96777
160,97,2653,160.250793,102.765228,2653.96802
218,123,2640,218.250793,132.451447,2640.96802
100,0,2661,100.180908,68.0414963,2661.9834
218,123,2640,218.180862,183.419235,2640.9834
199,0,2642,199.180969,68.0066376,2642.9834
97,0,2473,96.9013062,41.2862091,2472.00488
57,117,2474,56.8919067,157.891983,2473.00586
11,0,2481,10.9013004,57.6984863,2480.00488
273,0,2604,273.461273,7.82976103,2604.88721
293,121,2611,293.462219,131.453995,2611.88672
329,0,2577,329.461273,15.1015396,2577.88721
184,0,2465,183.891907,22.5054016,2464.00586
159,98,2463,158.901306,120.483459,2462.00488
97,0,2473,96.9013062,33.7093887,2472.00488
408,0,2497,408.786713,5.21642733,2497.61719
368,119,2583,368.773071,128.037216,2583.63428
444,135,2491,444.786743,140.233551,2491.61719
184,0,2276,183.000931,6.43085814,2275.95703
166,111,2283,165.000931,117.436928,2282.95703
165,95,2371,164.000931,105.973488,2370.95703
461,52,2440,461.862549,59.0256081,2440.50586
477,133,2434,477.86261,136.556396,2434.50586
495,54,2382,495.866577,60.4508514,2382.49902
276,96,2231,275.562408,177.279266,2230.10083
166,111,2283,165.559937,191.7995,2282.10205
184,0,2276,183.558411,80.7371979,2275.10278
495,54,2382,495.786774,66.7206802,2382.61719
552,123,2319,552.788269,134.595734,2319.61523
541,40,2323,541.772644,54.1794319,2323.63477
480,0,2151,479.489502,6.0272131,2150.14014
456,80,2150,455.489502,81.0025711,2149.14014
373,80,2198,372.484406,81.005455,2197.14331
266,75,2050,265.867737,85.3712921,2050.99121
456,163,2083,455.853821,170.705948,2083.98926
445,67,2073,444.853821,80.1702728,2073.98926
403,0,2046,402.634766,6.81986666,2046.93091
445,67,2073,444.623749,78.4679108,2073.92651
473,0,2074,472.648773,13.4495134,2074.93628
239,0,1858,239.086807,8.79849339,1857.00378
114,67,1840,114.07547,67.8245544,1839.00293
91,0,1846,91.0871048,0.817312539,1845.00391
-80,-40,800,-80.0425262,537.25946,799.000916
80,-40,800,79.957222,537.25946,799.000916
80,0,800,79.957222,537.25946,799.000916
-80,-40,800,-80.0425262,537.25946,799.000916
80,0,800,79.957222,537.25946,799.000916
-80,0,800,-80.0425262,537.25946,799.000916
77,131,800,77.2669449,373.473907,799.036316
134,129,815,134.25087,544.086365,814.031982
80,293,800,80.2669754,565.806274,799.036316
220,455,870,220.974808,470.644348,869.776978
193,293,800,193.97467,302.001892,799.776367
189,127,831,189.974823,139.962891,830.777039
-70,459,824,-69.7796707,469.003174,823.024597
-281,175,803,-280.775391,189.856888,802.025574
-206,208,818,-205.779419,218.413589,817.024658
-80,204,800,-80.6082916,240.181793,799.206299
-97,116,816,-97.6084366,149.91716,815.206421
-75,115,800,-75.6082916,132.980728,799.206299
-400,220,1516,-400.544891,237.1241,1516.8385
-354,293,1551,-354.544891,315.942383,1551.8385
-326,127,1558,-326.544891,149.750198,1558.8385
-326,127,1558,-325.955841,146.179703,1558.99902
-283,201,1561,-282.958679,226.482239,1561.99915
-284,128,1557,-283.956665,149.213043,1557.99902
-354,293,1551,-354.67981,322.325287,1551.73328
-400,460,1516,-400.683289,486.958435,1516.7301
-292,235,1606,-292.678741,267.845673,1606.73438
225,76,1571,224.564163,144.77359,1571.90002
179,-40,1547,178.568985,2.35087967,1547.90234
176,85,1548,175.564163,153.720474,1548.90002
-86,114,1600,-86.2004852,172.551514,1600.97961
-165,459,1589,-165.209442,504.065216,1589.97778
0,474,1624,-0.205009565,517.720459,1624.97876
386,459,1200,386.963806,516.833618,1199.7334
354,-40,1114,354.963531,65.2396164,1113.73242
400,-40,1280,400.963531,57.5932083,1279.73242
-400,220,1376,-400.99408,237.916016,1375.89136
-400,-40,1516,-400.993958,-22.1806545,1515.89026
-384,-40,1370,-384.994049,-30.1645832,1369.89111
-389,459,1280,-389.937256,469.303314,1279.65137
-400,220,1376,-400.937256,234.720978,1375.65137
-359,127,1295,-359.937256,133.150345,1294.65137
-389,459,1280,-389.937195,473.676086,1280.34863
-359,127,1295,-359.937225,134.815292,1295.34863
-389,210,1230,-389.937225,213.876404,1230.34863
-389,459,1280,-389.999054,665.801331,1280.04346
-389,210,1230,-389.999054,258.476196,1230.04346
-394,212,1120,-394.998993,405.064056,1120.04443
80,-40,1600,80.6181488,-33.5416222,1600.78601
118,117,1600,118.618195,123.860252,1600.78601
176,85,1548,176.624771,91.860405,1548.78076
-86,114,1600,-85.9586716,126.958908,1600.99915
-6,188,1603,-5.9570756,200.961609,1603.99902
0,150,1600,0.0409906618,162.951187,1600.99915
0,150,1600,-0.043009311,161.995056,1600.99902
-6,188,1603,-6.04306936,199.993896,1603.99902
95,140,1600,94.9558182,151.995361,1600.99902
-371,196,1032,-371.749603,203.482681,1032.66187
-318,251,1101,-318.749359,255.305573,1101.66211
-332,196,1075,-332.749512,202.053741,1075.66199
215,176,878,215.218933,182.090454,877.024292
248,189,883,248.218719,199.066498,882.024231
219,212,872,219.226807,223.101395,871.026062
250,169,813,250.880707,240.927185,813.473633
215,176,878,215.880646,247.188843,878.473633
219,212,872,219.880722,296.672668,872.473633
329,163,923,328.052032,177.922287,922.681641
355,155,849,354.052032,165.989578,848.681641
327,188,922,326.052216,210.239014,921.681091
-221,176,762,-221.981735,185.336975,762.190247
-222,223,781,-222.981689,230.314896,781.19043
-208,249,865,-208.981674,260.17804,865.190369
-221,176,762,-221.9767,183.013535,762.2146
-208,249,865,-208.976624,257.479828,865.214844
-206,172,827,-206.976639,182.239273,827.214844
-41,154,1621,-40.2541733,165.371933,1620.33386
-61,198,1591,-60.2541733,216.489426,1590.33386
-67,192,1586,-66.24823,203.376068,1585.34058
-41,154,1621,-40.2900238,160.887177,1620.29578
-67,192,1586,-66.2879715,198.88855,1585.29785
-48,148,1615,-47.2909927,154.886505,1614.2948
-53,186,1573,-52.4748383,225.262131,1573.85095
-99,181,1601,-98.4749603,203.791138,1601.85107
-88,241,1596,-87.4644241,265.8013,1596.84448
360,71,1525,359.264038,99.2856598,1525.677
418,125,1591,417.272095,158.442108,1591.68567
438,77,1610,437.263458,106.313271,1610.67639
443,70,1620,443.599731,76.9334793,1619.19983
422,119,1596,422.599243,120.605118,1595.19946
325,119,1522,325.599915,126.040169,1521.19995
254,71,1568,253.013092,118.041275,1568.16125
267,125,1656,266.013214,187.609451,1656.16199
268,71,1655,267.013184,133.593887,1655.16174
-193,38,1569,-193.920105,51.3435097,1568.6084
-187,98,1543,-187.91803,112.073936,1542.60352
-201,99,1576,-201.918671,112.826447,1575.60498
-193,38,1569,-193.986771,46.8680496,1568.83789
-201,99,1576,-201.986771,106.650681,1575.83789
-197,39,1595,-197.986832,45.1204758,1594.83826
-213,37,1597,-212.21167,52.6269875,1596.38477
-231,96,1567,-230.21167,113.542442,1566.38477
-245,86,1550,-244.211853,103.13253,1549.38452
-187,98,1543,-187.218506,479.64389,1543.97583
-247,86,1529,-247.227036,297.454346,1529.97388
-204,119,1539,-204.218506,415.011719,1539.97583
74,151,1600,73.0985413,157.067581,1599.56714
38,200,1655,37.0985413,204.975555,1654.56714
31,154,1687,30.0986576,157.808472,1686.56689
-6,190,1601,-6.04306936,216.399338,1601.99902
117,203,1602,116.955818,236.514236,1602.99902
74,151,1600,73.9558182,184.892044,1600.99902
38,200,1655,37.4487686,208.262054,1654.16565
117,203,1602,116.432762,209.512024,1601.17651
107,227,1605,106.446373,233.634338,1604.16724
117,203,1602,116.875252,208.142319,1602.99219
52,257,1604,51.8745193,261.400238,1604.99207
107,227,1605,106.874519,230.416412,1605.99207
-241,7,678,-241.772675,32.8025017,678.634766
-340,9,558,-340.776642,23.4074001,558.629883
-350,143,554,-350.776581,157.455826,554.629883
-65,4,662,-64.9227219,20.1186848,662.997009
-241,7,678,-240.912399,39.5035553,678.996155
-250,125,686,-249.911713,157.815735,686.996094
-241,7,678,-241.803864,16.6528492,678.594727
-350,143,554,-350.803864,148.423782,554.594727
-250,125,686,-250.803925,134.945679,686.594727
-65,4,662,-64.9227219,19.9815426,662.997009
-250,125,686,-249.923523,157.460739,686.99707
-56,129,670,-55.9227219,161.419968,670.997009
-340,9,558,-340.996948,22.7215767,558.078064
-350,11,419,-350.996948,21.7228775,419.078033
-350,143,554,-350.99707,156.722992,554.076477
-178,9,529,-177.911713,17.0312653,528.003906
-50,6,541,-49.9006882,18.4669189,540.004944
-41,76,533,-40.9006882,88.5479126,532.004944
397,114,169,397.988831,119.85186,168.850983
386,116,97,386.987854,118.120605,96.8446198
385,36,179,385.988831,41.8428307,178.850983
-252,82,221,-252.58461,103.832977,220.18869
-174,13,168,-174.584763,38.8937836,167.188797
-179,166,163,-179.584869,191.701279,162.188873
-252,82,221,-252.562958,94.6109619,220.173523
-179,166,163,-179.563004,180.500549,162.173553
-258,151,218,-258.563507,168.195251,217.173889
35,88,181,35.509182,96.9720612,180.139343
-14,13,161,-13.4871187,28.527668,160.141541
49,13,199,49.509182,21.9572048,198.139343
-174,13,168,-173.955139,45.072773,167.001007
-93,87,168,-92.9545746,151.518311,167.001038
-179,166,163,-178.954803,198.12616,162.001022
-162,174,402,-161.736176,354.226746,402.964569
-3,93,361,-2.73661637,284.538269,361.964691
-168,81,403,-167.737854,260.887054,403.965027
368,39,25,368.993042,46.3793831,24.8822403
376,37,102,376.99295,41.3927307,101.881516
386,116,97,386.993042,118.927895,96.8822403
-3,93,361,-2.73609161,108.301422,361.964539
302,13,270,302.262146,26.7127323,270.965027
-12,13,358,-11.7325153,26.7928982,358.963562
-3,93,361,-2.83213139,110.897057,361.985809
-12,13,358,-11.8275366,29.640461,358.985016
-171,13,386,-170.820709,29.63661,386.983795
-178,9,529,-177.000946,26.7735271,529.043457
-168,81,403,-167.000916,98.8424454,403.042755
-171,13,386,-170.0009,30.8155251,386.042328
-152,150,543,-151.001846,158.395782,542.93927
-168,81,403,-167.001892,89.2495575,402.938538
-163,70,520,-162.001846,78.2713852,519.93927
-152,150,543,-151.003876,165.456955,542.912048
-162,174,402,-161.002869,189.329514,401.924316
-168,81,403,-167.002869,96.3215637,402.924316
607,67,-118,607.851074,78.614418,-117.47496
639,129,-159,639.850037,143.670761,-158.473282
626,0,-159,626.850037,14.6521473,-158.473282
328,148,-779,327.891266,211.568604,-779.994019
311,180,-778,310.891357,267.960663,-778.99408
250,178,-771,249.891357,253.734955,-771.99408
665,280,-418,664.763672,325.796692,-417.028351
677,91,-420,676.763672,108.543648,-419.028351
644,157,-426,643.759766,200.637527,-425.029297
679,0,-310,679.942078,10.6741381,-309.664612
626,0,-159,626.945984,10.6286554,-158.675797
627,10,-159,627.942078,20.6289997,-158.664612
679,0,-310,679.942749,6.16583967,-309.666504
627,10,-159,627.942322,16.1609325,-158.665298
680,10,-308,680.942078,16.165535,-307.664612
-662,114,-1063,-662.517639,123.742271,-1063.85559
-662,60,-1056,-662.516602,64.277504,-1056.8562
-571,98,-1116,-571.527588,110.785194,-1116.84949
-597,40,-911,-596.775574,79.3262177,-910.025513
-656,155,-895,-655.775574,165.659271,-894.025513
-598,181,-908,-597.784241,182.980331,-907.02356
-537,28,-943,-536.541016,74.3056412,-942.111572
-597,40,-911,-596.544922,126.736778,-910.109558
-598,181,-908,-597.539062,227.377258,-907.11261
-537,28,-943,-536.574219,55.9681664,-942.095215
-598,181,-908,-597.57428,209.007843,-907.095154
-544,169,-934,-543.574219,196.998169,-933.095215
-449,26,-849,-449.735291,38.6894608,-848.322266
-537,28,-943,-537.733887,44.9113655,-942.32074
-544,169,-934,-544.733887,185.9086,-933.32074
-517,22,-640,-517.78833,41.4079628,-640.615173
-455,161,-729,-455.783691,173.432693,-729.621094
-525,157,-641,-525.78833,176.483536,-641.615234
-517,22,-640,-517.914734,39.1891785,-640.404053
-525,157,-641,-525.914673,174.194672,-641.404175
-579,140,-517,-579.914673,157.225143,-517.404175
-555,22,-520,-555.956116,27.2785931,-520.292969
-517,22,-640,-517.955811,27.2619228,-640.293945
-579,140,-517,-579.951172,145.296005,-517.308655
-537,20,-369,-537.99408,26.1548367,-368.891357
-555,22,-520,-555.993103,32.1847878,-519.882812
-545,87,-343,-545.99408,93.1585159,-342.891357
-158,8,-359,-157.26506,20.3934536,-358.321869
-204,67,-302,-203.263855,84.4503708,-301.323181
-158,96,-348,-157.263824,112.253799,-347.323212
-571,98,-1116,-571.205261,106.822525,-1116.97864
-596,40,-1104,-596.205383,48.8171654,-1104.97864
-459,28,-1131,-459.218506,28.1077843,-1131.97583
-571,98,-1116,-571.243164,104.917267,-1116.96997
-459,28,-1131,-459.223541,28.0530319,-1131.97461
-431,86,-1146,-431.218506,86.059082,-1146.97583
-366,133,-556,-365.288391,446.533539,-555.297424
-283,78,-638,-282.291016,390.365448,-637.2948
-349,77,-573,-348.294006,389.931488,-572.291809
-391,140,-506,-390.224609,146.652115,-505.36853
-349,77,-573,-348.2258,83.641983,-572.367065
-420,20,-499,-419.224609,26.6312599,-498.36853
-349,132,-437,-348.264191,143.167542,-437.677185
-420,20,-499,-419.263123,31.1404819,-499.676025
-351,17,-424,-350.264557,28.1436558,-424.677582
-254,132,-442,-254.062408,140.845352,-442.998047
-349,132,-437,-349.062408,141.956436,-437.998047
-351,17,-424,-351.062408,26.9495201,-424.998047
-254,132,-442,-254.518509,211.70433,-442.855072
-250,9,-443,-250.517838,113.695061,-443.855469
-202,0,-472,-202.517639,104.648766,-472.855591
-153,74,-483,-153.166138,105.137718,-483.986084
-202,0,-472,-202.166214,31.1322536,-472.986084
-158,8,-480,-158.166153,39.1320114,-480.986084
-1909,494,-937,-1909.99817,501.130463,-936.939514
-1891,494,-668,-1891.99817,500.852203,-667.939514
-1858,227,-734,-1858.99707,233.353302,-733.923828
-1909,494,-937,-1909.99609,502.397064,-936.911743
-1858,227,-734,-1858.99597,234.468277,-733.911133
-1856,181,-768,-1856.99512,189.639603,-767.901306
-1909,494,-937,-1909.99695,502.176514,-936.922852
-1856,181,-768,-1856.99707,189.393677,-767.923523
-1848,121,-768,-1848.99707,124.472038,-767.923523
-1885,135,-1018,-1885.98816,187.477936,-1017.84668
-1848,121,-768,-1848.99109,172.713684,-767.867188
-1880,-21,-1000,-1880.99109,62.6908989,-999.867188
-1253,119,-1320,-1252.96509,287.352051,-1320.99939
-1256,283,-1321,-1255.9668,451.759399,-1321.99939
-1337,-6,-1320,-1336.96179,162.201233,-1320.99927
-1337,494,-1352,-1336.77563,511.29538,-1352.97449
-1256,283,-1321,-1255.78479,303.646759,-1321.97656
-1226,357,-1318,-1225.78479,372.857208,-1318.97656
-1193,494,-1320,-1192.79333,509.571808,-1320.97839
-1337,494,-1352,-1336.78589,503.738983,-1352.97681
-1226,357,-1318,-1225.79443,365.355469,-1318.97864
-1851,120,-572,-1851.93127,135.068161,-572.364197
-1920,494,-469,-1920.92639,520.820557,-469.376404
-1880,-17,-480,-1880.92834,1.31970739,-480.37149
-1891,494,-668,-1891.94702,509.078369,-667.678833
-1851,214,-608,-1851.95081,227.365051,-607.69043
-1874,261,-667,-1874.94995,271.429993,-666.687622
-1891,494,-668,-1891.98035,507.845337,-668.197144
-1874,261,-667,-1874.98035,271.17041,-667.197083
-1858,227,-734,-1858.9823,238.697189,-734.187073
-1920,494,-469,-1920.96484,503.809204,-469.262817
-1851,120,-572,-1851.9646,122.625275,-572.263489
-1851,214,-608,-1851.9657,216.93541,-608.259644
-1891,494,-668,-1891.99109,499.845947,-668.132751
-1920,494,-469,-1920.98914,500.696198,-469.14682
-1851,214,-608,-1851.98816,217.000641,-608.152771
-1475,120,-200,-1475.88074,159.828857,-199.526398
-1520,224,-280,-1520.88623,264.192413,-279.536774
-1476,180,-200,-1476.88086,195.275208,-199.526627
-1638,494,-259,-1637.82715,519.127197,-258.015076
-1520,494,-280,-1519.82141,519.094238,-279.016083
-1640,-21,-280,-1639.82141,3.49802041,-279.016083
-1638,494,-259,-1638.70422,531.207703,-258.290039
-1640,-21,-280,-1640.70422,15.3125458,-279.290039
-1680,-21,-320,-1680.70422,15.3125458,-319.290039
-1688,494,-280,-1688.38513,506.605988,-279.077148
-1638,494,-259,-1638.38965,507.324432,-258.079041
-1680,-21,-320,-1680.38965,-8.46977329,-319.079041
-773,-21,-265,-773.099915,6.35671139,-264.005005
-920,-21,-280,-920.098694,6.35879135,-279.004883
-758,122,-258,-758.100525,154.580154,-257.005066
-1157,149,-280,-1157.07642,166.927689,-279.00293
-1040,159,-270,-1040.0752,190.49115,-269.002838
-1042,-21,-281,-1042.07581,-4.57176113,-280.002899
-1275,224,-273,-1274.77637,239.141006,-272.02533
-1160,494,-280,-1159.77637,509.720642,-279.02533
-1270,141,-280,-1269.77637,156.129333,-279.02533
-1328,240,-211,-1327.24414,351.590607,-210.345276
-1275,224,-273,-1274.2356,335.577789,-272.355286
-1270,141,-280,-1269.24329,252.483994,-279.346283
-792,494,-1260,-791.754883,689.026611,-1260.96948
-911,494,-1291,-910.758789,683.741028,-1291.97046
-906,-21,-1287,-905.738098,174.899429,-1287.96509
-792,494,-1260,-791.722839,583.773621,-1260.96082
-906,-21,-1287,-905.716553,69.2492218,-1287.95898
-800,-21,-1256,-799.722839,51.75243,-1256.96082
-800,494,-1112,-799.000916,567.986938,-1111.95728
-792,494,-1260,-791.000977,602.269775,-1259.95593
-800,-21,-1256,-799.000977,53.6155663,-1255.95593
-720,494,-573,-719.094788,530.479309,-573.424927
-800,-21,-711,-799.095642,13.2423248,-711.426758
-736,-21,-574,-735.095642,14.7914953,-574.426758
-720,494,-573,-719.059387,528.381836,-572.660522
-736,-21,-574,-735.053406,12.4649258,-573.677612
-800,-21,-391,-799.05365,6.18348455,-390.67688
-760,494,-391,-759.024414,507.578857,-390.780396
-720,494,-573,-719.023254,509.233765,-572.785645
-800,-21,-391,-799.024231,-8.23570824,-390.781219
-749,498,-265,-748.003784,511.351501,-265.086731
-760,494,-391,-759.003784,501.639313,-391.08667
-800,-21,-391,-799.003784,-14.1785765,-391.08667
-773,-21,-265,-772.02417,-9.56859589,-265.218506
-758,122,-258,-757.022217,140.782593,-258.209534
-800,-21,-391,-799.02417,-10.4035892,-391.218506
-821,301,-1038,-820.029053,357.035461,-1037.76074
-843,496,-934,-842.029053,521.566895,-933.760742
-800,494,-1112,-799.030029,521.825134,-1111.75684
-1280,-21,-280,-1279.1189,-2.31048846,-279.5271
-1315,120,-200,-1314.12634,138.744492,-199.513458
-1270,141,-280,-1269.11865,159.823471,-279.527557
-1920,494,-469,-1920.93616,506.755554,-468.648499
-1871,494,-343,-1871.93628,494.137604,-342.648773
-1880,-17,-480,-1880.93677,-13.2686777,-479.650055
-1885,135,-1018,-1885.98914,161.205688,-1018.14624
-1861,-33,-1136,-1861.98816,10.6762905,-1136.15295
-1881,507,-1137,-1881.98914,551.406006,-1137.14636
-1767,508,-1200,-1767.4967,557.619019,-1200.86792
-1881,507,-1137,-1881.48828,588.517029,-1137.87268
-1861,-33,-1136,-1861.49512,47.0218925,-1136.86865
-1581,494,-1386,-1581.37244,520.914551,-1386.92798
-1743,508,-1323,-1743.37207,553.178406,-1323.9281
-1600,-17,-1360,-1600.36719,43.7949295,-1360.93005
-1581,494,-1386,-1580.53235,509.612244,-1386.88391
-1600,-17,-1360,-1599.53467,4.43815422,-1360.88513
-1520,-6,-1320,-1519.5415,15.3241196,-1320.88867
-1337,494,-1352,-1336.86719,506.414886,-1352.99109
-1535,501,-1381,-1534.8678,509.965668,-1381.99121
-1333,302,-1335,-1332.8606,307.131439,-1335.99023
-1041,494,-1321,-1041.04297,1220.50818,-1321.99902
-1193,494,-1320,-1193.04309,1954.3949,-1320.99902
-1154,340,-1320,-1154.04297,1574.9519,-1320.99902
-954,494,-1373,-954.191711,539.030945,-1373.98145
-1040,-21,-1346,-1040.18567,23.1958504,-1346.98254
-964,-21,-1360,-964.19043,23.2704525,-1360.98169
-906,-21,-1287,-905.210144,10.8729353,-1287.61328
-954,494,-1373,-953.21405,521.03363,-1373.61829
-964,-21,-1360,-963.213989,5.15825844,-1360.61816
-1869,-229,-320,-1869.99817,1432.58789,-319.939514
-1880,-233,-480,-1880.99707,691.13678,-479.923523
-1880,-17,-480,-1880.99707,691.13678,-479.923523
-800,-229,-391,-799.014465,-194.520935,-391.16922
-779,-229,-268,-778.014465,-171.29509,-268.16922
-773,-21,-265,-772.014465,16.1407089,-265.169342
-736,-21,-574,-735.048523,16.5367413,-573.692322
-741,-229,-574,-740.048523,-159.699417,-573.692322
-800,-229,-391,-799.043945,-198.605682,-390.706818
-773,-21,-265,-773.087891,44.7361603,-264.003876
-779,-229,-268,-779.087891,-119.066223,-267.003876
-920,-221,-280,-920.087952,-155.411423,-279.003876
-800,-21,-711,-799.095642,16.6707554,-711.426758
-741,-229,-574,-740.094543,-152.311447,-574.424438
-736,-21,-574,-735.095642,18.262661,-574.426758
-964,-221,-1360,-963.210144,191.710205,-1360.61328
-907,-221,-1288,-906.213989,396.666901,-1288.61816
-906,-21,-1287,-905.210144,465.874664,-1287.61328
-662,114,-1063,-661.180054,129.009155,-1063.57239
-691,60,-1099,-690.179993,78.0486603,-1099.57227
-662,60,-1056,-661.180054,69.5523529,-1056.57239
-701,60,-781,-700.038696,68.1005402,-780.724548
-685,180,-785,-684.04071,180.544357,-784.71759
-656,155,-895,-655.038879,163.109741,-894.723877
-1079,0,-1146,-1078.91113,8.77132702,-1146.99597
-1086,89,-1158,-1085.92358,106.37513,-1158.99707
-1096,89,-1159,-1095.91113,107.158363,-1159.99597
-1079,0,-1146,-1079.04297,7.36934996,-1146.99902
-1096,89,-1159,-1096.04297,103.793999,-1159.99902
-1106,0,-1146,-1106.04297,7.36934996,-1146.99902
-1106,0,-1146,-1105.01831,7.52310753,-1146.19043
-1096,89,-1159,-1095.02039,97.9654465,-1159.20056
-1099,89,-1169,-1098.02136,90.7882156,-1169.20557
-1106,0,-1146,-1105.02319,7.11736536,-1146.21399
-1099,89,-1169,-1098.02319,90.6149292,-1169.21411
-1113,0,-1175,-1112.02319,1.61389303,-1175.21387
-1113,0,-1175,-1112.44788,7.4327693,-1174.16626
-1099,89,-1169,-1098.44458,96.440155,-1168.16846
-1090,89,-1175,-1089.44727,96.4393005,-1174.16675
-1113,0,-1175,-1112.47168,7.59850836,-1174.151
-1090,89,-1175,-1089.47168,96.6034393,-1174.151
-1089,0,-1190,-1088.47168,7.59490967,-1189.151
-1089,0,-1190,-1089.6582,7.53831148,-1189.24719
-1090,89,-1175,-1090.6582,96.5459213,-1174.24719
-1081,89,-1168,-1081.6582,91.6399002,-1167.24719
-1089,0,-1190,-1089.65833,7.3868351,-1189.24731
-1081,89,-1168,-1081.6582,91.5708771,-1167.24719
-1066,0,-1171,-1066.65894,2.5701828,-1170.2478
-1066,0,-1171,-1066.92932,6.6727457,-1171.36902
-1081,89,-1168,-1081.93127,95.6732407,-1168.36414
-1086,89,-1158,-1086.93127,102.122391,-1158.36426
-1066,0,-1171,-1066.90283,7.75294685,-1171.42969
-1086,89,-1158,-1086.90479,103.877342,-1158.42578
-1079,0,-1146,-1079.90503,11.3160114,-1146.42529
-1748,0,-800,-1747.88281,7.37092495,-800.993042
-1753,66,-810,-1752.88281,74.2702789,-810.993103
-1761,66,-811,-1760.88281,74.2711639,-811.993103
-1748,0,-800,-1747.90076,6.86376381,-800.995056
-1761,66,-811,-1760.90076,73.5226135,-811.995056
-1768,0,-801,-1767.90076,0.686249435,-801.995056
-1768,0,-801,-1767.03491,7.27579975,-801.261719
-1761,66,-811,-1760.04077,75.24897,-811.282227
-1763,66,-818,-1762.03674,75.24897,-818.268555
-1768,0,-801,-1767.03491,7.18917274,-801.261719
-1763,66,-818,-1762.03674,75.1623459,-818.268555
-1775,0,-823,-1774.04077,2.26114631,-823.282288
-1775,0,-823,-1774.50977,7.00144863,-822.128418
-1763,66,-818,-1762.50977,76.3409805,-817.128418
-1756,66,-821,-1755.51855,82.187851,-820.123535
-1775,0,-823,-1774.50293,6.93570471,-822.132324
-1756,66,-821,-1755.50293,82.0589066,-820.132324
-1756,0,-834,-1755.50293,6.93570471,-833.132324
-1756,0,-834,-1756.64453,6.49009132,-833.235474
-1756,66,-821,-1756.6449,73.3570633,-820.235779
-1751,66,-816,-1751.64514,77.6432953,-815.235962
-1756,0,-834,-1756.65857,6.59619951,-833.247498
-1751,66,-816,-1751.66003,77.8395233,-815.248779
-1740,0,-820,-1740.65906,6.59962702,-819.247925
-1740,0,-820,-1740.92542,6.91873264,-820.378845
-1751,66,-816,-1751.92053,70.019722,-816.390625
-1753,66,-810,-1753.9176,66.1373291,-810.397278
-1740,0,-820,-1740.93127,6.69480038,-820.364197
-1753,66,-810,-1753.93127,66.103157,-810.364136
-1748,0,-800,-1748.93188,6.69742966,-800.362732
-1236,260,-1530,-1236.99695,311.7034,-1530.0769
-1256,283,-1321,-1256.99695,388.307922,-1321.07703
-1253,119,-1320,-1253.99597,223.882248,-1320.08887
-1029,119,-1558,-1028.1803,171.772385,-1558.57275
-1130,244,-1710,-1129.1803,326.7612,-1710.57275
-1136,119,-1716,-1135.18005,245.237885,-1716.57239
-2011,209,-616,-2011.99902,219.024979,-615.955872
-2001,121,-610,-2001,121,-610
-2011,121,-768,-2011.99902,130.656403,-767.955872
-2011,209,-616,-2011.99805,217.96109,-615.937561
-2011,121,-768,-2011.99817,129.572083,-767.939514
-2019,210,-743,-2019.99817,219.038254,-742.939514
-1253,180,255,-1252.4502,196.154343,255.835266
-1363,200,329,-1362.45081,216.132523,329.835693
-1371,331,344,-1370.45044,347.143829,344.835449
-1253,180,255,-1252.46606,193.94606,255.84552
-1371,331,344,-1370.46582,344.971771,344.845367
-1240,300,257,-1239.46655,313.955872,257.845825
-1175,160,123,-1174.14294,169.942688,123.515198
-1253,180,255,-1252.14917,189.914795,255.525436
-1240,300,257,-1239.14917,309.917816,257.525421
-1175,160,123,-1174.15466,168.226593,123.534218
-1240,300,257,-1239.15649,308.230225,257.537079
-1155,291,122,-1154.15479,299.240387,122.534416
-1181,140,-30,-1180.00098,146.569794,-30.0440254
-1175,160,123,-1174.00098,166.571609,122.955818
-1155,291,122,-1154.00098,297.571838,121.955818
-1181,140,-30,-1180.00085,145.401932,-29.9586697
-1155,291,122,-1154.00098,296.382965,122.043076
-1154,283,-35,-1153.00098,288.406952,-34.9565735
-1556,331,274,-1556.53223,338.88208,273.153412
-1535,200,280,-1535.53223,206.676422,279.153412
-1423,180,213,-1423.5332,186.685059,212.154022
-1368,291,98,-1368.85889,299.008728,97.4878387
-1423,180,213,-1423.85254,187.99527,212.477341
-1360,231,99,-1360.85876,239.002518,98.4877319
-1381,283,-36,-1381.99316,290.462067,-35.8832741
-1368,291,98,-1368.995,298.444885,98.0991287
-1360,231,99,-1360.995,238.433548,99.0991058
-1360,231,99,-1360.86755,244.571182,98.5027237
-1423,180,213,-1423.85681,193.593765,212.484406
-1353,160,99,-1353.86755,161.734344,98.5027237
-1381,283,-36,-1381.99304,294.959595,-35.8826141
-1360,231,99,-1360.99402,242.929047,99.1083755
-1353,160,99,-1353.99402,160.074005,99.1083755
-1381,283,-36,-1381.99316,294.786133,-35.8832741
-1353,160,99,-1353,160,99
-1369,140,-36,-1369.99316,151.761459,-35.8832741
-1381,283,-36,-1381.68555,300.218201,-35.2719727
-1369,140,-36,-1369.68555,157.176971,-35.2719727
-1458,120,-120,-1458.6748,137.146484,-119.262009
-1464,180,-120,-1464.66602,193.423874,-119.254066
-1381,283,-36,-1381.66602,301.059753,-35.2540627
-1458,120,-120,-1458.66602,138.040894,-119.254066
-1476,180,-200,-1476.98914,215.818359,-199.852997
-1464,180,-120,-1464.99011,222.645279,-119.859726
-1475,120,-200,-1475.98914,180.392746,-199.852997
-1478,330,423,-1477.00488,897.125183,422.901306
-1470,387,504,-1469.00488,954.682739,503.901306
-1470,494,502,-1469.00488,1062.47607,501.901306
-1470,387,504,-1469.32227,461.582336,503.264709
-1369,495,596,-1368.32056,570.269592,595.266296
-1470,494,502,-1469.3125,569.121643,501.273834
-1640,472,373,-1640.70557,578.95874,372.291382
-1595,407,328,-1595.70422,538.353943,327.290039
-1546,466,279,-1546.70374,494.139801,278.289551
-1493,400,725,-1493.47949,415.109344,725.877502
-1476,280,725,-1476.4668,295.057556,725.884277
-1573,260,672,-1573.47949,272.156219,672.877502
-1493,400,725,-1493.42578,415.832123,725.904785
-1416,280,753,-1416.42773,295.823547,753.903809
-1476,280,725,-1476.42578,295.80719,725.904724
-1341,280,580,-1340.0885,299.731842,579.588745
-1311,400,635,-1310.0885,402.610077,634.588745
-1341,400,564,-1340.0885,419.774017,563.588745
-1341,400,564,-1340.57422,408.601837,563.095215
-1470,387,504,-1469.55762,392.004425,503.10318
-1341,280,580,-1340.57422,288.599335,579.095215
-1363,200,329,-1362.41577,218.036224,329.811584
-1486,220,420,-1485.41504,248.32576,420.811035
-1371,331,344,-1370.41541,349.051514,344.81131
-1470,387,504,-1469.54004,400.707672,503.112091
-1483,240,509,-1482.53223,259.936035,508.11618
-1341,280,580,-1340.5332,299.939758,579.115662
-1486,220,420,-1485.00098,230.891312,419.955841
-1483,240,509,-1482.00098,250.904816,508.955841
-1470,387,504,-1469.00098,387.48288,503.955841
-1486,220,420,-1485.00098,232.702621,419.955841
-1470,387,504,-1469.00098,387.349884,503.955841
-1478,330,423,-1477.00098,330.325775,422.955841
-1486,220,420,-1485.40137,234.186264,420.800995
-1478,330,423,-1477.4082,335.780731,423.806061
-1371,331,344,-1370.40149,336.804138,344.801086
-1665,387,567,-1665.79431,399.766571,567.607422
-1573,260,672,-1573.80896,266.981995,672.587708
-1653,240,564,-1653.80615,252.760376,564.591675
-1665,387,567,-1665.99512,399.427216,566.901306
-1653,240,564,-1653.995,252.384094,563.900391
-1644,240,477,-1644.995,252.37944,476.90033
-1666,358,483,-1666.99719,362.979614,483.074402
-1665,387,567,-1665.99707,394.258728,567.074829
-1644,240,477,-1644.99609,247.258408,477.087219
-1668,330,400,-1668.97742,343.063354,400.211243
-1644,240,477,-1644.97546,253.052673,477.220093
-1660,220,399,-1660.97742,233.059998,399.211273
-1556,331,274,-1556.74719,351.172302,273.335419
-1668,330,400,-1668.74719,347.776581,399.335419
-1660,220,399,-1660.74841,237.738144,398.336792
-1556,331,274,-1556.70093,337.888733,273.286774
-1660,220,399,-1660.70129,226.039307,398.28714
-1535,200,280,-1535.70117,206.029221,279.287018
-1272,481,689,-1272.70618,3729.68628,688.291992
-1305,280,721,-1305.71582,6046.31543,720.301758
-1225,280,642,-1225.7168,3729.48608,641.302734
-1558,620,976,-1558.71106,1732.94714,975.296875
-1445,280,863,-1445.70715,2184.93335,862.292969
-1376,547,794,-1376.71008,2460.9248,793.295898
-1106,280,524,-1106.71497,3522.79248,523.300842
-1272,481,689,-1272.70618,5839.82178,688.291992
-1225,280,642,-1225.7168,5839.62158,641.302734
-1106,620,524,-1106.71594,721.908997,523.30188
-1558,620,976,-1558.71497,721.915283,975.300842
-1376,547,794,-1376.71582,721.908997,793.301758
-866,280,1156,-865.28418,1044.85181,1156.69824
-875,180,1164,-874.286682,398.359924,1164.70081
-916,180,1206,-915.282837,411.150238,1206.6969
-1298,338,1115,-1297.0155,364.62915,1114.82471
-1295,328,1141,-1294.01746,328.526764,1140.81409
-1293,345,1149,-1292.0155,345.531891,1148.82471
-1300,320,1121,-1299.02136,327.752747,1120.79443
-1295,328,1141,-1294.02136,334.237244,1140.79443
-1298,338,1115,-1297.02319,351.606506,1114.78589
-1298,279,1106,-1298.17517,295.586853,1106.9845
-1301,321,1109,-1301.18567,354.0979,1109.98254
-1290,321,1111,-1290.18555,354.0979,1111.98254
-1298,279,1106,-1298.34961,323.058624,1106.93689
-1290,321,1111,-1290.3623,407.094421,1111.93201
-1290,279,1110,-1290.34961,365.084747,1110.93689
-1283,286,1146,-1283.98621,332.480591,1146.16479
-1290,321,1111,-1290.98523,367.492371,1111.17053
-1283,327,1151,-1283.98425,373.489319,1151.17639
-851,327,841,-850.12738,335.685303,841.488342
-861,327,860,-860.122498,339.861725,860.479553
-854,332,849,-853.127319,346.545715,849.488281
-844,327,838,-843.503723,332.171021,838.868164
-851,327,841,-850.509766,327.670776,841.871582
-844,345,841,-843.496643,345.671997,841.864075
-838,327,843,-838.644531,332.741516,843.764465
-844,327,838,-844.651367,332.740051,838.758545
-844,345,841,-844.644531,346.243713,841.764526
-1440,279,986,-1440.35107,646.59137,985.06366
-1443,321,988,-1443.35107,347.889374,987.06366
-1451,320,991,-1451.34961,346.867188,990.06311
-1440,279,986,-1440.34961,634.120422,985.06311
-1451,320,991,-1451.35156,345.473328,990.063843
-1448,279,990,-1448.35059,304.238037,989.063477
-1440,279,979,-1440.99304,288.771545,979.117004
-1443,321,980,-1443,321,980
-1443,321,988,-1443.99219,330.772797,988.124695
-1440,279,979,-1440.99902,292.609741,978.955872
-1443,321,988,-1443.99902,334.618744,987.955872
-1440,279,986,-1440.99902,292.609741,985.955872
-1448,279,976,-1448.28259,294.150055,976.959229
-1451,321,978,-1451.28223,336.161865,978.95929
-1443,321,980,-1443.28235,331.963684,980.95929
-1448,279,976,-1448.34961,296.603119,976.936768
-1443,321,980,-1443.34961,332.312408,980.936829
-1440,279,979,-1440.34961,296.605316,979.936829
-1351,279,969,-1351.24316,294.157593,969.96991
-1353,321,971,-1353.24316,332.342285,971.96991
-1346,321,973,-1346.24316,336.161133,973.969971
-1351,279,969,-1351.34961,299.815369,969.936829
-1346,321,973,-1346.34961,341.832123,973.936829
-1343,279,971,-1343.34961,280.045624,971.936829
-1343,279,971,-1343.99304,292.029205,971.117188
-1346,321,973,-1346.99316,335.721069,973.116577
-1345,321,981,-1345.99316,335.719421,981.116394
-1343,279,971,-1343.99304,292.040833,971.117188
-1345,321,981,-1345.99316,335.731018,981.116394
-1341,279,980,-1341.99316,280.27832,980.116638
-1341,279,980,-1341.34961,644.480347,979.06311
-1345,321,981,-1345.3501,814.441833,980.063293
-1353,320,984,-1353.35156,813.419617,983.063843
-1005,287,734,-1005.67773,295.316284,734.735291
-1018,326,728,-1018.69629,334.321899,728.717712
-1011,328,734,-1011.67773,330.464508,734.735291
-1005,287,734,-1005.62793,296.308044,734.778076
-1011,328,734,-1011.62305,331.456787,734.781982
-999,289,739,-999.618164,298.310303,739.786011
-1018,326,728,-1017.41211,358.807831,728.808899
-1025,324,733,-1024.41223,356.805939,733.809021
-1024,343,733,-1023.41901,375.824127,733.813904
-1025,324,733,-1024.03491,343.881195,732.738098
-1023,326,740,-1022.03491,345.883545,739.738098
-1024,343,733,-1023.03491,362.886627,732.738098
-1139,327,718,-1138.50293,332.200317,718.867676
-1146,327,721,-1145.51062,327.700378,721.87207
-1139,345,721,-1138.50977,345.701416,721.871582
-1133,327,723,-1133.64453,332.700867,723.764343
-1139,327,718,-1139.64465,332.700867,718.764404
-1139,345,721,-1139.64453,346.203094,721.764526
-1146,287,735,-1145.02905,300.310181,734.760742
-1144,328,730,-1143.02905,341.317017,729.760742
-1146,327,721,-1145.03003,343.392761,720.756836
-1146,287,735,-1145.02905,300.34082,734.760742
-1146,327,721,-1145.03003,343.423401,720.756836
-1148,286,726,-1147.02905,302.416565,725.760742
-1135,286,728,-1135.92078,602.039856,727.609924
-1133,327,723,-1133.92078,643.04834,722.609924
-1136,328,730,-1136.92053,644.116272,729.609375
-1135,286,728,-1135.9364,462.444916,727.649109
-1136,328,730,-1136.93616,504.607544,729.648438
-1138,287,736,-1138.93616,463.428467,735.648438
-1003,289,746,-1002.84698,298.898438,745.01178
-1015,328,741,-1014.84668,328.572998,740.011841
-1023,326,740,-1022.84668,326.574219,739.011841
-1003,289,746,-1002.8291,299.831116,745.014771
-1023,326,740,-1022.82916,326.527557,739.014709
-1010,287,746,-1009.82916,287.519775,745.014709
-1138,287,736,-1138.04297,293.969971,735.000977
-1136,328,730,-1136.04297,334.974609,729.000977
-1144,328,730,-1144.04297,334.974609,729.000977
-1138,287,736,-1137.88281,295.231201,735.006897
-1144,328,730,-1143.88281,336.233337,729.006897
-1146,287,735,-1145.87537,295.233124,734.007812
-1006,312,1246,-1005.03021,318.249573,1245.7561
-1005,312,1254,-1004.03003,312.249756,1253.75684
-1003,330,1250,-1002.03003,330.249969,1249.75684
-994,274,1239,-994.618164,280.287323,1239.78601
-1000,313,1241,-1000.63867,314.286285,1241.76941
-994,314,1246,-994.633972,315.287048,1246.77332
-994,274,1239,-994.638672,280.296906,1239.76941
-994,314,1246,-994.651367,315.295837,1246.75867
-988,274,1244,-988.644531,280.296906,1244.76453
-988,274,1244,-988.931519,282.993256,1243.63635
-994,314,1246,-994.931335,326.233063,1245.63586
-996,313,1255,-996.931274,313.718719,1254.63574
-988,274,1244,-988.936523,282.417755,1243.64941
-996,313,1255,-996.936157,313.417572,1254.64844
-991,274,1251,-991.936707,285.417664,1250.6499
-1156,290,1288,-1155.91174,415.378632,1287.00391
-1163,324,1286,-1162.90039,567.547913,1285.005
-1173,322,1286,-1172.90137,447.479095,1285.00488
-1160,286,1274,-1160.58606,306.16507,1274.81018
-1166,322,1271,-1166.58752,329.846069,1271.8092
-1159,324,1276,-1159.58984,327.396759,1276.8075
-1160,286,1274,-1160.64502,308.418335,1274.76416
-1159,324,1276,-1159.64502,328.75766,1276.76416
-1153,287,1280,-1153.65918,309.409821,1280.75195
-1153,287,1280,-1153.93127,292.580597,1279.63574
-1159,324,1276,-1159.92932,331.641388,1275.63086
-1163,324,1286,-1163.93127,331.641724,1285.63574
611,292,-642,611.71698,311.099335,-641.302917
707,293,-744,707.716309,303.493134,-743.302246
703,172,-749,703.717163,182.487503,-748.303101
707,293,-744,707.28241,313.485443,-743.04071
823,172,-785,823.282349,192.462357,-784.04071
703,172,-749,703.28241,192.469833,-748.04071
820,304,-787,819.067993,312.010529,-786.637573
892,309,-606,891.071838,316.986511,-605.627869
899,172,-636,898.073792,179.958252,-635.623047
820,304,-787,819.114624,380.848785,-786.535156
899,172,-636,898.113586,248.678909,-635.537109
823,172,-785,822.109802,248.623993,-784.544434
1155,172,-642,1155.63281,180.923431,-641.225708
1157,326,-622,1157.62305,332.606934,-621.217834
1284,337,-722,1284.6239,346.459442,-721.218506
1284,337,-722,1284.60547,349.268585,-721.204163
1273,172,-731,1273.61328,183.253784,-730.210144
1155,172,-642,1155.60962,183.644791,-641.207336
1284,337,-722,1284.81396,347.045929,-721.419128
1400,337,-884,1400.80981,342.833038,-883.41333
1387,172,-894,1387.81384,176.830643,-893.418945
1284,337,-722,1284.81873,348.887115,-721.425842
1387,172,-894,1387.81873,178.055573,-893.425842
1273,172,-731,1273.81384,182.844803,-730.418945
1400,337,-884,1400.9989,346.042816,-884.042969
1397,338,-1076,1397.99902,345.99173,-1076.04297
1379,172,-1079,1379.99902,179.952484,-1079.04297
1400,337,-884,1400.99902,349.949646,-884.042969
1379,172,-1079,1379.9989,183.879456,-1079.04443
1387,172,-894,1387.99902,183.924774,-894.04364
1397,338,-1076,1397.76294,351.784821,-1076.64636
1281,172,-1197,1281.77271,185.742188,-1197.63464
1379,172,-1079,1379.77295,185.725159,-1079.6344
1273,338,-1526,1273.99902,1967.93994,-1526.04407
1277,255,-1359,1277.99902,1674.0542,-1359.04297
1281,337,-1197,1281.99902,1595.53027,-1197.04297
1139,337,-1667,1139.19531,357.026428,-1667.98071
1020,172,-1684,1020.20111,184.326431,-1684.97949
1153,172,-1656,1153.2002,191.965836,-1656.97974
886,301,-1674,885.754883,310.732422,-1674.96948
755,277,-1637,754.736328,287.552856,-1637.9646
870,172,-1656,869.754883,181.712296,-1656.96948
755,277,-1637,755.99115,283.007172,-1637.13257
730,172,-1708,730.99115,183.765625,-1708.13269
741,172,-1615,741.991333,177.510498,-1615.13135
497,172,-760,496.286469,190.709518,-760.700623
617,172,-881,616.284973,197.869446,-881.699097
612,316,-887,611.28363,341.868439,-887.697693
612,316,-887,611.759277,333.161499,-887.970581
756,172,-913,755.754883,179.723648,-913.969482
750,321,-921,749.756104,337.625397,-921.969788
999,255,-760,999.806396,260.768494,-760.59137
1018,338,-758,1018.8089,344.831726,-758.587891
900,327,-919,900.808838,336.222229,-919.587891
896,172,-1045,895.000977,179.685898,-1044.95593
881,251,-1200,880.000916,259.662537,-1199.95728
869,338,-1200,868.000916,350.213348,-1199.95728
869,338,-1200,868.06311,346.087708,-1200.34961
881,251,-1200,880.063477,255.527924,-1200.35059
927,338,-1353,926.06311,345.24826,-1353.34961
973,172,-1497,973.3078,202.089966,-1496.04858
903,172,-1474,903.311523,221.460907,-1473.0498
963,255,-1491,963.307678,283.12262,-1490.04858
903,172,-1474,903.368347,203.855377,-1473.07031
851,172,-1453,851.37738,192.684158,-1452.07397
856,326,-1450,856.377686,337.851288,-1449.0741
903,172,-1474,903.316833,191.07164,-1473.05164
856,326,-1450,856.319336,331.81955,-1449.05237
963,255,-1491,963.317322,260.739532,-1490.05176
851,172,-1453,850.955078,217.135483,-1452.0011
714,315,-1453,713.955872,371.1073,-1452.00098
856,326,-1450,855.955872,339.59848,-1449.00098
635,191,-1502,634.47168,290.042419,-1501.151
714,315,-1453,713.473389,391.498016,-1452.1499
717,172,-1453,716.472046,246.681931,-1452.15076
520,667,-1758,519.226196,2660.3894,-1757.36658
562,667,-1707,561.22583,2661.80103,-1706.36707
563,12,-1708,563,12,-1708
1212,667,-2428,1212.58594,690.586975,-2428.8103
1126,22,-2458,1126.5791,44.8865433,-2458.81519
1191,22,-2410,1191.58594,44.1598244,-2410.8103
114,22,-2294,113.340233,54.2006378,-2293.24854
174,667,-2214,173.335815,699.562622,-2213.25244
192,22,-2226,191.334442,46.8611641,-2225.25366
174,667,-2214,173.02298,686.19696,-2213.78687
195,667,-2118,194.022934,686.190125,-2117.78711
224,22,-2148,223.022934,37.7489929,-2147.78711
174,667,-2214,173.069855,699.143921,-2213.63281
224,22,-2148,223.07103,45.1770897,-2147.62988
192,22,-2226,191.069565,43.2054787,-2225.63354
195,667,-2118,194.095184,720.160156,-2118.42578
156,667,-2035,155.095291,720.216431,-2035.42603
169,22,-2035,168.095413,82.0339203,-2035.42627
195,667,-2118,194.102463,714.712524,-2118.44092
169,22,-2035,168.103058,76.2603607,-2035.44214
224,22,-2148,223.102219,84.2302628,-2148.44043
1185,182,-2323,1185.42468,1419.95667,-2322.09473
1186,22,-2323,1186.4248,1962.75488,-2322.09473
1081,22,-2271,1081.42407,1421.73438,-2270.09448
1185,182,-2323,1185.42468,1418.77148,-2322.09473
1081,22,-2271,1081.42407,1420.54919,-2270.09448
1081,182,-2271,1081.42407,1420.54919,-2270.09448
849,667,-2795,848.094604,683.766785,-2795.42456
811,667,-2713,810.094421,683.79364,-2713.42407
878,22,-2769,877.094299,28.7383709,-2769.42383
574,22,-2780,574.466797,220.668594,-2780.88428
715,667,-2706,715.462891,834.831665,-2706.88623
586,667,-2777,586.480469,888.284607,-2777.87695
574,22,-2780,574.522034,73.8479996,-2780.85278
696,22,-2704,696.523438,70.9861908,-2704.85205
715,667,-2706,715.521912,710.833557,-2706.85278
878,140,-2186,878.988281,170.212479,-2185.84741
889,162,-2258,889.988281,192.256409,-2257.84741
883,-7,-2258,883.988281,18.7273502,-2257.84741
883,-7,-2258,883.206055,519.671631,-2257.02148
889,162,-2258,889.205872,1190.15112,-2257.02148
965,162,-2276,965.214111,689.978943,-2275.02319
883,-7,-2258,883.239258,222.613892,-2257.02905
965,162,-2276,965.20575,392.125977,-2275.02148
966,-7,-2276,966.205811,442.552002,-2275.02148
966,-7,-2276,965.509766,120.452599,-2275.12842
965,162,-2276,964.509766,181.621826,-2275.12842
1020,162,-2245,1019.49121,181.682663,-2244.13916
1026,162,-2176,1025.51904,171.192245,-2176.87671
930,162,-2126,929.53125,175.117386,-2126.8833
986,-7,-2135,985.53125,5.66352367,-2135.8833
338,22,-2488,337.937561,1122.72437,-2488.99805
252,239,-2483,251.937546,1343.40723,-2483.99805
202,262,-2480,201.937546,1366.85486,-2480.99805
815,127,-2041,814.16925,132.332779,-2040.44336
804,-7,-2105,803.167297,-4.52379751,-2104.44629
792,60,-2097,791.165405,67.7284775,-2096.44922
353,262,-2718,352.589539,371.226135,-2718.91187
181,667,-2646,180.60054,776.591675,-2646.91675
187,262,-2645,186.60054,410.502533,-2645.91675
181,667,-2646,180.003967,751.031006,-2645.91113
202,262,-2480,201.003876,278.349335,-2479.91211
187,262,-2645,186.003876,278.462097,-2644.91211
563,172,-1708,563.402405,3881.65942,-1707.08459
562,667,-1707,562.411194,5723.8252,-1706.0885
646,210,-1745,646.402344,3922.99146,-1744.08459
562,667,-1707,561.955872,679.992798,-1706.00098
729,667,-1707,728.955872,679.992798,-1706.00098
646,210,-1745,645.955872,213.450638,-1744.00098
729,667,-1707,728.587097,2208.29614,-1706.08923
730,172,-1708,729.587097,244.719803,-1707.08923
646,210,-1745,645.586914,279.809631,-1744.08936
1195,667,-1969,1195.70288,685.307434,-1968.2887
1181,22,-2007,1181.70874,39.6892776,-2006.29456
1029,22,-1854,1029.69836,42.7756958,-1853.2843
1181,22,-2007,1181.99902,63.3161354,-2006.95605
1195,667,-1969,1195.99902,709.062317,-1968.95703
1199,667,-2086,1199.99902,682.421936,-2085.95605
1196,667,-2322,1196.98816,704.472412,-2321.84668
1212,667,-2428,1212.98816,704.542664,-2427.84668
1191,22,-2410,1191.98828,54.5493774,-2409.84741
392,667,-2805,392.039093,701.198303,-2805.99902
402,22,-2787,402.038818,55.7202721,-2787.99902
574,22,-2780,574.039612,55.7382088,-2780.99902
205,667,-2492,204.272446,770.40271,-2492.68604
124,667,-2406,123.273819,751.032837,-2406.6875
202,22,-2480,201.271973,119.379967,-2480.68555
124,667,-2406,123.291847,821.805786,-2406.70605
146,22,-2423,145.286301,204.471375,-2423.70044
202,22,-2480,201.286301,200.829697,-2480.70044
146,22,-2423,145.027328,59.9576607,-2423.23218
124,667,-2406,123.027153,716.681824,-2406.23145
114,22,-2294,113.026863,74.5660095,-2294.23022
353,22,-2718,352.177246,56.503582,-2718.56836
402,22,-2787,401.175232,56.5248146,-2787.56543
392,667,-2805,391.174561,702.373474,-2805.56445
353,22,-2718,352.132294,84.774971,-2718.49707
392,667,-2805,391.13739,730.663086,-2805.50586
337,667,-2710,336.127319,730.751221,-2710.48828
1199,667,-2086,1199.7887,716.594421,-2085.38525
1287,667,-2200,1287.78833,716.540039,-2199.38477
1280,182,-2207,1280.7887,230.663651,-2206.38525
1199,667,-2086,1199.74414,693.438293,-2085.33203
1280,182,-2207,1280.75134,207.930618,-2206.34009
1188,182,-2102,1188.75195,207.925888,-2101.34082
1287,667,-2200,1287.78748,724.425537,-2200.61621
1196,667,-2322,1196.78821,724.396667,-2322.61523
1185,182,-2323,1185.79126,238.332077,-2323.61133
1287,667,-2200,1287.76196,1150.38916,-2200.64746
1185,182,-2323,1185.76282,664.100952,-2323.64648
1280,182,-2207,1280.76782,663.737305,-2207.64062
927,667,-2788,926.955872,704.022339,-2788.99902
878,22,-2769,877.955872,50.6534386,-2769.99902
935,22,-2770,934.955872,53.7552071,-2770.99902
927,667,-2788,927.087524,693.178101,-2788.99609
849,667,-2795,849.087891,693.171326,-2795.99609
878,22,-2769,878.075012,43.1809616,-2769.99707
156,667,-2035,155.052078,720.050781,-2034.68152
219,22,-1889,218.052032,49.3624191,-1888.68164
169,22,-2035,168.052124,81.6525726,-2034.6814
927,667,-2788,927.731567,759.928589,-2788.68164
935,22,-2770,935.733459,143.224548,-2770.67969
988,22,-2712,988.732483,138.019882,-2712.68066
-838,160,1383,-838.910767,185.309143,1383.41284
-836,80,1378,-836.914612,80.9558258,1378.4043
-869,80,1308,-869.910645,105.321396,1308.41309
-679,167,1516,-679.613525,173.139999,1516.78967
-758,123,1447,-758.613464,132.097839,1447.78967
-762,200,1459,-762.613281,206.707184,1459.78979
-400,220,1516,-399.834808,227.347626,1516.98621
-520,209,1536,-519.829468,216.365707,1536.98535
-520,289,1548,-519.829468,303.651154,1548.98535
-520,289,1548,-520.098267,295.924377,1548.99512
-520,209,1536,-520,209,1536
-679,167,1516,-679,167,1516
908,-5,-273,908.983276,257.943359,-273.182098
931,144,-148,931.9823,181.734299,-148.187256
914,151,-244,914.981384,414.149963,-244.192001
949,137,-53,949.844116,144.237518,-52.4638443
855,-33,52,855.844421,-32.1384277,52.5356674
793,127,193,793.850037,133.473373,193.526718
1060,-74,132,1060.13281,-30.5072651,132.991119
1123,274,131,1123.13281,314.35788,131.991135
1138,-74,121,1138.14087,-36.2147408,121.990021
1102,-74,181,1102.75696,35.0462265,180.346542
1026,274,88,1026.75903,299.119263,87.3489532
1060,-74,132,1060.75671,9.19566536,131.346268
1135,-74,174,1134.80957,63.1905403,173.018311
1076,274,183,1075.8103,380.892151,182.018158
1102,-74,181,1101.80957,-23.7942524,180.018311
1138,-74,121,1137.20251,-54.7547684,121.603333
1123,274,131,1122.19946,290.030975,131.599274
1147,274,162,1146.19946,280.854431,162.599243
1138,-74,121,1137.76025,-64.6697845,121.970825
1147,274,162,1146.76367,282.62381,162.971664
1172,-74,129,1171.76367,-67.688652,129.971664
1172,-74,129,1171.93762,-63.7022133,129.998047
1147,274,162,1146.93762,288.285004,162.998047
1190,273,165,1189.93762,291.442993,165.998047
1166,-71,17,1165.23938,-45.5388412,16.3508034
1165,274,-3,1164.23901,299.702728,-3.64876342
1068,-71,131,1067.24231,-36.4356689,130.347397
1165,274,-3,1164.34595,283.091339,-3.75644612
944,274,187,943.344604,283.066132,186.24472
1068,-71,131,1067.34387,-59.1748581,130.245361
915,274,352,914.075745,280.2995,352.381714
1046,274,673,1045.07385,280.28363,673.377075
1023,-71,471,1022.07574,-64.7261734,471.381744
1316,274,721,1316.09778,284.323364,721.995178
1318,-71,688,1318.09778,-59.6829338,688.995178
1195,-71,700,1195.09802,-59.6661377,700.995178
1566,274,527,1566.38867,291.352173,527.921326
1551,-71,512,1551.37695,-60.7158699,512.926147
1391,-71,580,1391.38867,-60.6852379,580.921326
1316,274,721,1316.61328,279.081299,721.789856
1566,274,527,1566.60938,282.304657,527.792786
1391,-71,580,1391.61328,-65.959816,580.789795
1318,-71,688,1318.81873,-52.2090607,688.574036
1316,274,721,1316.81873,277.011688,721.574097
1391,-71,580,1391.81921,-68.1872711,580.573486
1551,-71,512,1551.99609,-43.8931389,511.911713
1566,274,527,1566.99707,328.276886,526.923523
1545,-51,413,1545.99609,2.67098212,412.911713
1566,274,527,1566.9823,281.855042,527.187073
1606,274,304,1606.98523,281.859955,304.170868
1545,-51,413,1545.9823,-43.3983803,413.187012
1606,274,304,1606.92346,294.35675,304.383667
1586,-71,310,1586.92346,-50.6910591,310.383667
1545,-51,413,1545.92053,-31.4387283,413.390656
1436,274,45,1436.995,285.120453,44.9005051
1408,-71,80,1408,-71,80
1421,-71,228,1421,-71,228
1586,-71,310,1586.44202,-47.0648346,309.102997
1606,274,304,1606.44238,297.936401,303.10318
1421,-71,228,1421.44043,-57.8465385,227.102219
1408,-71,80,1408.40234,-62.9400291,79.0845184
1436,274,45,1436.39111,285.22348,44.0796585
1290,-71,29,1290.39075,-56.2443771,28.0795021
1436,274,45,1436.17676,307.135742,44.0157471
1165,274,-3,1165.18274,307.183594,-3.9831574
1290,-71,29,1290.17676,-16.6446037,28.0157471
1165,274,-3,1165.1084,291.368378,-3.9941051
1166,-71,17,1166.09863,-53.7843399,16.0048771
1290,-71,29,1290.10022,-41.6370544,28.0050354
1469,-71,181,1469.15332,-38.8988113,181.988174
1453,274,194,1453.15332,300.573669,194.988159
1546,274,179,1546.15332,304.90686,179.988144
1428,-71,174,1428.04199,-55.0673637,174.999115
1347,70,185,1347.04199,85.1982117,185.999115
1453,274,194,1453.04199,288.493469,194.9991
1453,274,194,1452.81616,296.368317,194.982956
1469,-71,181,1468.81665,-48.6384201,181.983047
1428,-71,174,1427.81665,-45.2611542,174.983047
1372,-71,227,1371.55627,-36.589653,226.103851
1367,274,218,1366.55566,308.889038,217.104141
1331,274,236,1330.55566,305.289124,235.104141
1286,-71,579,1286.97449,567.182678,579.224304
1287,274,577,1287.97449,915.412048,577.224182
1307,274,488,1307.97534,756.616882,488.220367
1286,-71,579,1286.97449,211.214798,579.22406
1307,274,488,1307.97534,484.728577,488.22049
1306,-71,487,1306.97546,139.216995,487.220062
1306,-71,487,1305.91138,318.397247,487.996063
1307,274,488,1306.9104,664.398315,488.995972
1345,274,491,1344.91016,529.076904,491.995941
1306,-71,487,1306.04199,-14.5517693,487.999084
1345,274,491,1345.04102,308.659637,491.999115
1346,-71,485,1346.04199,-36.6218948,485.999115
1346,-71,485,1345.14893,17.7766457,485.525024
1345,274,491,1344.14941,363.638763,491.525818
1436,274,640,1435.14978,360.355042,640.526367
1346,-71,485,1345.14893,2.50751567,485.525024
1436,274,640,1435.14734,345.330017,640.522461
1409,-71,587,1408.15002,-0.147500917,587.526794
1102,274,576,1102.17493,311.278839,575.015442
972,274,552,972.174988,333.803314,551.015442
1020,-71,570,1020.17499,-11.5785942,569.015442
993,274,561,993.423889,343.498199,561.905701
1096,274,512,1096.42444,377.349365,512.905457
1114,-71,498,1114.42896,34.2772141,498.90332
1004,-71,508,1004.09863,-64.5547028,508.995117
993,274,561,993.087585,280.239532,561.996155
1114,-71,498,1114.09863,-61.6274109,498.995117
1114,-71,498,1113.12244,-51.6697502,498.479431
1116,274,539,1115.12329,296.514252,539.481018
1132,-71,532,1131.1228,-34.9278374,532.480103
1114,-71,498,1113.19775,-55.5703964,498.596985
1096,274,512,1095.1908,288.887695,512.587524
1116,274,539,1115.1908,291.219421,539.587524
1132,-71,532,1131.0592,-43.8128433,531.661072
1116,274,539,1115.0592,292.923401,538.661072
1102,274,576,1101.05823,304.333008,575.663757
1181,22,-2007,1181.99902,64.4674225,-2006.95593
1199,667,-2086,1199.99902,683.94342,-2085.95605
1188,182,-2102,1188.99902,197.968445,-2101.95703
1196,667,-2322,1196.99316,711.178345,-2321.8833
1191,22,-2410,1191.99316,60.5001678,-2409.8833
1185,182,-2323,1185.99316,225.62265,-2322.8833
428,-7,-2043,427.194733,11.7922497,-2043.5929
423,71,-2043,422.194824,90.1903305,-2043.59302
389,71,-1997,388.195007,89.9030914,-1997.59326
428,-7,-2043,427.052032,10.0231037,-2042.68164
408,71,-2085,407.055054,88.7667618,-2084.67285
423,71,-2043,422.052032,88.4125671,-2042.68164
365,70,-2094,364.847382,81.9464035,-2093.01172
411,-7,-2094,410.847382,3.96677375,-2093.01172
363,-7,-2101,362.853821,3.95813775,-2100.01074
363,-7,-2101,363.561951,4.6277976,-2100.17285
327,72,-2068,327.561554,83.6751709,-2067.17261
365,70,-2094,365.561218,82.625412,-2093.17236
321,-7,-2072,321.980713,7.77097654,-2072.19531
338,70,-2009,338.980682,84.9856796,-2009.19531
327,72,-2068,327.980713,86.7971573,-2068.19531
391,-7,-1991,391.228119,6.74701786,-1991.97363
389,71,-1997,389.226624,84.8521423,-1997.97388
338,70,-2009,338.226624,83.9672318,-2009.97388
391,-7,-1991,391.130951,0.268295586,-1991.99133
338,70,-2009,338.130951,77.4855804,-2009.99133
334,-7,-1999,334.130951,0.268295586,-1999.99133
428,-7,-2043,427.179688,8.08207321,-2043.5719
389,71,-1997,388.177734,86.2022324,-1997.56909
391,-7,-1991,390.176971,8.08300877,-1991.56799
411,-7,-2094,410.052032,7.71017981,-2093.68164
408,71,-2085,407.052032,86.4647675,-2084.68164
428,-7,-2043,427.052032,7.69663239,-2042.68164
365,70,-2094,364.780396,78.6947479,-2093.02441
408,71,-2085,407.797607,79.4571152,-2084.02075
411,-7,-2094,410.789276,0.721272588,-2093.02246
321,-7,-2072,321.561554,5.11545086,-2071.17261
327,72,-2068,327.561249,84.1520538,-2067.17236
363,-7,-2101,363.568359,5.11545086,-2100.17725
334,-7,-1999,334.982819,6.30462503,-1999.18457
338,70,-2009,338.982819,83.538147,-2009.18457
321,-7,-2072,321.980927,6.29548883,-2072.19434
428,70,-2190,427.453186,82.8000946,-2190.83716
397,69,-2170,396.457184,82.3709564,-2170.83984
434,-7,-2187,433.459839,5.5870533,-2187.84155
428,70,-2190,427.023102,84.7631531,-2190.21362
442,-7,-2230,441.02298,7.57277441,-2230.21313
436,72,-2228,435.022949,87.3520508,-2228.21289
442,-7,-2230,441.437317,9.4169445,-2229.17334
394,70,-2257,393.423218,86.5104294,-2256.18311
436,72,-2228,435.42392,89.2247696,-2227.18262
357,67,-2234,357.524963,76.2034988,-2233.14893
394,70,-2257,394.524963,78.3317947,-2256.14893
391,-7,-2265,391.525757,1.25413191,-2264.14941
352,-7,-2236,352.987854,7.89351225,-2236.15527
364,67,-2186,364.987946,82.7441559,-2186.15479
357,67,-2234,357.987946,82.8346634,-2234.15479
401,-7,-2163,401.451355,9.64030647,-2163.89233
397,69,-2170,397.445343,86.4230499,-2170.89526
364,67,-2186,364.410919,84.480072,-2186.91162
434,-7,-2187,433.01593,4.64550829,-2187.17773
442,-7,-2230,441.017944,4.63817453,-2230.18848
428,70,-2190,427.016144,81.8470383,-2190.17896
391,-7,-2265,390.42392,9.32021618,-2264.18262
394,70,-2257,393.437317,86.4073715,-2256.17334
442,-7,-2230,441.430206,9.32791519,-2229.17822
357,67,-2234,357.599243,83.3680878,-2233.19946
391,-7,-2265,391.592346,8.40134239,-2264.19434
352,-7,-2236,352.591339,8.40933418,-2235.1936
361,-7,-2183,361.986969,13.3822756,-2183.16089
364,67,-2186,364.986969,88.2312851,-2186.16089
352,-7,-2236,352.984924,13.3531952,-2236.17285
401,-7,-2163,401.441315,10.9633017,-2163.89722
364,67,-2186,364.454712,85.8019257,-2186.89062
361,-7,-2183,361.455627,10.9769373,-2183.89014
434,-7,-2187,433.398804,2.23038459,-2187.79907
397,69,-2170,396.398804,78.9981766,-2170.79907
401,-7,-2163,400.399109,2.23038459,-2163.79932
1139,337,-1667,1139.29211,345.49176,-1667.9563
1038,337,-1698,1038.29297,342.473053,-1698.95605
1020,172,-1684,1020.28223,176.454681,-1684.95923
1038,337,-1698,1037.8678,345.232819,-1698.99121
886,301,-1674,885.867737,309.068359,-1674.99121
870,172,-1656,869.861511,180.03566,-1656.99036
870,172,-1656,869.690613,177.980377,-1656.95093
755,277,-1637,754.687622,283.968323,-1637.94995
741,172,-1615,740.684692,180.558456,-1615.94897
1038,337,-1698,1037.81274,353.11264,-1698.9823
870,172,-1656,869.812744,188.215836,-1656.9823
1020,172,-1684,1019.81274,187.065247,-1684.9823
750,321,-921,750.042725,340.679718,-921.999084
756,172,-913,756.042542,181.067307,-913.999084
900,327,-919,900.041016,349.726379,-919.999146
617,172,-881,616.759277,192.691483,-881.970581
756,172,-913,755.759521,181.371521,-913.970642
612,316,-887,611.755615,336.774109,-887.969666
900,327,-919,900.041016,344.393341,-919.999146
756,172,-913,756.043518,177.372665,-913.999023
907,172,-910,907.042603,189.315384,-910.999084
1278,-71,614,1278.96948,411.211334,613.754883
1273,274,592,1273.97058,494.253571,591.759277
1273,-71,593,1273.97046,382.256989,592.758789
1372,-71,227,1371.43652,-47.8842506,226.173874
1331,274,236,1330.43652,294.154266,235.173874
1330,-71,255,1329.43359,-44.8285637,254.175888
-1535,501,-1381,-1534.87537,509.920868,-1381.99219
-1581,494,-1386,-1580.88281,500.071594,-1386.99304
-1520,-6,-1320,-1519.86035,5.89600658,-1320.99011
-1851,50,-572,-1851.92065,56.4045486,-572.39032
-1880,-17,-480,-1880.92053,-10.1932106,-480.390656
-1842,0,-575,-1842.92053,8.48124599,-575.390625
-1844,51,-681,-1844.99805,62.9666824,-681.06134
-1851,50,-572,-1851.99707,56.1160278,-572.075806
-1841,0,-665,-1841.99707,10.4486609,-665.075989
-1848,51,-768,-1848.99902,57.0559692,-767.955872
-1844,51,-681,-1844.99902,60.388813,-680.955872
-1840,0,-760,-1840.99902,9.7661562,-759.955872
-1880,-21,-1000,-1880.98425,-13.7963715,-999.823242
-1848,51,-768,-1848.98425,53.9270554,-767.823242
-1840,0,-760,-1840.9823,7.16644812,-759.812744
-1680,-21,-320,-1680.32056,-8.18890762,-319.052795
-1871,494,-343,-1871.32349,503.415619,-342.053772
-1688,494,-280,-1688.30969,506.939301,-279.049164
-1880,-17,-480,-1880.99805,354.465363,-479.937561
-1871,494,-343,-1871.99805,700.311951,-342.937561
-1868,-21,-320,-1868.99707,179.089767,-319.923523
-1042,-21,-281,-1041.92285,-3.60780549,-280.002991
-1040,159,-270,-1039.92285,188.387909,-269.002991
-976,160,-275,-975.922852,188.461792,-274.002991
-1160,494,-280,-1160.0896,2206.82739,-279.004028
-1040,159,-270,-1040.07568,3091.61621,-269.002869
-1157,149,-280,-1157.0896,1799.12927,-279.004028
-976,160,-275,-975.922852,182.068451,-274.002991
-1040,159,-270,-1039.9104,182.215103,-269.004028
-980,494,-260,-979.923157,501.609344,-259.00296
-749,498,-265,-748.957275,519.882324,-264.000916
-976,160,-275,-975.956543,179.470215,-274.000946
-980,494,-260,-979.957275,499.730499,-259.000916
-800,-21,-391,-799.036865,13.9361496,-391.268921
-758,122,-258,-757.036865,181.529343,-258.268982
-749,498,-265,-748.036865,546.659851,-265.26889
-976,160,-275,-976.041992,196.64006,-274.000885
-920,-21,-280,-920.041992,-8.40295124,-279.000885
-974,-21,-280,-974.041992,8.42242336,-279.000885
-758,122,-258,-758.087952,141.294617,-257.003876
-920,-21,-280,-920.087891,-5.66649342,-279.003876
-976,160,-275,-976.087891,187.220261,-274.003876
-1042,-21,-281,-1042.04199,16.131237,-280.000885
-976,160,-275,-976.041992,221.51329,-274.000885
-974,-21,-280,-974.041992,33.3208618,-279.000885
-1157,149,-280,-1156.95874,8654.73633,-279.000854
-1042,-21,-281,-1041.95874,8484.74121,-280.000854
-1160,-21,-280,-1159.95874,8445.49219,-279.000854
-1160,494,-280,-1160.3042,505.296417,-279.047394
-1040,494,-240,-1040.30444,505.324554,-239.04747
-1040,159,-270,-1040.30396,178.312714,-269.047333
-980,494,-260,-979.695312,505.895172,-259.047577
-1040,159,-270,-1039.69531,178.897751,-269.047577
-1040,494,-240,-1039.69556,505.909943,-239.04747
-1041,494,-1321,-1041.04297,603.367249,-1321.99902
-1154,340,-1320,-1154.04297,527.410522,-1320.99902
-1093,288,-1320,-1093.04297,508.052765,-1320.99902
-1333,302,-1335,-1332.82324,314.445068,-1335.98425
-1256,283,-1321,-1255.84668,305.262787,-1321.98816
-1337,494,-1352,-1336.84668,513.695129,-1352.98816
-1333,302,-1335,-1333.04297,320.970001,-1335.99902
-1520,-6,-1320,-1520.04297,29.1477432,-1320.99902
-1337,-6,-1320,-1337.04297,29.1477432,-1320.99902
-1333,302,-1335,-1332.90137,310.325439,-1335.99512
-1535,501,-1381,-1534.90039,511.920349,-1381.995
-1520,-6,-1320,-1519.90137,8.04489899,-1320.99512
-1337,-6,-1320,-1336.82324,12.2907858,-1320.98425
-1256,283,-1321,-1255.82947,300.80423,-1321.98535
-1333,302,-1335,-1332.82324,304.716278,-1335.98425
-1909,494,-937,-1909.99109,523.019531,-937.132568
-1885,135,-1018,-1885.99109,145.632935,-1018.13251
-1881,507,-1137,-1881.99109,538.357361,-1137.13269
-1909,494,-937,-1909.99109,504.065887,-936.867188
-1848,121,-768,-1848.99109,125.191475,-767.867188
-1885,135,-1018,-1885.99121,139.782333,-1017.86774
-1885,135,-1018,-1885.99207,153.96814,-1018.12476
-1880,-21,-1000,-1880.99121,11.8248014,-1000.1322
-1861,-33,-1136,-1861.99109,-1.81683767,-1136.13269
-1668,330,400,-1668.99719,334.989441,400.074341
-1666,358,483,-1666.99719,360.694153,483.074402
-1644,240,477,-1644.99609,244.972946,477.087219
-1315,120,-200,-1314.06018,133.284897,-200.341568
-1290,178,-145,-1289.06018,195.630676,-145.341599
-1311,180,-205,-1310.06018,203.09639,-205.341599
-1290,178,-145,-1289.29785,184.548828,-145.712021
-1181,140,-30,-1180.29224,147.374969,-30.7064362
-1154,283,-35,-1153.29199,290.375732,-35.7061996
-1311,180,-205,-1310.06055,221.620438,-205.342545
-1290,178,-145,-1289.06018,200.32135,-145.341492
-1288,240,-143,-1287.06018,250.088089,-143.341553
-1471,240,-120,-1471.66602,253.401627,-119.254066
-1381,283,-36,-1381.66602,296.422424,-35.2540627
-1464,180,-120,-1464.66602,188.786575,-119.254066
-1460,240,-200,-1460.99121,249.266998,-200.132248
-1471,240,-120,-1471.99207,249.263565,-120.124786
-1464,180,-120,-1464.99121,184.639679,-120.131981
-1475,120,-200,-1475.97937,129.153641,-199.797928
-1464,180,-120,-1464.97937,184.532028,-119.797928
-1458,120,-120,-1458.97937,129.133942,-119.797928
541,40,2323,541.819214,49.1505852,2323.57349
594,115,2260,594.815247,123.211739,2260.5791
580,0,2259,580.818604,7.60869312,2259.57422
408,0,2497,408.811218,5.11329937,2497.58472
444,135,2491,444.812103,140.121033,2491.5835
461,52,2440,461.810944,57.9433708,2440.58496
526,0,2319,526.742615,6.00940895,2319.66968
532,25,2319,532.74231,34.9581642,2319.66992
580,0,2259,580.733704,7.8143096,2259.67944
526,0,2319,526.762878,6.25044441,2319.64648
484,37,2379,484.75473,49.6008301,2379.65601
532,25,2319,532.757019,35.1793747,2319.65332
461,52,2440,461.854431,59.1611137,2440.51953
444,135,2491,444.85144,141.198288,2491.52441
477,133,2434,477.85434,136.667114,2434.51953
495,54,2382,495.85437,60.8171005,2382.51953
477,133,2434,477.854431,136.972763,2434.51953
511,131,2377,511.855042,138.509857,2377.51855
495,54,2382,495.800964,61.3735466,2382.59863
511,131,2377,511.801544,138.738953,2377.5979
552,123,2319,552.803894,129.537903,2319.59473
541,40,2323,541.808899,51.6442413,2323.58789
552,123,2319,552.806763,132.387817,2319.59082
594,115,2260,594.808899,125.016525,2260.58789
199,0,2642,199.455566,16.3539028,2642.89014
218,123,2640,218.452118,134.911057,2640.89185
273,0,2604,273.441559,0.544553876,2604.89722
273,0,2604,273.355438,8.4970808,2604.93457
218,123,2640,218.354691,138.119568,2640.93481
293,121,2611,293.341614,132.754288,2611.9397
329,0,2577,329.341522,5.83831692,2577.9397
293,121,2611,293.342316,123.350975,2611.93945
368,119,2583,368.349731,124.839058,2583.93677
580,0,2259,580.861023,8.97407055,2259.50854
594,115,2260,594.863647,124.553291,2260.50391
636,101,2186,636.86084,113.885445,2186.50879
246,75,1835,245.955826,80.3310471,1834.00098
91,134,1828,90.9558182,139.285156,1827.00098
114,67,1840,113.955818,72.2817612,1839.00098
184,0,2276,183.000885,4.78211594,2276.04199
165,95,2371,164.000931,103.305244,2371.04297
184,0,2465,183.000809,8.84248734,2465.04004
97,0,2473,96.8752518,32.7944069,2472.00781
159,98,2463,158.891907,114.726891,2462.00586
57,117,2474,56.8832741,149.425644,2473.00684
11,0,2481,10.8752451,78.6226044,2480.00781
57,117,2474,56.875248,166.887772,2473.00781
-33,111,2486,-33.1313591,117.210709,2485.00879
-112,0,1679,-112.991905,42.1817284,1678.87305
-103,57,1600,-103.991905,70.2028885,1599.87305
-113,83,1673,-113.992027,113.161949,1672.87402
-1840,0,-760,-1840.99902,15.5406075,-760.042969
-1844,51,-681,-1844.99902,65.0481186,-681.042969
-1841,0,-665,-1841.99902,12.6489124,-665.042969
-1841,0,-665,-1841.99902,5.31608582,-665.042969
-1851,50,-572,-1851.99902,53.7834244,-572.042969
-1842,0,-575,-1842.99902,4.42631292,-575.042969
-267,460,820,-267.523651,476.114258,819.148071
-338,459,864,-338.522156,475.075287,863.147156
-293,130,860,-293.521698,151.669525,859.146912
-389,455,960,-389.879669,462.579865,959.524414
-305,127,896,-305.879669,135.722748,895.524414
-338,459,864,-338.8797,467.855957,863.524475
-293,130,860,-293.943268,137.944733,859.667969
-338,459,864,-338.943268,463.34613,863.667969
-305,127,896,-305.943268,131.474808,895.667969
-389,459,1280,-389.631317,465.500732,1280.77551
-389,210,1230,-389.630402,213.113647,1230.77625
-468,275,1178,-468,275,1178
-359,127,1295,-359.82663,134.71257,1294.43726
-384,-40,1370,-384.827209,-30.555254,1369.43811
-337,-40,1300,-337.82663,-27.1312237,1299.43726
-387,127,1214,-387.944336,253.128464,1214.32898
-359,127,1295,-359.947296,239.424606,1295.32031
-391,-40,1199,-391.945343,112.798111,1199.32605
-391,-40,1199,-391.8797,-30.6401043,1199.47546
-359,127,1295,-359.879639,134.118912,1295.47559
-337,-40,1300,-337.879669,-30.0487576,1300.47559
-389,210,1230,-389.944275,220.867706,1230.3291
-359,127,1295,-359.947235,140.834763,1295.32031
-387,127,1214,-387.943268,142.037186,1214.33203
-359,127,1295,-359.91803,149.465363,1294.60352
-400,220,1376,-400.918121,263.303314,1375.60376
-384,-40,1370,-384.918091,-10.8386984,1369.60364
-86,114,1600,-86.2184372,128.47168,1600.97583
-161,120,1583,-161.226837,124.665283,1583.97388
-159,152,1586,-159.226883,161.501404,1586.97388
-232,170,1572,-232.250732,190.159088,1572.96802
-284,128,1557,-284.250732,152.944366,1557.96802
-283,201,1561,-283.250732,227.776566,1561.96802
-159,152,1586,-159.226883,166.475937,1586.97388
-161,120,1583,-161.226837,129.639816,1583.97388
-237,126,1567,-237.222839,143.476639,1567.97485
-159,152,1586,-159.218506,161.786484,1586.97583
-237,126,1567,-237.218506,137.689926,1567.97583
-232,170,1572,-232.218506,175.9095,1572.97583
-232,170,1572,-232.200562,179.436447,1572.97961
-237,126,1567,-237.209442,141.20285,1567.97778
-284,128,1557,-284.200775,139.859848,1557.97961
343,415,1542,343.950531,516.549438,1542.31055
386,459,1411,386.952393,506.351013,1411.30469
376,127,1433,376.951508,239.502014,1433.30762
376,127,1433,376.990875,135.112183,1432.86523
386,459,1200,386.990875,464.019745,1199.86523
357,-10,1427,357.990875,-6.0309453,1426.86523
376,35,1489,376.980835,43.224987,1488.80518
376,127,1433,376.980835,133.006088,1432.80518
357,-10,1427,357.980804,-8.02295208,1426.80505
386,459,1411,386.999115,490.739441,1410.95801
386,459,1200,386.999115,490.739441,1199.95801
376,127,1433,376.999115,171.538635,1432.95801
390,127,960,390.793396,145.871765,959.391296
353,111,912,353.792877,135.178726,911.390625
373,58,944,373.793152,73.1368942,943.390991
346,58,924,346.595276,245.232742,923.196533
394,-8,960,394.599243,205.278656,959.199463
373,58,944,373.595276,259.466949,943.196533
193,293,800,193.278992,298.308319,799.039734
134,129,815,134.280121,138.069046,814.040039
189,127,831,189.278992,136.35788,830.039734
80,293,800,79.957222,303.57724,799.000916
134,129,815,133.95723,147.971313,814.000916
155,293,800,154.95723,303.57724,799.000916
155,293,800,154.95723,303.57724,799.000916
134,129,815,133.95723,147.971313,814.000916
193,293,800,192.95723,303.57724,799.000916
-97,116,816,-97.6912003,11319.6543,815.277344
-80,-40,800,-80.6902771,12329.624,799.276489
-80,0,800,-80.6902771,12329.624,799.276489
-174,172,864,-174.575287,184.336533,863.182068
-97,116,816,-97.5726929,128.347931,815.180237
-151,193,846,-151.575119,204.196533,845.181946
-162,-40,859,-162.541977,36.5460129,858.159607
-97,116,816,-97.5403214,147.241486,815.158569
-174,172,864,-174.541779,202.95932,863.159485
35,88,181,34.8583336,108.876129,180.010086
61,160,173,60.8585472,199.667252,172.010056
-7,156,183,-7.13306284,187.4841,182.008896
-319,13,279,-319.58313,21.093153,278.187622
-252,82,221,-252.583084,86.2273941,220.187592
-337,137,273,-337.58313,145.093582,272.187622
-337,137,273,-337.562958,149.627014,272.173523
-252,82,221,-252.562958,88.3483124,220.173523
-258,151,218,-258.563507,161.932602,217.173889
-319,13,279,-319.615326,25.1286163,278.211731
-174,13,168,-174.60376,21.6619186,167.202835
-252,82,221,-252.603256,88.3527222,220.202454
-319,13,279,-319.951324,19.5709324,278.691864
-337,137,273,-337.951355,143.570984,272.691925
-350,74,343,-350.951477,81.5652008,342.692291
-50,6,541,-49.9006882,14.0103302,540.004944
78,4,554,78.0973969,7.53326654,553.004761
-41,76,533,-40.9006882,84.0913239,532.004944
-41,76,533,-40.9006882,84.5305481,532.004944
78,4,554,78.0973969,7.70306444,553.004761
98,71,548,98.0973969,74.955368,547.004761
-178,9,529,-177.891357,14.7473907,528.00592
-41,76,533,-40.8827553,85.2520218,532.006897
-163,70,520,-162.891357,75.7516937,519.00592
397,114,169,397.878693,127.645966,169.477341
385,36,179,385.878906,49.6327858,179.47699
324,102,300,324.873688,118.512154,300.48645
173,13,132,172.69191,21.2516861,131.048645
203,103,111,202.688324,111.26358,110.049812
123,90,138,122.701637,98.2529984,137.045547
-762,200,1459,-762.69928,218.610458,1459.71484
-836,80,1378,-836.698242,98.7466965,1378.71582
-838,160,1383,-838.699219,191.813568,1383.71484
-758,123,1447,-758.613464,129.124359,1447.78967
-836,80,1378,-836.613525,84.2791214,1378.78967
-762,200,1459,-762.613281,203.733704,1459.78979
-618,200,1369,-617.169739,205.120819,1368.44263
-670,123,1319,-669.179993,128.621124,1318.42773
-621,167,1376,-620.16925,172.847565,1375.44336
-651,200,1295,-650.089355,206.056503,1294.58691
-618,200,1369,-617.08844,203.005829,1368.58887
-614,247,1358,-613.088501,250.426804,1357.58875
-65,0,-510,-64.739769,18.8340206,-510.965546
-64,381,-530,-63.7257919,391.149994,-530.96167
-80,165,-523,-79.7329559,180.940323,-523.963684
20,0,-615,19.0985107,8.59941769,-615.4328
18,136,-647,17.0985107,146.075348,-647.4328
4,138,-619,3.09777927,148.761673,-619.431274
-95,142,-595,-95.7653885,154.08316,-594.356445
-113,365,-587,-113.76545,379.218475,-586.356506
-28,53,-528,-28.7653866,59.3598366,-527.356445
-114,182,-510,-113.074379,194.77623,-510.378448
-134,66,-534,-133.079117,76.4978638,-534.389832
-121,36,-496,-120.074066,41.7323418,-496.377686
-52,137,-635,-51.2321472,145.147736,-635.640625
-3,258,-600,-2.23629808,269.852844,-600.645569
-41,254,-644,-40.2322006,262.781555,-644.640686
-41,254,-644,-41.7553787,260.718781,-643.344727
-3,258,-600,-3.75621033,262.508606,-599.345703
4,138,-619,3.24255013,143.709549,-618.347107
-94,0,-494,-94.0435257,13.7193584,-494.999023
-97,167,-506,-97.0435257,181.6194,-506.999023
-121,36,-496,-121.043526,45.0306625,-496.999023
-94,0,-494,-94.7172012,15.8528757,-494.696838
-80,165,-523,-80.706871,181.585922,-523.707336
-97,167,-506,-97.7171936,185.046341,-506.696869
-65,0,-510,-65.4884872,8.77339935,-510.872559
-80,165,-523,-80.4813538,173.488983,-523.876526
-94,0,-494,-94.4884415,7.41000223,-494.872589
6,80,-546,5.62164164,86.2453766,-546.925659
-28,53,-528,-28.3677273,61.2172279,-528.929932
16,0,-537,15.6282797,10.352294,-537.928345
-65,0,-510,-65.3879166,20.2869663,-510.921692
-28,53,-528,-28.379509,74.8317795,-528.925171
-64,381,-530,-64.3793411,390.57074,-530.925232
16,0,-537,15.6684017,9.71156216,-537.94342
-28,53,-528,-28.3195076,59.6683197,-528.947571
-65,0,-510,-65.2980804,5.39256477,-510.954529
-114,182,-510,-113.850761,192.066605,-510.9888
-121,36,-496,-120.850761,42.3338928,-496.9888
-97,167,-506,-96.8506317,177.976074,-506.98877
-113,365,-587,-112.232201,377.925812,-587.640686
-80,165,-523,-79.2321472,180.624725,-523.640625
-64,381,-530,-63.2321472,395.41803,-530.640625
-28,53,-528,-28.7435856,66.2309494,-527.33136
-113,365,-587,-113.743408,386.742737,-586.331177
-64,381,-530,-64.7433014,403.089264,-529.331055
20,0,-615,19.0010014,20.4712276,-615.044739
14,68,-574,13.0010042,99.8948746,-574.0448
16,0,-537,15.0010071,19.2506504,-537.044861
20,0,-615,19.0009251,11.003747,-614.957031
-3,258,-600,-3.99907112,266.902771,-599.956909
14,68,-574,13.0009241,85.7893066,-573.957031
16,0,-537,15.0262032,6.74182892,-537.227417
14,68,-574,13.0260887,78.3478317,-574.226929
6,80,-546,5.02692032,86.5878448,-546.230469
20,0,-615,19.0387211,9.8265543,-614.724426
4,138,-619,3.03866768,148.804962,-618.724609
-3,258,-600,-3.96076345,265.81427,-599.722656
24,0,-693,23.0009995,39.3027382,-693.044678
18,136,-647,17.0009995,183.005493,-647.044678
20,0,-615,19.0010014,36.9786606,-615.044739
-41,254,-644,-41.6992798,262.863342,-643.285156
4,138,-619,3.31109715,144.830963,-618.275146
-31,142,-653,-31.6963253,145.509247,-652.282288
-52,137,-635,-51.3493767,161.749237,-635.759399
14,68,-574,14.6536684,80.4589691,-574.756775
-3,258,-600,-2.35116076,294.696014,-600.760925
-6,365,-673,-6.56803942,396.49411,-673.822998
-41,254,-644,-41.5656319,270.595764,-644.824646
-1,144,-668,-1.56114459,178.123032,-668.827698
-52,137,-635,-52.6705856,177.383118,-635.741821
-113,365,-587,-113.669983,426.914734,-587.742371
-95,142,-595,-95.6692429,168.547775,-595.743042
-6,365,-673,-6.63412476,4993.84766,-673.773193
-113,365,-587,-113.629211,7467.48633,-587.777222
-41,254,-644,-41.6292038,2641.63379,-644.777222
-6,365,-673,-6.61216688,396.107697,-673.79071
-1,144,-668,-1.61216938,177.671387,-668.79071
124,0,-760,123.375023,47.287529,-760.78064
-41,254,-644,-41.6352005,512.000122,-644.772339
-113,365,-587,-113.635201,882.319519,-587.772278
-52,137,-635,-52.6352005,510.315125,-635.772339
-28,0,-272,-28.3493576,15.8325281,-271.063019
-56,68,-278,-56.3498688,79.4997482,-277.063202
-31,166,-262,-31.3495255,180.298798,-261.06308
-31,161,-174,-30.9565144,167.529297,-174.999054
-60,166,-175,-59.9561653,170.579315,-175.999039
-44,0,-149,-43.9565163,3.05504847,-149.999054
-113,54,-211,-112.222198,62.673584,-210.37149
-98,161,-210,-97.2221756,168.379501,-209.371521
-56,68,-278,-55.2221985,78.7540207,-277.37149
-92,203,-194,-92.6155624,210.572357,-193.211914
-60,166,-175,-60.6153488,173.476852,-174.211746
-79,171,-189,-79.6161118,179.443771,-188.212341
-9,61,-234,-8.65148163,77.3641052,-233.062698
-92,203,-194,-91.6490326,211.284531,-193.063614
-24,261,-215,-23.6490288,281.1008,-214.063614
-92,203,-194,-92.6352005,209.665878,-193.227661
-39,182,-155,-39.6352654,186.848892,-154.227707
-60,166,-175,-60.6352043,172.484116,-174.227661
-24,261,-215,-24.2034664,269.111084,-215.97908
-92,203,-194,-92.2036209,216.845413,-194.97905
-37,162,-200,-37.204483,171.987274,-200.978867
-140,44,-279,-140.931366,88.6305542,-278.635925
-119,182,-218,-119.925179,229.878281,-217.620468
-113,54,-211,-113.92524,97.3251114,-210.620621
-28,0,-272,-28.861845,20.2710476,-271.492828
-31,166,-262,-31.862257,174.879578,-261.49353
-9,61,-234,-9.86336613,82.0703278,-233.495422
-100,0,-320,-100.546631,6.31635714,-319.162628
-56,68,-278,-56.5469131,75.2944412,-277.162811
-28,0,-272,-28.5462494,9.80102825,-271.162384
-158,8,-359,-158.560577,17.6987438,-358.171906
-100,0,-320,-100.567245,9.21138382,-319.176453
-158,0,-360,-158.560043,9.69779491,-359.171539
-158,8,-359,-158.572998,14.5145321,-358.18045
-116,74,-317,-116.567863,81.8580017,-316.17688
-100,0,-320,-100.568924,6.15770149,-319.177612
-24,0,-182,-24.2041931,7.97454166,-182.978928
-24,261,-215,-24.2036457,266.754578,-215.979034
-37,162,-200,-37.2041893,169.5979,-200.978928
-24,0,-182,-24.85256,65.6192245,-182.522629
-31,161,-174,-31.8525696,185.56929,-174.522614
-44,0,-149,-44.8525505,60.6797371,-149.522644
-10,0,-205,-10.8545809,14.9100208,-205.519318
-24,261,-215,-24.8525467,272.11673,-215.522644
-24,0,-182,-24.8536701,14.9104795,-182.520813
-10,0,-205,-10.9879036,16.8274899,-205.15506
-9,61,-234,-9.98790646,78.9977188,-234.155045
-24,261,-215,-24.9879093,277.089539,-215.155029
-24,0,-182,-24.9782047,17.3903351,-181.792358
-37,162,-200,-37.9781952,176.479279,-199.792313
-31,161,-174,-31.9782238,163.595215,-173.79245
-158,96,-348,-158.967834,129.314865,-347.748413
-145,65,-305,-145.967651,72.1986771,-304.747711
-158,8,-359,-158.967834,37.4704475,-358.748413
93,365,-31,92.2576447,457.091614,-30.3299942
92,182,-35,91.2572632,280.035889,-34.3304176
66,124,-64,65.2568741,260.758026,-63.3308487
8,0,-110,8.0457058,38.6969948,-109.001045
31,52,-109,31.0454941,118.873589,-108.001038
40,0,-111,40.0457077,58.0903969,-110.001045
31,52,-109,31.9065075,57.521122,-108.577812
53,227,-82,53.9064941,231.151367,-81.5777817
58,215,-97,58.9064941,220.380035,-96.5777817
40,0,-111,40.045517,15.7201576,-110.001038
124,121,-107,124.045471,134.258957,-106.001038
130,0,-115,130.045349,12.9588566,-114.00103
53,227,-82,52.01511,233.398438,-82.173172
66,124,-64,65.0151367,131.301041,-64.1733322
58,215,-97,57.0151138,219.014709,-97.1732025
124,121,-107,123.012024,127.179649,-106.845398
139,61,-78,138.011124,64.3812027,-77.851265
148,0,-81,147.010925,7.02129412,-80.8525925
139,61,-78,138.018005,67.1354141,-77.8110962
137,102,-50,136.018066,112.436432,-49.8107758
148,0,-81,147.018219,9.66870022,-80.8099899
124,121,-107,123.123596,135.088058,-106.518425
148,0,-81,147.12326,17.3647461,-80.5190353
130,0,-115,129.122696,6.89880085,-114.520065
31,52,-109,31.4221516,57.1459084,-108.093475
8,0,-110,8.44110584,1.11192358,-109.102547
53,227,-82,53.4218216,231.022705,-81.0933228
203,365,9,202.647568,422.647705,9.93583679
92,182,-35,91.6496506,285.15564,-34.0633812
93,365,-31,92.6496964,480.767212,-30.063364
66,124,-64,65.2569504,207.087357,-63.3307648
92,182,-35,91.2570877,229.611343,-34.3306122
91,102,-37,90.2574997,179.383759,-36.3301544
208,183,25,207.529358,245.596375,25.8823223
114,101,-25,113.529533,200.298431,-24.1175823
92,182,-35,91.5290527,283.45575,-34.1178398
208,183,25,207.52771,396.710297,25.8814411
175,52,7,174.527313,328.119843,7.88123035
114,101,-25,113.52771,440.163513,-24.118557
92,182,-35,91.52771,234.065247,-34.118557
114,101,-25,113.52771,151.185257,-24.118557
91,102,-37,90.52771,167.254791,-36.118557
58,215,-97,57.6500282,243.388977,-96.0632401
77,111,-93,76.6510315,163.549942,-92.0628662
40,0,-111,39.6498032,47.6432266,-110.063324
40,0,-111,39.8805161,17.6809597,-110.007164
31,52,-109,30.8805161,72.0622559,-108.007164
58,215,-97,57.8805161,224.160904,-96.007164
94,789,-24,93.1564331,931.150635,-23.4629765
93,365,-31,92.1564636,510.438873,-30.4629288
47,365,-100,46.1564293,547.570129,-99.4629822
58,215,-97,57.0446281,220.174606,-97.2953949
66,124,-64,65.0391312,131.38678,-64.2770004
77,111,-93,76.0446243,119.986443,-93.2953873
594,0,-102,594.988403,19.0387154,-102.15184
594,62,-125,594.988159,83.8965607,-125.153229
590,0,-129,590.989136,19.242815,-129.146851
507,0,-13,507.414581,11.1680489,-12.0899878
489,42,-1,489.420074,49.5918999,-0.0925103799
516,38,-14,516.414062,43.1003723,-13.0897522
414,9,16,414.154114,43.0699654,16.9880524
368,39,25,368.160156,97.647644,25.9870911
441,260,19,441.16037,289.75705,19.9870567
541,34,-53,541.96405,42.2952232,-52.7342834
550,171,-24,550.966797,176.911819,-23.7444553
565,219,-59,565.963562,222.837631,-58.7326965
516,38,-14,516.56543,42.8970985,-14.8247957
550,171,-24,550.568359,178.058151,-24.8227539
524,168,-40,524.560547,170.672073,-40.8281174
455,117,15,454.012817,126.870186,15.1595268
440,258,9,439.012817,262.356567,9.15952587
441,260,19,440.012817,268.989685,19.1595917
541,34,-53,541.65332,43.2764549,-53.7570724
565,219,-59,565.653687,230.835693,-59.7567635
554,220,-68,554.65332,227.509293,-68.7570572
524,168,-40,523.45813,174.844421,-39.1595383
550,171,-24,550,171,-24
541,34,-53,540.459595,38.3635483,-52.158596
590,0,-129,590.648438,11.537015,-128.238739
594,62,-125,594.640625,77.0400009,-124.232147
626,0,-159,626.648499,16.6959324,-158.238785
550,0,-83,550.40918,806.812866,-82.0875473
569,66,-91,569.40918,1107.64124,-90.0875473
594,0,-102,594.40918,1148.58997,-101.087547
550,0,-83,550.57428,15.2220726,-82.1813431
554,220,-68,554.575623,239.102554,-67.1822891
569,66,-91,569.575012,85.5810776,-90.1818619
550,0,-83,550.941101,24.370985,-82.6618805
541,34,-53,541.941101,65.5582123,-52.6618767
554,220,-68,554.941467,240.826614,-67.6629028
436,0,-2,435.421478,36.1010818,-1.18433309
440,258,9,439.432037,277.670197,9.82304668
455,117,15,454.43222,147.510254,15.8231792
440,258,9,440.99295,267.315338,8.88147068
414,9,16,414.99292,18.3097363,15.8813562
441,260,19,441.99295,265.412903,18.8815155
436,0,-2,436.646576,22.2028866,-1.23715043
414,9,16,414,9,16
440,258,9,440.652679,267.736176,9.75762844
489,42,-1,488.128571,49.7377777,-0.509479225
481,116,4,480.129456,122.207535,4.49208832
496,114,29,495.132477,118.110191,29.4973755
436,0,-2,436.043335,14.1430225,-1.00093949
481,116,4,481.046356,119.886292,4.99892378
489,42,-1,489.042328,52.6303673,-0.000896245299
436,0,-2,436.383728,4.88283157,-1.07655394
455,117,15,455.381714,118.203888,15.9242735
481,116,4,481.381714,117.376411,4.92427111
516,38,-14,516.997986,58.6308479,-13.9365702
524,168,-40,524.997986,189.921112,-39.9365845
517,0,-47,517.997986,36.8570976,-46.9365845
554,220,-68,553.332031,225.799683,-67.2558136
565,219,-59,564.332092,222.00769,-58.2557564
569,66,-91,568.332031,69.3445511,-90.2558136
590,68,-84,590.886292,83.491188,-83.5368729
607,67,-118,607.886475,73.3532486,-117.537224
594,0,-102,594.886292,8.28780079,-101.536873
455,117,15,454.088196,126.903725,15.410573
441,260,19,440.08728,267.372223,19.4085789
461,118,27,460.083374,121.403893,27.3997097
517,0,-47,517.314575,18.0855694,-46.0507698
524,168,-40,524.314453,179.616318,-39.0507278
541,34,-53,541.314514,52.9919739,-52.0507507
629,0,-386,629.779541,17.7192822,-386.626343
642,59,-375,642.774597,77.8702698,-375.632385
635,288,-404,635.775635,305.831177,-404.631165
665,280,-418,665.19397,290.59491,-417.019012
644,157,-426,644.193604,165.566467,-425.018921
627,158,-423,627.19342,163.326385,-422.01889
618,0,-469,618.911682,16.7793846,-468.589111
620,165,-451,620.911682,175.525055,-450.589111
625,89,-473,625.911133,95.2723465,-472.587891
600,0,-433,600.649536,14.8838243,-433.760315
627,158,-423,627.648438,167.806778,-423.761261
612,168,-437,612.660156,178.981171,-437.751038
635,288,-404,634.557617,295.976349,-404.89682
642,59,-375,641.558044,66.5100555,-375.897034
665,280,-418,664.555969,288.376953,-418.895996
665,280,-418,665.389648,286.417633,-417.079041
627,158,-423,627.389709,161.844925,-422.079071
635,288,-404,635.389648,294.49231,-403.079041
658,0,-541,658.883667,23.2426891,-540.531921
638,89,-495,638.88623,102.612144,-494.536774
648,128,-509,648.88678,159.648239,-508.537811
618,0,-469,618.859802,19.5774345,-468.48938
625,89,-473,625.859802,96.9016113,-472.48938
638,89,-495,638.85498,92.9701538,-494.481354
618,0,-469,618.868591,16.3306866,-468.504486
638,89,-495,638.868958,92.5787354,-494.505127
658,0,-541,658.871582,9.99672031,-540.509766
600,0,-433,600.859802,19.8938065,-432.48938
612,168,-437,612.859802,186.246002,-436.48938
620,165,-451,620.859985,181.003693,-450.489685
600,0,-433,600.88678,16.0754395,-432.537811
620,165,-451,620.88678,177.032318,-450.537811
618,0,-469,618.886353,18.1210346,-468.537018
627,158,-423,627.979309,187.11554,-423.202118
629,0,-386,629.979309,16.8144379,-386.202179
635,288,-404,635.979309,303.31073,-404.20224
600,0,-433,600.83728,8.85852051,-433.546722
629,0,-386,629,0,-386
627,158,-423,627.837524,163.747208,-423.546387
642,59,-375,642.856995,91.858139,-375.51532
679,0,-310,679.859924,63.9735069,-310.510406
655,105,-357,655.858032,163.77005,-357.51358
629,0,-386,629.84137,11.8574619,-386.540436
679,0,-310,679.839172,23.8043308,-310.543793
642,59,-375,642.841125,71.6064606,-375.540771
658,0,-541,658.863708,96.9819336,-541.503906
680,123,-507,680.857849,260.427094,-507.513885
643,232,-571,643.86377,328.781494,-571.503845
685,165,-278,685.99408,229.952896,-278.108521
673,99,-372,673.99408,111.816223,-372.10849
679,0,-310,679.99408,64.743515,-310.108643
665,280,-418,665.994995,297.7547,-418.099396
682,365,-288,682.995117,391.728668,-288.098663
663,365,-489,663.994995,377.421143,-489.099609
246,0,-697,246.323242,9.79763126,-697.946289
230,168,-720,230.319275,176.13887,-720.947632
224,0,-704,224.322342,6.7222538,-704.946594
354,0,-769,354.131775,60.0130386,-769.991272
385,30,-765,385.131256,67.1243439,-765.991333
353,48,-769,353.131775,51.9946976,-769.991272
248,338,-768,248.952438,343.338074,-768.304688
217,179,-769,217.952423,183.87207,-769.304688
230,168,-720,230.95282,171.796417,-720.303528
293,41,-739,292.286469,57.8468552,-738.299377
250,178,-771,249.286057,193.210144,-770.299805
292,176,-728,291.286072,195.895767,-727.299805
217,179,-769,217.958481,192.612595,-768.714844
202,89,-740,202.958969,106.481918,-739.716492
203,169,-723,203.958878,182.901581,-722.716187
250,178,-771,249.087219,227.718948,-770.591553
248,338,-768,247.087112,378.687225,-767.591797
271,172,-724,270.087128,241.14325,-723.591797
246,0,-697,245.353531,36.6978645,-697.762939
271,172,-724,270.353821,212.430939,-724.763184
252,330,-713,251.354904,349.072754,-713.764099
330,0,-748,329.403839,14.7960443,-748.802856
353,48,-769,352.398865,64.2639847,-769.799133
332,145,-762,331.399506,163.39035,-762.799622
405,104,-767,404.955719,174.914047,-767.998962
385,30,-765,384.937561,102.214745,-765.998047
476,70,-770,475.955841,140.688522,-770.999023
476,70,-770,476.039307,76.7149734,-770.999207
385,30,-765,385.039734,36.7602615,-765.999207
497,0,-760,497.042755,10.0538378,-760.999084
332,145,-762,332.644714,152.279602,-762.764404
291,43,-778,291.644592,47.2473259,-778.764465
317,40,-755,317.644562,42.5433807,-755.764526
271,172,-724,270.000946,179.901978,-723.956543
248,338,-768,247.000961,341.658417,-767.956177
252,330,-713,251.000977,331.562592,-712.955872
160,0,-725,160.250793,15.4199457,-725.968018
143,102,-737,143.250793,129.358414,-737.968018
97,0,-742,97.2559738,17.8156166,-742.966675
160,0,-725,159.900696,7.84433508,-725.995056
170,81,-736,169.90033,87.5339813,-736.994995
143,102,-737,142.900696,115.23304,-737.995056
160,0,-725,159.90033,7.8938055,-725.994995
202,89,-740,201.90033,97.1916885,-740.994995
170,81,-736,169.900696,87.6182251,-736.995056
224,0,-704,224.09671,10.1695547,-704.9953
230,168,-720,230.086899,179.589996,-720.996216
203,169,-723,203.09671,182.815445,-723.9953
252,330,-713,252.619431,349.804749,-713.785034
230,168,-720,230.624466,187.952972,-720.781006
246,0,-697,246.624451,26.4460659,-697.781006
248,338,-768,248.995956,345.642792,-768.089783
230,168,-720,230.996124,173.010849,-720.087952
252,330,-713,252.995941,339.790283,-713.089844
330,0,-748,330.218597,10.7374535,-748.975769
332,145,-762,332.218567,162.675354,-762.975769
317,40,-755,317.218567,54.0505333,-755.975769
297,0,-728,296.034882,38.2525635,-727.73822
293,41,-739,292.034943,76.7450714,-738.737976
292,176,-728,291.03595,219.904877,-727.734314
354,0,-769,353.367645,32.0998039,-769.774658
353,48,-769,352.367645,52.4710007,-769.774658
330,0,-748,329.367706,1.55083334,-748.774719
297,0,-728,296.797638,198.312973,-728.979309
292,176,-728,291.797638,387.632355,-728.979309
271,172,-724,270.817749,393.141388,-724.983215
297,0,-728,296.476349,16.9926033,-728.851929
271,172,-724,270.476349,193.513153,-724.851929
246,0,-697,245.476746,21.7681198,-697.852173
124,365,-760,123.678658,412.195526,-760.94696
97,0,-742,96.666153,24.8200512,-742.942627
146,111,-762,145.676147,161.151154,-762.946106
217,179,-769,216.900696,519.567505,-769.995056
146,111,-762,145.900696,428.549408,-762.995056
194,90,-766,193.90033,241.200974,-766.994995
124,365,-760,123.901924,2548.58887,-760.995178
146,111,-762,145.90033,2246.0647,-762.994995
217,179,-769,216.901306,2456.19165,-769.995117
120,780,-760,119.937538,2395.02686,-760.998047
124,365,-760,123.937485,1975.9397,-760.997986
311,365,-771,310.936584,372.188629,-771.997986
-105,182,-459,-105.999054,202.331848,-459.043427
-115,365,-414,-115.999062,394.545807,-414.043274
-106,182,-381,-106.999062,201.236191,-381.043274
-105,182,-459,-105.995972,214.516953,-459.089539
-113,789,-587,-113.995941,841.988831,-587.089844
-115,365,-414,-115.995972,411.941925,-414.0896
-114,365,-500,-114.984879,517.670532,-499.826782
-105,182,-459,-105.984947,245.061417,-458.827148
-114,182,-510,-114.984879,254.647171,-509.826782
-106,182,-381,-106.999062,202.434784,-381.043304
-115,365,-414,-115.999062,395.791473,-414.043274
-116,365,-318,-116.999054,392.045837,-318.043365
216,789,-6,215.85704,851.232178,-5.01027155
93,365,-31,92.8505402,471.398438,-30.0112324
94,789,-24,93.8505325,885.962646,-23.0112343
944,-29,-85,944.844116,-21.4833069,-84.4638443
855,-33,52,855.844238,-32.8818665,52.5359535
949,137,-53,949.844116,143.781784,-52.4638443
793,127,193,793.850037,134.582901,193.526672
855,-33,52,855.851013,-31.2489262,52.525116
786,-38,162,786.850037,-36.9969711,162.526672
504,-7,-2474,504.991852,4.7547245,-2474.12695
511,-7,-2417,511.991882,4.75839949,-2417.12695
515,72,-2439,515.992249,84.5824966,-2439.12427
656,-7,-2373,655.40863,-0.175591812,-2373.8064
689,69,-2411,688.404663,76.1310959,-2411.80347
636,64,-2371,635.404663,71.6001434,-2371.80347
792,60,-2097,792.52655,408.977203,-2096.1499
804,-7,-2105,804.526917,268.940247,-2104.15015
781,58,-2091,781.526611,155.582886,-2090.1499
815,127,-2041,814.166565,132.618454,-2040.44739
792,60,-2097,791.165405,68.190773,-2096.44922
781,127,-2091,780.167786,134.053635,-2090.44556
804,-7,-2105,804.200195,0.199508369,-2104.02026
706,59,-2075,706.206116,66.213829,-2074.02148
781,58,-2091,781.205933,64.4712219,-2090.02148
386,116,97,386.993042,123.407516,96.8822403
376,37,102,376.99295,45.8723488,101.881516
385,36,179,385.99292,48.2255516,178.881226
1335,-71,167,1335.44238,-64.5708008,167.89682
1331,70,193,1331.44299,76.4363403,193.896515
1347,70,185,1347.4425,77.7919846,185.896759
1333,56,232,1333.99316,62.985199,231.883286
1331,70,193,1331.99402,77.5773773,192.891266
1316,-71,239,1316.99402,-64.1117706,238.891266
1330,-71,255,1330.74866,-63.9244156,254.337051
1333,56,232,1333.74731,61.9426651,231.335541
1316,-71,239,1316.74719,-63.0861206,238.335403
1428,-71,174,1427.92395,-62.2395973,174.997101
1335,-71,167,1334.92334,-65.7420883,167.997055
1347,70,185,1346.92395,78.7718658,185.997101
1316,-71,184,1316.66174,-62.7182961,184.749725
1331,70,193,1331.66187,79.0729446,193.749619
1335,-71,167,1335.66797,-62.6770973,167.744171
1316,-71,239,1316.99902,-61.5532265,238.955826
1331,70,193,1331.99902,80.3620224,192.955826
1316,-71,184,1316.99902,-60.9168587,183.955826
891,172,-1200,890.034912,198.968384,-1200.26172
973,172,-1497,972.034912,198.879349,-1497.26184
930,253,-1351,929.034912,268.925018,-1351.26184
963,255,-1491,962.02533,264.007385,-1491.22363
930,253,-1351,929.025146,266.622131,-1351.22278
973,172,-1497,972.02533,188.8302,-1497.22351
927,338,-1353,926.063293,364.330292,-1353.3501
930,253,-1351,929.06366,271.70105,-1351.35107
986,338,-1506,986,338,-1506
896,172,-1045,895.000977,179.674744,-1044.95593
891,172,-1200,890.000854,184.192383,-1199.95874
881,251,-1200,880.000916,259.651367,-1199.95728
891,172,-1200,890.048767,179.989624,-1200.30847
930,253,-1351,929.048584,258.327393,-1351.30786
881,251,-1200,880.048828,255.444946,-1200.30859
927,338,-1353,926.049133,364.611725,-1353.30957
881,251,-1200,880.048523,267.574432,-1200.30762
930,253,-1351,929.048584,271.206207,-1351.30786
718,52,-1453,717.47168,183.802383,-1452.151
557,52,-1553,556.463867,183.674393,-1552.15588
635,191,-1502,634.47168,467.953705,-1501.151
-1290,279,1110,-1290.98218,491.931305,1110.1875
-1290,321,1111,-1290.9823,534.104492,1111.18701
-1283,286,1146,-1283.98132,498.96463,1146.19214
1036,172,-598,1036.41113,177.471466,-597.08844
1030,315,-567,1030.41211,320.476379,-566.088867
1157,326,-622,1157.41211,332.143097,-621.088867
1036,172,-598,1036.34961,179.908981,-597.06311
1157,326,-622,1157.34961,334.665833,-621.06311
1155,172,-642,1155.34961,181.517593,-641.06311
