179,0,133,179.958542,31.0689182,132.715057
199,448,150,199.958557,479.45874,149.715103
152,0,41,152.95752,31.0456314,40.7116318
199,448,150,199.999023,456.670654,150.044052
206,452,4,206.999039,460.704926,4.04369116
152,0,41,152.999008,8.62443733,41.044281
156,217,187,156.937485,229.022507,187.348022
146,448,269,146.93779,457.953583,269.347198
170,448,204,170.937531,457.969086,204.3479
170,448,204,170.878693,459.216919,204.477386
199,448,150,199.878693,459.224823,150.477386
156,217,187,156.878784,230.838257,187.477219
199,448,150,199.964645,466.921722,150.26355
179,0,133,179.964554,18.7897949,133.263885
166,0,181,166.964554,18.7696114,181.263885
2,448,333,2.52902889,555.09668,333.848602
123,0,251,123.532158,106.347404,251.846634
46,0,300,46.532177,106.347404,300.846619
-70,448,242,-70.4597244,623.839233,242.888062
46,0,300,45.5401001,255.989517,300.88797
-51,0,249,-51.4596062,175.005356,249.888123
-70,448,242,-70.7758713,456.166016,242.63089
2,448,333,1.2221489,462.502411,333.628448
46,0,300,45.2229919,14.4357748,300.629486
-122,0,138,-122.97802,1417.5437,138.208511
-119,448,154,-119.977806,1881.79041,154.209488
-102,0,234,-102.977951,1413.71777,234.208832
-119,448,154,-119.99897,469.793121,153.954712
-122,448,217,-122.99897,469.828705,216.954712
-102,0,234,-102.998978,21.6521702,233.954803
-91,0,75,-91.7312775,5.91065168,75.6820755
-182,448,91,-182.715103,453.956787,91.6990128
-119,448,154,-119.705055,453.957153,154.709152
-54,350,-67,-54.9316483,373.384277,-67.3633499
-93,448,21,-93.9316483,472.679749,20.6366501
-68,0,10,-68.9327316,24.4928608,9.63942909
-93,448,21,-93.9418869,470.786926,20.6640701
-91,0,75,-91.9418106,22.5115299,74.6638565
-68,0,10,-68.9437637,22.4963036,9.66938019
-93,448,21,-93.6151962,458.363708,20.2116261
-182,448,91,-182.618317,458.36969,90.2140732
-91,0,75,-91.6148605,10.2654839,74.2113647
-134,-38,-459,-134.99794,-30.0306625,-459.064148
-154,122,-460,-154.998047,129.976242,-460.062439
-138,-43,-375,-138.997971,-35.0284233,-375.06366
-124,184,-267,-124.920029,191.819702,-266.608154
-65,217,-116,-65.9236755,224.823959,-115.616829
-138,-43,-375,-138.920197,-35.179081,-374.608551
-65,217,-116,-65.9588089,275.989441,-115.71595
-97,-56,-239,-97.9563828,2.57762694,-238.707886
-138,-43,-375,-138.956863,15.6550446,-374.709473
111,0,-6,111.999908,6.44008303,-5.98646975
143,203,-55,143.999084,209.460175,-54.957222
111,-9,-129,111.999901,-2.53661251,-128.985931
143,203,-55,143.994949,211.511261,-54.8996239
152,192,-168,152.995972,196.64595,-167.910339
131,-52,-245,131.995972,-43.465641,-244.910339
152,192,-168,152.990143,199.714798,-167.85994
166,165,-296,166.989975,173.023163,-295.858765
131,-52,-245,131.990036,-40.8519173,-244.859192
166,165,-296,166.983795,173.592804,-295.820709
184,136,-411,184.983795,144.296707,-410.820709
131,-52,-245,131.983795,-39.9644432,-244.820709
184,136,-411,184.95546,217.772446,-410.704895
172,-45,-378,172.955521,74.3671646,-377.705078
131,-52,-245,131.95549,67.1885452,-244.704987
152,0,41,152.987839,32.3331718,40.8445358
149,350,-42,149.987839,356.286774,-42.1554146
143,203,-55,143.987839,230.433746,-55.155407
152,0,41,152.786819,6.91012192,40.3828201
206,452,4,206.783829,458.933411,3.37902308
149,350,-42,149,350,-42
179,42,-474,179.782806,46.9768639,-474.622253
128,80,-552,128.783539,85.5309677,-552.621338
110,-56,-531,110.78595,-50.4737892,-531.618286
128,80,-552,128.304596,85.2776871,-552.952454
7,-40,-567,7.29629374,-34.7259407,-567.955078
110,-56,-531,110.296722,-50.7257843,-531.954956
-90,65,-551,-90.8715897,70.0373917,-551.490234
-154,122,-460,-154.872589,124.56189,-460.488403
-80,-47,-523,-80.871582,-44.4329529,-523.490234
-154,122,-460,-154.774597,131.849884,-460.632416
-134,-38,-459,-134.774612,-28.1788464,-459.632416
-80,-47,-523,-80.7658081,-37.1843796,-523.643066
1378,0,132,1378.95972,12.0040846,131.719055
1422,439,153,1422.95605,451.766632,152.706818
1351,0,40,1351.95776,11.974412,39.7126083
1422,439,153,1422.93616,455.282257,152.64856
1377,439,35,1377.93616,448.274353,34.6486435
1351,0,40,1351.93127,15.549221,39.635685
1322,0,250,1322.84839,26.3841877,250.529358
1316,439,291,1316.84839,463.007111,291.529358
1365,0,180,1365.85046,26.361351,180.526031
1316,439,291,1316.73059,450.183075,291.68277
1393,439,207,1393.72961,450.937012,207.683792
1365,0,180,1365.73157,11.1763735,180.681763
1393,439,207,1393.88062,450.636597,207.473816
1422,439,153,1422.88062,450.632263,153.473801
1365,0,180,1365.88037,10.9118967,180.474197
1422,439,153,1422.96741,448.123688,153.252777
1378,0,132,1378.96558,8.43993378,132.259781
1365,0,180,1365.96753,8.42304707,180.25267
1245,0,299,1245.53271,13.8811731,299.846252
1316,439,291,1316.53223,453.711609,291.846588
1322,0,250,1322.53418,13.8785992,250.845367
1245,0,299,1245.34375,26.5915985,299.939026
1210,439,329,1210.34399,471.827179,329.938965
1316,439,291,1316.33789,468.20517,291.941132
1128,439,241,1127.5293,614.84967,241.882278
1245,0,299,1244.52783,173.194717,299.8815
1147,0,248,1146.52686,173.099976,248.880981
1128,439,241,1127.26685,448.998749,241.680054
1210,439,329,1209.26672,454.34259,329.679871
1245,0,299,1244.26672,9.26246929,299.679901
1076,0,137,1075.01929,1370.62488,137.195404
1079,439,153,1078.02039,1815.61121,153.200653
1096,0,233,1095.01929,1366.95825,233.195404
1079,439,153,1078.00098,460.650452,152.955826
1076,439,216,1075.00098,460.684052,215.955826
1096,0,233,1095.00098,20.9198532,232.955826
1107,0,74,1106.29504,5.82778692,74.7092438
1016,439,90,1015.2959,445.496216,90.7100754
1079,439,153,1078.29492,445.496216,153.709106
1084,439,25,1083.00195,462.778198,25.0617352
1107,0,74,1106.00195,13.9471292,74.0619049
1102,0,6,1101.00293,13.9754772,6.07564783
1084,439,25,1083.31152,447.749359,24.2747421
1016,439,90,1015.31152,445.250092,89.2747421
1107,0,74,1106.31152,5.57930613,73.2747421
1064,7,-460,1063.00098,146.605698,-460.043213
1064,179,-490,1063.00098,346.430115,-490.042297
1060,2,-376,1059.00098,141.792282,-376.043213
1064,179,-490,1063.00098,354.313782,-490.043579
1060,215,-409,1059.00098,402.375153,-409.042755
1060,2,-376,1059.00098,142.69722,-376.043121
1077,247,-259,1076.01648,293.575531,-258.819214
1106,217,-120,1105.01648,218.242645,-119.819206
1060,2,-376,1059.02039,27.0850468,-375.799133
1106,217,-120,1105.03589,225.07341,-119.734505
1101,-11,-240,1100.03809,1.18178225,-239.726654
1060,2,-376,1059.03796,14.2132998,-375.727081
1347,0,-11,1347.99927,7.03924417,-10.9617348
1375,203,-32,1375.99927,210.095963,-31.9625702
1347,-8,-133,1347.99927,-3.93674588,-132.961746
1361,-8,-217,1361.98645,-0.0535202064,-216.835953
1384,225,-183,1384.98621,230.365097,-182.834808
1368,-7,-262,1368.98718,-1.39960384,-261.840851
1384,225,-183,1384.99622,235.084015,-182.913101
1392,236,-267,1392.99707,249.457977,-266.923523
1368,-7,-262,1368.99622,3.83476281,-261.913116
1392,236,-267,1392.99719,246.162231,-266.92514
1402,187,-482,1402.99707,194.391006,-481.923523
1368,-7,-262,1368.99719,0.613893211,-261.92514
1402,187,-482,1402.98523,198.128403,-482.170624
1385,-11,-479,1385.98328,1.87942708,-479.182007
1403,0,-376,1403.98523,12.9261122,-376.170898
1351,0,40,1351.99609,6.67860985,39.9117012
1375,203,-32,1375.99707,208.985992,-32.0754471
1347,0,-11,1347.99707,6.14303303,-11.075285
1351,0,40,1351.87158,16.7052479,39.5097504
1377,439,35,1377.87622,448.593628,34.5180931
1334,330,-29,1334,330,-29
1402,187,-482,1402.72961,192.756805,-482.683685
1327,155,-553,1327.71497,162.819656,-553.699097
1309,-11,-532,1309.71301,-3.18945479,-532.701111
1402,187,-482,1402.57031,202.07515,-482.821411
1309,-11,-532,1309.57007,11.5577536,-532.821594
1385,-11,-479,1385.5625,11.5271473,-479.826782
1327,155,-553,1327.30786,161.326004,-553.951416
1206,5,-568,1206.30823,11.3104982,-568.951294
1309,-11,-532,1309.30859,-4.69383287,-532.951172
1107,121,-553,1106.09509,126.474815,-553.425598
1064,179,-490,1063.10205,184.050674,-490.440063
1118,-2,-524,1117.09497,3.07322478,-524.425293
1064,179,-490,1063.22498,187.929947,-490.631927
1064,7,-460,1063.21899,17.2391663,-460.624481
1118,-2,-524,1117.22571,8.23229408,-524.632812
1346,253,-544,1346.69739,266.638977,-544.716675
1327,155,-553,1327.69702,169.622086,-553.717041
1402,187,-482,1402.7002,195.517761,-482.713867
1957,325,-68,1957.51074,343.171265,-68.8596802
1837,267,-137,1837.5061,285.632324,-137.862442
1955,233,-64,1955.51074,261.878296,-64.8596649
1979,0,133,1979.9646,21.2215748,132.736282
2005,443,152,2005.95972,451.002106,151.719055
1966,0,87,1966.95874,21.2004108,86.7157211
2005,443,152,2005.95544,465.805786,151.704834
1951,0,41,1951.95386,15.036684,40.6997414
1966,0,87,1966.95251,36.8131638,86.6955109
2005,443,152,2005.99402,453.521637,151.891266
1990,443,14,1990.99207,460.393372,13.8743534
1951,0,41,1951.99207,7.9785223,40.8745193
1923,0,250,1923.84839,11.4770737,250.529358
1958,444,262,1958.85022,447.799805,262.526398
1966,0,181,1966.84839,17.7996044,181.529327
1958,444,262,1958.93616,464.562622,262.35141
1981,444,202,1981.93604,480.853027,202.351471
1966,0,181,1966.93689,42.870163,181.349625
1981,444,202,1981.88684,462.44455,202.462036
2005,443,152,2005.88721,449.119446,152.461365
1966,0,181,1966.88623,25.5593376,181.463226
2005,443,152,2005.96558,457.233643,152.25975
1979,0,133,1979.96375,27.2397633,133.266495
1966,0,181,1966.96753,27.829422,181.252441
1846,0,300,1846.52734,14.4241419,300.84964
1958,444,262,1958,444,262
1923,0,250,1923.53223,1.72061801,250.846588
1846,0,300,1846.33496,171.556259,300.94223
1803,443,317,1803.34082,463.205109,317.940125
1958,444,262,1958.34375,448.938171,262.938995
1736,444,234,1735.21899,454.605652,234.624512
1803,443,317,1802.21899,454.13559,317.62442
1846,0,300,1845.21912,7.81867599,300.624634
1695,444,140,1694.00488,487.402954,139.901306
1688,444,211,1687.00488,475.428406,210.901306
1696,0,234,1695.00488,51.7625389,233.901306
1708,0,75,1707.33203,8.09148693,75.744133
1644,444,94,1643.33313,448.258636,94.7451477
1695,444,140,1694.3302,452.454865,140.742523
1669,0,-251,1668.08752,4739.85547,-250.590881
1733,217,-117,1732.08948,6912.36035,-116.586548
1734,0,-117,1733.08948,2694.7749,-116.586548
1733,217,-117,1732.00098,5028.41797,-117.043571
1731,0,10,1730.00098,145.138428,9.95581722
1734,0,-117,1733.00098,349.132202,-117.043564
1740,439,-19,1739.05249,793.266113,-19.3196297
1708,0,75,1707.05249,374.569214,74.680275
1731,0,10,1730.05652,374.397186,9.66857529
1740,439,-19,1739.22766,451.648285,-19.6352005
1644,444,94,1643.22278,467.414551,93.3707733
1708,0,75,1707.22766,16.2193184,74.3647919
1665,0,-460,1664.00098,14.1698713,-460.043396
1652,174,-460,1651.00098,195.802322,-460.043396
1662,0,-396,1661.00098,17.0041885,-396.042572
1910,0,-7,1910.99963,5.0394125,-6.97407436
1955,233,-64,1955.99902,242.507126,-64.0425262
1911,0,-129,1911.99976,9.50422478,-129.019104
1952,192,-169,1952.91174,220.389359,-168.589249
2001,176,-280,2001.91162,197.00737,-279.588989
1974,0,-233,1974.91162,40.3092079,-232.589081
2001,176,-280,2001.99707,181.49472,-280.075134
1982,156,-482,1982.99707,165.188385,-482.075195
1974,0,-233,1974.99609,10.3560476,-233.088257
1982,156,-482,1982.99805,163.036804,-482.061401
1964,0,-402,1964.99805,1.64374864,-402.061493
1974,0,-233,1974.99805,8.55214119,-233.061493
1982,156,-482,1982.99109,161.406998,-482.132751
1954,0,-481,1954.98914,5.99324799,-481.146484
1964,0,-402,1964.99011,1.41464996,-402.139771
1951,0,41,1951.99902,39.7079735,40.9558182
1957,325,-68,1957.99902,401.406128,-68.0425262
1955,233,-64,1955.99902,313.791443,-64.0425262
1951,0,41,1951.96667,9.67833138,40.7439957
1990,443,14,1990.96765,461.859222,13.7477093
1957,325,-68,1957.96667,341.636993,-68.2559891
1982,156,-482,1982.72961,163.27742,-482.683655
1920,164,-548,1920.71301,169.679077,-548.70105
1954,0,-481,1954.71924,6.00444651,-481.694733
1920,164,-548,1920.74341,172.333435,-548.668823
1910,0,-531,1910.74329,8.89254761,-531.668945
1954,0,-481,1954.74719,8.8979063,-481.66449
1920,164,-548,1920.32275,172.455551,-548.946472
1806,0,-568,1806.31348,12.098526,-568.949585
1910,0,-531,1910.32324,6.83934975,-531.946289
1920,164,-548,1920.41113,169.279343,-548.911438
1805,138,-596,1805.42395,142.973709,-596.90564
1806,0,-568,1806.41113,7.12769365,-568.91156
1805,138,-596,1804.51855,144.176971,-596.876465
1708,182,-552,1707.51892,185.923798,-552.876648
1719,0,-523,1718.53235,1.94367564,-523.883911
1805,138,-596,1804.53247,143.492096,-596.883972
1719,0,-523,1718.53772,1.80132282,-523.886719
1806,0,-568,1805.5332,8.89213467,-568.884338
1708,182,-552,1707.15479,189.454193,-552.534424
1652,174,-460,1651.14197,183.46817,-460.51358
1719,0,-523,1718.14722,5.59228563,-523.522217
1652,174,-460,1651.2356,191.947037,-460.644623
1665,0,-460,1664.23572,18.1664696,-460.644806
1719,0,-523,1718.2356,9.00293732,-523.644714
1974,0,-233,1974.85059,12.4090328,-232.474167
1911,0,-129,1911.84998,18.4762993,-128.473267
1952,192,-169,1952.84998,199.446457,-168.473267
2578,0,133,2578.96265,12.8397541,132.729248
2623,480,153,2623.95581,509.316711,152.706024
2551,0,41,2551.95776,12.8073788,40.7126083
2623,480,153,2623.93115,497.432526,152.635376
2578,480,35,2578.93433,489.755951,34.6436462
2551,0,41,2551,0,41
2523,0,251,2523.84473,9.07431602,251.535172
2570,480,273,2570.8501,489.171722,273.526489
2566,0,181,2566.8501,9.08574772,181.526489
2570,480,273,2570.93237,493.229187,273.361176
2593,480,207,2593,480,207
2566,0,181,2566.93433,13.0854092,181.356201
2593,480,207,2593.87842,492.8013,207.47789
2623,480,153,2623.88062,504.094543,153.473831
2566,0,181,2566.87646,30.1152515,181.481277
2623,480,153,2623.95972,489.385132,153.280792
2578,0,133,2578.95972,2.24739838,133.28093
2566,0,181,2566.96167,11.907527,181.273849
2446,0,300,2446.52759,10.8360815,300.849487
2570,480,273,2570.53271,490.87384,273.846222
2523,0,251,2523.52734,10.8495178,251.849564
2446,0,300,2446.33789,28.5072365,300.941071
2411,480,329,2411.33203,486.950867,329.943237
2570,480,273,2570.33789,508.73761,273.94104
2329,480,242,2328.5293,673.979431,242.882248
2446,0,300,2445.5293,191.718292,300.882263
2348,0,249,2347.52832,191.603348,249.881699
2329,480,242,2328.26709,490.701324,242.680298
2411,480,329,2410.2688,489.284332,329.682098
2446,0,300,2445.26685,10.5503092,300.680054
2276,0,138,2275.01733,1508.31763,138.185333
2280,480,153,2280,480,153
2296,0,234,2295.01929,1504.6814,234.195404
2280,480,153,2279.00098,503.753174,152.955826
2276,480,217,2275.00098,525.736938,216.955826
2296,0,234,2295.00098,45.5314255,233.955826
2308,0,75,2307.29297,6.4197216,75.7071304
2216,480,91,2215.29297,490.990692,91.7071609
2280,480,153,2279.2959,482.017029,153.710083
2293,480,26,2292.00293,524.737,26.0758076
2308,0,75,2307.00195,27.5986252,75.0601578
2303,0,7,2302.00293,27.6199856,7.07555437
2293,480,26,2292.34473,490.812866,25.2446098
2216,480,91,2215.34473,494.628906,90.2446136
2308,0,75,2307.34619,7.91162539,74.2433472
2265,7,-460,2264.00098,148.436142,-460.042267
2265,179,-490,2264.00098,348.294464,-490.04361
2260,2,-376,2259.00098,282.296478,-376.042267
2314,217,-120,2313.03589,228.150055,-119.734505
2301,-11,-240,2300.03784,6.14395666,-239.727524
2260,2,-376,2259.03784,19.1551437,-375.727539
2592,203,-32,2592.99902,211.806839,-32.0425262
2594,225,-183,2594.99902,227.751129,-183.042267
2568,-7,-262,2568,-7,-262
2594,225,-183,2594.99805,235.063644,-183.061401
2592,236,-267,2592.99805,252.806122,-267.061401
2568,-7,-262,2568.99805,-0.074332878,-262.061401
2592,236,-267,2592.99414,246.809952,-266.892212
2602,213,-389,2602.99414,223.66217,-388.892212
2568,-7,-262,2568,-7,-262
2591,187,-482,2591.98242,217.715073,-482.186249
2586,-11,-479,2586.9834,39.5343285,-479.180878
2603,0,-376,2603.98535,18.273716,-376.169952
2551,0,41,2551.88843,17.2987347,40.5409851
2578,480,35,2578.88647,513.996826,34.5372238
2535,330,-29,2535.88623,351.625854,-29.462925
2591,187,-482,2591.7688,192.735947,-482.639374
2528,155,-553,2528.76782,164.55777,-553.640564
2510,-11,-532,2510.76782,-1.46246719,-532.640564
2591,187,-482,2591.56226,218.75856,-482.826904
2510,-11,-532,2510.57251,44.6819534,-532.819885
2586,-11,-479,2586.57104,44.6739616,-479.820892
2528,155,-553,2528.30762,161.236847,-553.951416
2406,5,-568,2406.30884,9.21498013,-568.951111
2510,-11,-532,2510.30884,-4.78218365,-532.951111
2308,121,-553,2307.09497,126.601898,-553.425293
2265,179,-490,2264.1001,184.177765,-490.436035
2319,-2,-524,2318.09473,3.20030689,-524.424744
2265,179,-490,2264.21899,187.942581,-490.624481
2265,7,-460,2264.21924,17.2529087,-460.624786
2319,-2,-524,2318.22656,8.24603748,-524.63385
3082,192,344,3081.51172,203.172409,344.872559
2993,116,289,2992.5271,137.010559,289.881073
3003,161,299,3002.52637,182.014328,299.880646
2761,163,-353,2760.14209,239.418701,-353.513672
2753,80,-338,2752.14209,156.42572,-338.51358
2783,164,-390,2782.14233,302.753082,-390.514069
3500,234,-402,3499.78687,284.766083,-402.97702
3448,174,-390,3447.78638,234.848694,-390.976898
3566,190,-415,3565.78516,240.750916,-415.976624
2916,295,-49,2915.07495,301.456665,-48.6201553
2878,206,-180,2877.06909,217.387146,-179.63475
2884,297,-125,2883.06812,306.883057,-124.637253
2865,225,-435,2865.27734,260.907867,-435.960724
2813,11,-445,2813.2832,60.0161247,-445.958954
2902,7,-418,2902.29004,56.0027771,-418.95694
2801,7,-316,2800.5791,36.2746353,-315.092896
2747,9,-340,2746.58105,50.0962067,-339.09201
2827,246,-295,2826.59082,275.324951,-294.087555
3077,-9,356,3077.04126,23.7938805,356.999146
3078,217,362,3078.04102,228.071884,362.999146
3153,-9,354,3153,-9,354
3078,217,362,3078.08789,586.709351,362.996124
3144,192,356,3144.08789,642.253113,356.996063
3153,-9,354,3153.08789,211.69809,354.996124
3000,-9,356,3000.09863,5.72995234,356.995117
3012,201,368,3012.09863,217.990402,368.995087
3078,217,362,3078.09863,236.853409,362.995117
3732,-8,-255,3732.88623,560.41925,-255.463089
3730,163,-261,3730.88647,1126.65649,-261.462769
3642,-8,-433,3642.88623,1089.85767,-433.463165
3730,163,-261,3730.89722,213.594711,-261.441589
3660,185,-405,3660.89697,246.731247,-405.44162
3642,-8,-433,3642.89746,53.7108765,-433.441071
3292,428,-182,3292.94702,442.021759,-182.320953
3254,350,-285,3254.948,373.928589,-285.317841
3281,350,-200,3281.948,370.299072,-200.318008
3281,350,-200,3281.94604,370.690338,-200.32399
3254,350,-285,3254.95288,376.093445,-285.302887
3250,226,-279,3250.95288,255.011246,-279.302887
3341,347,-128,3341.92651,354.39212,-128.375992
3290,244,-222,3290.92358,255.221268,-222.38327
3317,217,-143,3317.92554,228.221176,-143.378235
3216,480,102,3216.42969,548.4198,102.902977
3226,0,90,3226.41821,67.7574005,90.9083328
3173,0,114,3173.41919,1.80840802,114.907883
3254,350,-285,3253.78564,375.414642,-285.976746
3165,428,-270,3164.78687,462.147491,-270.97702
3250,226,-279,3249.78638,255.679886,-279.976898
3312,0,-25,3312.96655,6.17398596,-25.2563572
3341,347,-128,3341.9646,350.563873,-128.263412
3317,217,-143,3317.96851,223.208405,-143.248703
3158,281,-253,3157.00073,346.744476,-252.964722
3157,360,-215,3156.00049,436.406555,-214.970764
3158,326,-181,3157.00073,402.300781,-180.966736
3112,359,-221,3111.86523,376.05899,-220.009125
3110,480,-214,3109.86523,493.076752,-213.009125
3160,480,-207,3159.85962,493.088654,-206.009903
3112,359,-221,3111.86523,374.930054,-220.009125
3160,480,-207,3159.86523,492.212341,-206.009125
3157,360,-215,3156.86523,375.933807,-214.009125
179,0,1333,179.994919,12.5796623,1333.10059
217,480,1334,217.994949,491.0755,1334.10034
189,0,1241,189.994919,11.2003546,1241.10059
123,0,1451,123.845749,8.99715328,1451.53357
170,480,1473,170.845749,489.095703,1473.53357
166,0,1381,166.852356,9.00972843,1381.52295
170,480,1473,170.867218,489.678986,1473.49792
207,480,1408,207.866501,487.975525,1408.49902
166,0,1381,166.866577,9.67505646,1381.49902
207,480,1408,207.990845,490.462372,1408.13477
217,480,1334,217.991058,491.093353,1334.13342
166,0,1381,166.990845,12.468318,1381.13477
217,480,1334,217.963531,492.949799,1334.26758
179,0,1333,179.963486,16.1441154,1333.26758
166,0,1381,166.963531,16.140955,1381.26758
46,0,1500,46.5342293,10.4948092,1500.84534
170,480,1473,170.52475,490.531219,1473.8512
123,0,1451,123.534225,10.5082455,1451.84521
-71,480,1441,-71.472496,669.335876,1441.88123
46,0,1500,45.536705,354.127136,1500.88611
-52,0,1448,-52.4613152,186.982803,1448.88721
-71,480,1441,-71.461792,911.04071,1441.88696
39,480,1498,38.5388641,1446.80518,1498.88733
46,0,1500,45.5374603,829.180176,1500.8866
-123,0,1338,-123.976906,1428.68372,1338.21362
-120,480,1353,-120.976906,1610.31445,1353.21362
-103,0,1433,-103.97686,1120.96582,1433.21387
-120,480,1353,-120.998985,503.390686,1352.95508
-123,480,1416,-123.998985,503.394928,1415.95508
-103,0,1433,-103.998985,23.1909828,1432.95508
-92,0,1275,-92.7061844,6.28916311,1275.70801
-183,480,1291,-183.711975,486.372925,1291.70215
-120,480,1353,-120.708153,481.886871,1353.70605
-94,480,1221,-94.6234436,491.171265,1220.21814
-183,480,1291,-183.613358,491.159821,1290.21021
-92,0,1275,-92.6236038,11.0794868,1274.21826
-135,-20,730,-135.986771,-1.27371538,729.837891
-139,108,716,-139.986771,115.729134,715.837891
-142,-20,776,-142.986771,-14.5010386,775.837891
191,166,900,191.967712,173.407074,900.251953
230,122,723,230.970703,129.405212,723.240234
202,40,788,202.970673,47.0699615,788.240234
189,0,1241,189.991058,32.4611015,1240.86658
177,199,1103,177.991058,219.342163,1102.86658
183,0,1196,183.991058,28.3585415,1195.86658
193,-20,733,193.710083,-12.2197361,732.295898
128,80,647,128.720551,92.9574661,646.306641
119,-20,656,119.711967,-5.34687757,655.297791
6,-20,615,6.37737942,-14.3278112,614.073975
128,80,647,128.379959,83.4815903,646.075012
6,95,593,6.37737942,100.606087,592.073975
6,95,593,5.5556922,100.765022,592.104126
-92,66,646,-92.4593964,74.5768661,645.111816
6,-20,615,5.55470896,-11.0436592,614.104614
-87,-20,659,-87.8297272,-8.91909409,658.441833
-139,108,716,-139.826172,114.883812,715.436584
-135,-20,730,-135.82663,-7.80036974,729.437256
779,0,1333,779.955933,12.839407,1332.70642
823,460,1354,823.958984,472.86145,1353.71655
752,0,1241,752.959167,12.8227282,1240.71716
823,460,1354,823.993103,468.03418,1353.88281
806,460,1204,806.993103,468.029755,1203.88281
752,0,1241,752.993103,7.95325708,1240.88281
723,0,1451,723.842224,8.85233307,1451.53906
770,460,1472,770.84436,464.191864,1472.53577
766,0,1381,766.844055,8.85233307,1381.53613
770,460,1472,770.936523,472.338287,1472.35059
794,460,1407,794.935059,472.349365,1407.35449
766,0,1381,766.936035,16.7223053,1381.35156
794,460,1407,794.876404,471.726776,1407.48145
823,460,1354,823.876465,477.553528,1354.48145
766,0,1381,766.876465,17.4983368,1381.48145
823,460,1354,823.962646,469.47049,1354.27051
779,0,1333,779.9646,9.35738277,1333.26355
766,0,1381,766.9646,9.34914017,1381.26367
646,0,1500,646.535156,9.97586346,1500.84473
770,460,1472,770.53418,461.168549,1472.84534
723,0,1451,723.53418,9.97328663,1451.84534
646,0,1500,646.362976,20.7583008,1500.93176
657,460,1518,657.362427,463.455627,1518.93201
770,460,1472,770.37323,461.100922,1472.92773
539,448,1462,538.574402,486.17041,1462.90491
657,460,1518,656.568481,502.357483,1518.9021
646,0,1500,645.572876,56.8282776,1500.90417
477,0,1338,476.020874,1373.5885,1338.20325
480,452,1354,479.022095,1837.83521,1354.20898
497,0,1434,496.02301,1369.71912,1434.21326
508,0,1275,507.286072,5.92571735,1275.7002
417,460,1291,416.271973,465.960083,1291.68555
480,452,1354,479.28653,457.96106,1354.70068
530,290,1042,529.000977,362.69986,1041.95593
531,0,1210,530.000977,14.4792156,1209.95593
534,0,1083,533.000977,14.2865019,1082.95593
574,316,1140,573.210144,352.925781,1139.38672
506,460,1221,505.214722,471.845551,1220.38086
531,0,1210,530.210144,11.8158321,1209.38672
506,460,1221,505.055054,483.406158,1220.67285
508,0,1275,507.056061,23.3764057,1274.66992
531,0,1210,530.052368,23.3721676,1209.68066
506,460,1221,505.373657,471.009216,1220.22046
417,460,1291,416.384918,471.024689,1290.21155
508,0,1275,507.384705,10.9392853,1274.21179
465,0,740,464.000946,15.3407354,739.956543
445,303,739,444.001007,318.449554,738.955139
461,0,823,460.001007,16.0661755,822.955139
475,342,931,474.095337,352.715637,931.426086
530,290,1042,529.088867,313.502594,1042.41211
461,0,823,460.087738,10.6114902,823.409607
711,0,1193,711.999023,9.95569229,1192.95593
737,272,1131,737.999023,272.670959,1130.95593
711,0,1070,711.999023,9.95569229,1069.95593
737,272,1131,737.984253,279.189026,1131.17676
731,0,953,731.984192,13.256958,953.176758
711,0,1070,711.984253,14.4925346,1070.17676
737,272,1131,737.99115,280.924805,1131.13257
753,258,998,753.99115,267.868622,998.13269
731,0,953,731.99115,16.6524048,953.132385
753,258,998,753.998047,267.858154,998.062317
763,307,923,763.997009,318.999817,923.076782
731,0,953,731.997009,17.9735813,953.076843
763,307,923,763.997986,316.764954,923.0625
776,290,707,776.997986,306.203705,707.0625
731,0,953,731.997009,15.7661448,953.076721
776,290,707,776.984558,302.123566,706.824951
754,0,717,754.984558,13.9369574,716.824951
772,0,821,772.984253,11.8208389,820.823242
752,0,1241,752.632812,7.47233915,1240.22571
806,460,1204,806.633118,467.539581,1203.22595
724,293,1166,724.632812,304.853638,1165.22571
776,290,707,776.75116,302.602875,706.339905
710,254,638,710.743469,259.999512,637.331238
710,0,668,710.743469,10.6309423,667.331238
776,290,707,776.743408,302.356293,706.331177
710,0,668,710.751221,10.3655672,667.339966
754,0,717,754.751343,18.4758472,716.340088
710,254,638,710.322388,263.041443,637.053406
607,0,632,607.322937,9.62240505,631.053589
710,0,668,710.322571,9.62020683,667.053467
710,254,638,710.423889,260.630737,637.094299
631,274,597,631.424683,283.746948,596.094666
607,0,632,607.424072,7.38836908,631.094421
631,274,597,630.621094,283.245941,596.074585
508,280,647,507.623901,285.747803,646.073425
519,0,676,518.621216,5.7219553,675.074524
631,274,597,630.532166,287.680023,596.116211
519,0,676,518.533997,8.741642,675.115234
607,0,632,606.532349,8.7408123,631.116089
508,280,647,507.163452,291.434418,646.452148
445,303,739,444.163666,314.463776,738.451782
519,0,676,518.165649,11.3541613,675.448792
445,303,739,444.233887,322.50296,738.3573
465,0,740,464.233795,19.4435921,739.357422
519,0,676,518.235474,19.4621964,675.355408
1346,284,564,1346.31458,317.507507,563.050781
1399,156,586,1399.31934,187.581284,585.052368
1402,277,583,1402.31458,315.456238,582.050781
1399,156,586,1399.95093,211.142349,586.309265
1393,265,610,1393.95093,291.714294,610.309265
1402,277,583,1402.95093,322.81369,583.309387
891,317,788,890.49707,333.406616,788.864319
958,293,825,957.496643,301.220856,825.864075
974,156,824,973.496643,156.110886,824.864075
938,309,886,937.04071,318.051147,885.71759
974,156,824,973.04071,170.109482,823.71759
958,293,825,957.04071,302.039795,824.71759
1292,298,532,1291.86731,303.55896,531.00885
1278,156,561,1277.86731,160.779037,560.00885
1314,156,556,1313.86719,161.257721,555.008911
1459,156,754,1459.8302,165.931793,754.557434
1466,281,766,1466.83142,296.65976,766.555542
1481,283,743,1481.8302,295.649475,743.557434
1466,281,766,1466.95093,286.336639,765.690613
1457,156,819,1457.95081,156.659042,818.69043
1481,285,811,1481.95093,290.340454,810.690613
1450,277,693,1450.84485,281.943665,692.465027
1459,156,754,1459.84949,159.949265,753.472412
1481,283,743,1481.84961,283.640533,742.472595
1429,156,663,1429.99707,161.235489,663.075989
1450,277,693,1450.99707,286.810791,693.07605
1450,261,643,1450.99805,269.371918,643.060974
1459,156,896,1459.35059,173.038757,896.936523
1448,156,900,1448.36255,169.014954,900.931946
1481,307,896,1481.35059,313.867523,896.936523
1481,307,896,1481.57227,316.221619,896.819946
1448,156,900,1448.57227,169.637665,900.819885
1411,290,945,1411.57227,312.156799,945.820007
1461,296,861,1461.88342,303.367004,860.531433
1459,156,896,1459.87183,165.999542,895.510193
1481,307,896,1481.87708,311.311371,895.519653
1377,290,1192,1377.94604,297.326385,1191.67603
1405,456,1204,1405.94153,463.367401,1203.66309
1374,456,1116,1374.94019,463.36557,1115.65942
1349,240,1087,1349.99609,247.781097,1087.08752
1347,251,1133,1347.99609,260.905273,1133.08765
1374,456,1116,1374.99609,462.29126,1116.0874
1461,296,861,1461.91492,302.71698,861.403625
1481,285,811,1481.91077,288.871307,811.412903
1457,156,819,1457.91064,157.353973,819.412903
1398,272,1008,1398.98816,278.823425,1008.15289
1411,290,945,1411.9873,303.740265,945.158569
1383,156,1001,1383.98828,168.067184,1001.15259
1383,156,1001,1383.87708,162.453049,1001.48035
1349,240,1087,1349.87146,244.157196,1087.49023
1398,272,1008,1398.87646,274.282471,1008.48145
1349,240,1087,1349.91077,245.439529,1087.41284
1341,156,1067,1341.91467,159.834961,1067.40417
1330,165,1097,1330.91101,171.07106,1097.41235
1094,156,1092,1093.31995,164.210068,1092.73315
996,314,1028,995.320374,319.965515,1028.73352
1088,289,1108,1087.32141,294.957916,1108.7345
1121,177,1201,1120.16797,191.471893,1200.44531
1062,186,1286,1061.18005,196.711685,1285.42761
1119,90,1215,1118.18005,102.52346,1214.42761
1145,165,1146,1144.06812,172.681763,1145.63733
1121,177,1201,1120.06995,186.360733,1200.63269
1146,90,1171,1145.06799,98.3005524,1170.63757
1062,186,1286,1061.2843,193.446884,1286.69836
1016,456,1291,1015.29004,462.556763,1291.70422
1079,456,1354,1078.28552,462.556305,1354.69958
1079,456,1354,1078.00098,466.684998,1353.95593
1076,456,1417,1075.00098,466.686249,1416.95593
1103,186,1411,1102.00098,194.333984,1410.95593
1140,456,1457,1139.22217,462.309723,1457.62842
1201,456,1533,1200.22571,462.146881,1533.63281
1226,186,1497,1225.21899,197.861542,1497.62451
1103,186,1411,1102.46423,199.808548,1411.84436
1076,456,1417,1075.47302,467.913788,1417.84985
1140,456,1457,1139.47339,468.594269,1457.8501
1226,186,1497,1226.32239,195.669098,1497.94653
1201,456,1533,1201.31982,457.454559,1533.94739
1321,456,1491,1321.31934,465.721313,1491.94763
1422,456,1354,1422.84082,464.7323,1354.54126
1366,186,1389,1366.84399,201.574142,1389.53613
1376,456,1428,1376.84412,467.486572,1428.53601
1321,456,1491,1321.74329,463.718353,1491.66882
1376,456,1428,1376.75122,463.378754,1428.66003
1366,186,1389,1366.74329,197.021637,1389.66895
1422,456,1354,1422.99304,462.18042,1353.88281
1405,456,1204,1405.99316,462.16806,1203.8833
1377,290,1192,1377.99304,296.897919,1191.88281
1123,240,1083,1123.48828,901.164001,1083.87256
1459,279,890,1459.48828,938.09906,890.87262
1476,240,880,1476.48828,797.848022,880.87262
1358,280,1081,1357.49121,347.908752,1080.13916
1103,240,1229,1102.49121,250.44397,1228.13916
1349,240,1087,1348.49634,299.990845,1086.13611
1718,-43,638,1717.06799,-31.6845875,637.637573
1706,179,609,1705.06799,200.307022,608.637573
1660,-32,784,1659.06799,-20.6597023,783.637573
1682,193,926,1681.04077,204.39418,926.282227
1755,157,1150,1754.0437,160.97403,1150.29211
1660,-32,784,1659.0437,-29.475111,784.292053
1755,157,1150,1754.04089,170.897049,1150.28296
1709,-19,951,1708.04077,-8.39069557,951.282532
1660,-32,784,1659.04077,-19.8781815,784.282593
1892,157,1150,1892.9646,165.071152,1150.26367
1955,204,929,1955.96936,213.302994,929.245117
1925,-18,942,1925.96948,-7.20314312,942.244934
1955,204,929,1955.99902,211.140686,929.041687
1962,195,762,1962.99902,206.279678,762.042664
1925,-18,942,1925.99902,-9.24065113,942.042542
1952,180,691,1952.96277,188.628815,690.729675
1926,156,610,1926.96082,161.293274,609.722839
1909,-43,630,1909.96265,-29.3220406,629.729492
1926,156,610,1926.33972,163.81752,609.059509
1806,-46,594,1806.32251,-38.1723785,593.053467
1909,-43,630,1909.33887,-32.4932594,629.059204
1926,156,610,1926.42419,161.174469,609.094482
1805,66,570,1805.42444,72.3376541,569.094543
1806,-46,594,1806.42444,-40.8366203,593.094543
1805,66,570,1804.44446,71.6581116,569.168518
1706,179,609,1705.44141,186.129608,608.170593
1806,-46,594,1805.44202,-38.8919487,593.170166
1706,179,609,1705.53357,186.538315,608.115479
1718,-43,638,1717.5332,-38.68647,637.115662
1806,-46,594,1805.53259,-38.4718933,593.115967
1764,440,1537,1764.04211,459.034698,1537.99902
1962,440,1530,1962.04346,447.861511,1530.99902
1958,160,1516,1958,160,1516
1958,160,1516,1958.92932,190.722656,1516.36914
1962,440,1530,1962.93127,463.448486,1530.36426
1993,160,1426,1993.92542,190.722656,1426.37866
1962,440,1530,1962.73352,445.822937,1530.67957
2051,440,1433,2051.73389,449.969666,1433.6792
1993,160,1426,1993.73059,165.933319,1426.6825
2051,440,1433,2051.72974,445.424469,1433.68359
2038,160,1378,2038.73254,165.421143,1378.68054
1993,160,1426,1993.73071,161.373108,1426.68262
2038,160,1378,2038.99902,169.035995,1378.04065
2066,440,1360,2066,440,1360
2026,0,1283,2026.99805,8.59467793,1283.06116
2038,160,1378,2038.97437,170.695099,1378.22424
2051,440,1433,2051.97363,450.697754,1433.22754
2066,440,1360,2066,440,1360
2026,0,1283,2026.91101,13.5924759,1282.58765
2006,437,1166,2006.90442,444.756653,1165.57336
1993,0,1213,1993.90393,7.74923468,1212.57239
2026,0,1283,2026.94995,25.9679832,1282.68762
2066,440,1360,2066,440,1360
2006,437,1166,2006.94995,455.095398,1165.68762
1993,0,1213,1993.57239,9.6270113,1212.18005
2006,437,1166,2006.57275,446.657867,1165.1803
1904,-3,1150,1904.57239,6.6209569,1149.18005
2006,437,1166,2006.37744,447.016449,1165.07397
1886,437,1117,1886.37708,446.895447,1116.07385
1892,157,1150,1892.38965,163.703232,1149.0791
1892,157,1150,1891.7843,166.004669,1149.02356
1886,437,1117,1885.78479,445.497803,1116.02344
1836,187,1159,1835.7843,194.72464,1158.02356
1886,437,1117,1885.82324,445.273499,1116.01575
1712,437,1147,1711.82324,445.322266,1146.01575
1836,187,1159,1835.82324,194.669495,1158.01575
1651,317,1294,1650.04858,322.331451,1293.69214
1652,438,1216,1651.04858,443.3573,1215.69214
1600,440,1373,1599.04871,442.065948,1372.69177
1651,317,1294,1650.12634,339.997589,1293.51355
1600,440,1373,1599.12305,447.460785,1372.51953
1611,160,1378,1610.13123,186.181442,1377.50488
1611,160,1378,1610.05359,188.607193,1378.32288
1600,440,1373,1599.04956,441.618713,1373.31067
1626,440,1453,1625.05078,468.745728,1453.31445
1611,160,1378,1610.13184,171.999664,1378.49622
1626,440,1453,1625.12781,452.09024,1453.48914
1691,160,1516,1690.13562,166.296509,1516.50281
1691,160,1516,1690.35938,269.578186,1516.76782
1681,440,1512,1680.35413,634.546936,1512.76343
1758,0,1570,1757.35486,123.528946,1570.76404
1691,160,1516,1690.26575,231.58374,1516.67883
1626,440,1453,1625.26526,560.479614,1453.67834
1681,440,1512,1680.26477,560.440247,1512.67773
1755,157,1150,1754.23547,165.677246,1149.35547
1712,437,1147,1711.24719,448.768951,1146.3418
1652,438,1216,1651.23584,451.738098,1215.35498
2245,303,739,2244.2356,322.250641,738.355286
2265,0,740,2264.23096,19.1808109,739.36084
2318,0,676,2317.22583,33.7059479,675.367065
2308,280,646,2307.16553,291.521149,645.448975
2245,303,739,2244.15649,308.422272,738.462891
2318,0,676,2317.16772,14.6252365,675.445679
2431,274,597,2430.62109,283.39566,596.074585
2308,280,646,2307.62109,294.257233,645.074585
2318,0,676,2317.62109,9.28978825,675.074585
2431,274,597,2430.53955,287.792053,596.112366
2318,0,676,2317.5415,14.917387,675.111328
2406,0,632,2405.53247,14.9157276,631.116028
2510,254,638,2510.42456,260.609955,637.094604
2431,274,597,2431.4248,283.726166,596.094727
2406,0,632,2406.42456,4.56116438,631.094604
2510,254,638,2510.31958,262.881927,637.05249
2406,0,632,2406.32007,6.51051855,631.052612
2510,0,668,2510.31958,9.46068954,667.05249
2576,290,707,2576.74243,302.516602,706.330139
2510,254,638,2510.74341,259.912445,637.331177
2510,0,668,2510.75146,10.5438795,667.340271
2576,290,707,2576.75146,302.061462,706.340271
2510,0,668,2510.75195,10.0703697,667.34082
2553,0,718,2553.75146,0.852605581,717.340271
2551,0,1241,2551.69727,7.63561201,1240.2832
2599,440,1208,2599.69751,449.962494,1207.28345
2534,309,1166,2534.69678,324.864349,1165.28271
2576,290,707,2576.98242,301.471008,706.813354
2553,0,718,2553,0,718
2572,0,821,2572.98242,11.1682749,820.813354
2563,307,923,2563.99805,316.364716,923.061157
2576,290,707,2576.99707,305.803467,707.075256
2531,0,954,2531.99707,16.0167522,954.073792
2553,258,998,2553.99731,267.692474,998.073181
2563,307,923,2563.99707,318.832275,923.073486
2531,0,954,2531.99707,18.4607849,954.074463
2558,288,1131,2558.99902,299.576263,1130.95593
2553,258,998,2553.99902,267.723053,997.955872
2531,0,954,2531.99902,19.8249836,953.955872
2558,288,1131,2558.98438,292.793304,1131.17566
2531,0,954,2531.98438,8.75955772,954.175781
2511,0,1070,2511.98438,8.74832916,1070.17578
2511,0,1193,2511.99902,5.88590813,1192.95593
2558,288,1131,2558.99902,289.606079,1130.95593
2511,0,1070,2511.99902,5.88590813,1069.95593
2320,290,1042,2319.04175,339.145081,1042.28552
2301,0,960,2300.04102,76.132576,960.283264
2261,0,824,2260.0437,30.2630062,824.291992
2275,342,931,2274.06323,355.943817,931.349731
2320,290,1042,2319.0625,314.565308,1042.34766
2261,0,824,2260.06519,18.7690449,824.354797
2265,0,740,2264.00098,15.8884039,739.955872
2245,303,739,2244.00098,318.997681,738.955872
2261,0,824,2260.00098,15.8958111,823.955872
2309,440,1224,2308.37988,452.437469,1223.21558
2223,440,1292,2222.38477,449.186005,1291.21167
2308,0,1275,2307.37012,1.02589715,1274.22339
2309,440,1224,2308.05957,470.382782,1223.66003
2308,0,1275,2307.05933,1.81650734,1274.66077
2331,0,1210,2330.05371,1.75951886,1209.67676
2364,316,1140,2363.1438,362.09964,1139.4834
2309,440,1224,2308.13525,493.081482,1223.4978
2331,0,1210,2330.14795,9.67795467,1209.47656
2320,290,1042,2319.00098,311.980713,1041.95593
2331,0,1210,2330.00098,12.7331076,1209.95593
2333,0,1083,2332.00098,32.6689301,1082.95593
2301,0,960,2300.03003,106.509247,960.243164
2320,290,1042,2319.02905,337.577209,1042.23926
2333,0,1083,2332.02905,106.309258,1083.23926
2308,0,1275,2307.28296,6.27744913,1275.69702
2223,440,1292,2222.28345,448.612885,1292.69751
2284,440,1353,2283.28271,448.612885,1353.69678
2284,440,1353,2283.00098,469.654297,1352.95593
2281,440,1414,2280.00098,472.272034,1413.95593
2296,0,1433,2295.00098,39.1395226,1432.95593
2330,440,1451,2329.59644,655.416687,1451.91492
2452,440,1505,2451.58789,634.138855,1505.91113
2446,0,1500,2445.58789,190.785324,1500.91113
2446,0,1500,2446.36768,54.6530685,1500.92993
2452,440,1505,2452.3728,458.461823,1505.92786
2561,440,1461,2561.3623,472.414886,1461.93201
2446,0,1500,2446.53491,13.7559023,1500.84485
2561,440,1461,2561.52686,447.199219,1461.84985
2523,0,1451,2523.53418,13.7264776,1451.84534
2616,440,1353,2616.96069,450.581238,1353.27722
2578,0,1333,2578.96069,2.61853075,1333.2771
2566,0,1381,2566.9646,12.9301424,1381.26343
2570,440,1392,2570.63281,475.311035,1392.77417
2616,440,1353,2616.64502,485.989838,1353.76416
2566,0,1381,2566.63281,55.0147133,1381.77429
2561,440,1461,2561.99121,510.596466,1461.13135
2570,440,1392,2570.99121,532.86084,1392.13184
2566,0,1381,2566.99121,110.724335,1381.13184
2523,0,1451,2523.84424,10.5645409,1451.53589
2561,440,1461,2561.84521,444.581696,1461.53442
2566,0,1381,2566.84473,10.5730247,1381.53516
2616,440,1353,2616.99219,448.265381,1352.87537
2599,440,1208,2599.99121,443.413544,1207.8678
2551,0,1241,2551.99316,1.21983588,1240.8833
2578,0,1333,2578.95874,15.0847406,1332.71582
2616,440,1353,2616.95581,467.049408,1352.70605
2551,0,1241,2551.95581,15.0488672,1240.70605
3111,-46,1070,3111.96069,-24.0223885,1070.27722
3135,-20,988,3135.95581,-7.52578211,988.293823
3115,-119,1041,3115,-119,1041
2851,-20,739,2850.16553,-2.97991896,738.448975
2918,-340,676,2917.16797,-314.607666,675.445312
2910,-20,653,2909.18042,-1.80199289,652.427063
3005,-20,597,3004.49121,-8.61070633,596.13916
2910,-20,653,2909.49121,-9.69740772,652.13916
3007,-340,632,3006.48633,-332.917145,631.142029
3123,-20,652,3123.42456,-9.96549702,651.094604
3005,-20,597,3005.42456,-7.82749987,596.094604
3007,-340,632,3007.41113,-326.988129,631.08844
3179,-20,729,3179.80322,2.93605089,728.404358
3123,-20,652,3123.80615,-8.95972633,651.408325
3153,-340,718,3153.80908,-334.49646,717.412354
3179,-20,729,3179.98438,-6.09007168,728.823975
3153,-340,718,3153.98438,-333.010529,717.823975
3185,-20,761,3185.98242,-0.553336143,760.813354
3176,-20,818,3176.9873,55.2985497,818.157715
3185,-20,761,3185.98828,86.503273,761.152039
3172,-340,821,3172.98828,-216.428391,821.151855
2885,-20,942,2884.0498,15.8723974,942.311157
2933,-20,1083,2932.04858,41.7360153,1083.30786
2913,-106,1017,2912.05151,-51.2950439,1017.31641
2851,-20,739,2850.01465,5.12493372,739.170532
2864,-20,814,2863.0144,7.9187746,814.169067
2865,-340,740,2864.0144,-317.231079,740.168823
3178,0,1333,3178.95581,12.8290453,1332.70605
3223,454,1354,3223.95483,479.372101,1353.70312
3152,0,1241,3152.95581,24.8118153,1240.70605
3223,454,1354,3223.99219,461.941437,1353.87537
3209,454,1233,3209.99121,459.690063,1232.8678
3152,0,1241,3152.99023,7.49687052,1240.8606
3188,203,1400,3188.77686,212.927216,1400.62964
3122,0,1451,3122.77197,11.5334215,1451.6355
3158,341,1460,3158.77686,357.111298,1460.62964
3193,431,1408,3193.88354,458.303253,1408.46826
3223,454,1354,3223.88452,506.177643,1354.46643
3188,203,1400,3188.88428,228.868881,1400.4668
3223,454,1354,3223.99438,461.397919,1354.10571
3166,0,1381,3166.99609,6.98182917,1381.0874
3188,203,1400,3188.99512,203.646942,1400.09778
3223,454,1354,3223.96265,462.527313,1354.27051
3178,0,1333,3178,0,1333
3166,0,1381,3166.96069,8.09745598,1381.27698
3122,0,1451,3122.45703,12.9615011,1451.88928
3113,454,1493,3113.45898,468.585205,1493.88843
3158,341,1460,3158.46094,355.765625,1460.88721
3046,0,1500,3046.31641,25.8679237,1500.94861
3002,454,1533,3002.33887,480.333191,1533.9408
3113,454,1493,3113.32324,470.887604,1493.94629
2897,0,1433,2897.07422,38.7088318,1433.99719
2928,454,1441,2928.07422,489.659973,1441.99719
2945,203,1434,2945.08789,253.620361,1434.99609
2983,341,1461,2982.44824,439.823853,1461.83398
3046,0,1500,3045.44531,160.731781,1500.83203
2945,203,1434,2944.44531,328.762146,1434.83203
2983,341,1461,2982.09448,349.416656,1461.42419
3002,454,1533,3001.0957,464.682373,1533.42676
3046,0,1500,3045.09473,10.2510481,1500.4248
2883,341,1360,2882.00684,346.868378,1359.8833
2886,341,1334,2885.00781,347.415405,1333.87537
2865,454,1339,2864.00684,460.249115,1338.8833
2877,454,1416,2876.00879,461.647217,1416.13171
2883,341,1360,2882.00879,354.500061,1360.13171
2865,454,1339,2864.00879,468.345215,1339.13147
2962,350,1131,2961.1499,492.002014,1130.47339
2906,454,1221,2906,454,1221
2931,-9,1186,2930.14697,58.3811989,1185.47815
2906,454,1221,2905.03296,485.112488,1220.74548
2907,0,1275,2906.03296,58.2317581,1274.74548
2931,-9,1186,2930.03198,49.1855049,1185.74915
2906,454,1221,2905.38086,465.361237,1220.21472
2817,454,1291,2816.36523,465.330597,1290.22742
2907,0,1275,2906.37988,17.3340797,1274.21558
3152,0,1241,3152.76343,9.49042225,1240.35413
3209,454,1233,3209.76855,465.974945,1232.36023
3135,314,1167,3135.76855,326.554199,1166.36023
3942,480,1320,3942.96948,501.136536,1319.75488
3921,480,1235,3921.96948,521.85321,1234.75488
3898,206,1200,3898.9646,232.741592,1199.73633
3681,1,399,3680.54858,1164.89783,398.107697
3680,238,400,3679.54834,676.112671,399.107819
3520,203,480,3519.55786,638.780518,479.103058
523,234,-368,522.138977,246.467499,-368.508545
563,212,-433,562.141968,224.442825,-433.51358
557,258,-430,556.141968,270.44989,-430.51358
676,260,-553,675.955872,287.917145,-553.999023
633,159,-549,632.955872,186.644135,-549.999023
729,194,-551,728.955872,221.728928,-551.999023
779,0,133,779.959717,13.1456938,132.719055
823,480,154,823.959717,493.211975,153.719055
751,0,41,751.95874,0.426534921,40.7157173
823,480,154,823.994019,488.256134,153.891266
806,480,4,806.994019,488.241333,3.89093542
751,0,41,751,0,41
723,0,251,723.850159,9.20349216,251.52652
770,480,273,770.850647,489.302032,273.525726
766,0,181,766.850037,9.2149229,181.526672
770,480,273,770.936707,493.484955,273.350098
794,480,208,794.936218,493.494843,208.351379
766,0,181,766.936646,13.3395271,181.350266
794,480,208,794.880493,492.832703,208.474045
823,480,154,823.880371,492.831146,154.474274
766,0,181,766.88031,12.7884645,181.474335
823,480,154,823.967529,489.880035,154.252625
779,0,133,779.967529,9.78723621,133.252655
766,0,181,766.965698,9.78600788,181.259644
646,0,300,646.532654,10.8629541,300.846313
770,480,273,770.532288,490.900696,273.846527
723,0,251,723.533325,10.8770618,251.845901
646,0,300,646.34375,29.1792889,300.939056
602,480,333,602.34082,509.453796,333.940094
770,480,273,770.34082,509.410553,273.940094
529,480,242,528.528137,671.279053,242.881668
646,0,300,645.528503,189.01506,300.881866
548,0,249,547.528076,188.911621,249.881638
529,480,242,528.218933,488.772369,242.624435
602,480,333,601.21936,488.767273,333.624969
646,0,300,645.218994,8.75053787,300.624481
477,0,138,476.020935,1488.63635,138.203461
480,480,154,479.020935,1974.03064,154.203537
497,0,234,496.020935,1484.63647,234.203506
480,480,154,479.001007,503.413727,153.955139
477,480,217,476.001007,503.417969,216.955139
497,0,234,496.000946,23.213829,233.956528
508,0,75,507.284912,6.36071539,75.699028
417,480,91,416.283539,486.444672,91.6976242
480,480,154,479.280914,486.444275,154.694916
563,350,-68,562.131287,380.292755,-68.4953079
506,480,21,505.135406,510.370148,20.49753
531,0,10,530.129333,30.1508141,9.50812626
506,480,21,505.05899,504.465088,20.6616211
508,0,75,507.059265,24.4318275,74.6608582
531,0,10,530.056458,24.3957195,9.66874886
506,480,21,505.379669,491.187775,20.2156601
417,480,91,416.379669,491.176666,90.2156601
508,0,75,507.375122,11.0959902,74.2192841
465,-52,-460,464.000946,-41.5289726,-460.043274
445,157,-461,444.000946,167.47937,-461.043274
461,-52,-376,460.000946,-41.5174522,-376.043274
475,202,-268,474.068268,211.408905,-267.636871
534,217,-117,533.070007,226.420151,-116.632423
461,-52,-376,460.068054,-42.6347237,-375.637421
534,217,-117,533.041199,272.785583,-116.715927
502,-52,-240,501.042999,3.62151122,-239.709915
461,-52,-376,460.042999,3.67556357,-375.70993
755,203,-64,755.999023,214.906891,-64.0439606
751,190,-189,751,190,-189
731,-52,-246,731.999084,-40.1269531,-246.042389
751,190,-189,751.990234,198.430069,-188.860596
766,184,-302,766.989136,192.4505,-301.852997
731,-52,-246,731.989136,-35.229454,-245.852997
766,184,-302,766.983276,193.141861,-301.817902
791,143,-465,791.983398,161.176544,-464.818542
731,-52,-246,731.983276,-33.9017754,-245.817886
791,143,-465,791.985229,162.662521,-465.171173
780,-52,-471,780.983276,-32.3601074,-471.181946
798,-52,-368,798.985229,-32.3175545,-368.171112
751,0,41,751.68689,7.34986782,40.2732391
806,480,4,806.68512,492.59082,3.27156949
731,350,-43,731.686523,357.391083,-43.7270775
791,143,-465,791.799927,178.969818,-465.600067
728,195,-553,728.808899,231.037888,-553.587891
780,-52,-471,780.799255,-16.2129879,-471.600983
728,195,-553,728.810303,243.817337,-553.585999
724,-52,-550,724.818665,-3.52255106,-550.574219
780,-52,-471,780.81665,-3.52255106,-471.576996
728,195,-553,728.151367,262.545898,-553.988464
607,-52,-568,607.151367,15.2511206,-568.988464
724,-52,-550,724.151611,15.0439386,-550.988403
728,195,-553,728.388916,202.092773,-553.921265
605,261,-616,605.388733,268.113495,-616.921326
607,-52,-568,607.389648,-44.905941,-568.920959
605,261,-616,604.471924,268.399841,-616.849182
508,240,-553,507.476349,247.406693,-553.851929
607,-52,-568,606.471924,-44.6181793,-568.849182
508,240,-553,507.557922,249.540756,-553.896973
519,-52,-524,518.54541,-42.5003014,-524.890686
607,-52,-568,606.532593,-42.4895554,-568.884033
508,240,-553,507.214722,250.980301,-553.619141
445,157,-461,444.212189,167.984192,-461.615906
519,-52,-524,518.211609,-41.0148087,-524.615173
445,157,-461,444.238831,170.095963,-461.648529
465,-52,-460,464.238831,-38.9358101,-460.648529
519,-52,-524,518.235474,-38.9430389,-524.644592
2568,-7,-262,2568.99805,-1.82019925,-262.061401
2602,213,-389,2602.99805,223.712814,-389.061401
2591,187,-482,2591.99805,195.308594,-482.061981
1652,438,1216,1651.32056,477.045898,1215.26636
1668,148,1211,1667.32043,212.123764,1210.26648
1744,-3,1150,1743.33105,10.269454,1149.25671
1962,195,762,1962.99109,295.48465,761.867188
1952,180,691,1952.99133,200.791336,690.868652
1962,82,773,1962.99011,150.805527,772.860352
3021,-119,1051,3021.09863,-114.436913,1051.99512
3115,-119,1041,3115.09863,-111.363609,1041.99512
3101,-193,1028,3101.09863,-184.397766,1028.99512
2926,-119,1052,2925.04858,-85.3694153,1052.30762
2913,-106,1017,2912.04858,-43.7292366,1017.30774
2933,-46,1083,2932.04858,23.0625095,1083.30774
2893,-180,951,2892.05249,-147.407379,951.319336
2913,-106,1017,2912.05249,-67.9472885,1017.31958
2902,-340,960,2901.05054,-325.785583,960.31366
2902,-340,960,2901.04858,-306.784424,960.307617
2913,-106,1017,2912.04858,-47.194416,1017.30774
2918,-193,1021,2917.05176,-165.068542,1021.31714
2918,-193,1021,2917.05176,-159.423126,1021.31714
2913,-106,1017,2912.04858,-41.5489922,1017.30774
2926,-119,1052,2925.04858,-83.1891708,1052.30762
1352,-8,-165,1352.98523,0.0070455824,-164.828766
1384,225,-183,1384.98523,234.872543,-182.828766
1361,-8,-217,1361.98523,4.42059994,-216.828766
1375,203,-32,1375.99902,210.520767,-31.9565735
1384,225,-183,1384.99902,232.093826,-182.955826
1352,-8,-165,1352.99915,-2.763165,-164.958679
1375,203,-32,1375.99011,207.963867,-31.859724
1352,-8,-165,1352.98816,-4.71296692,-164.846893
1347,-8,-133,1347.98914,-5.45832825,-132.852997
3000,-9,356,3000.04126,24.0926266,356.999146
3078,217,362,3078.04102,262.317719,362.999146
3077,-9,356,3077.04126,58.0397224,356.999146
4680,240,1421,4679.01758,312.494659,1421.18494
4662,0,1305,4661.01172,140.432693,1305.1521
4666,240,1344,4665.01074,337.334229,1344.14539
2865,454,1339,2864.28247,460.317993,1339.69641
2886,341,1334,2885.28418,349.212006,1334.69824
2817,454,1291,2816.28247,460.317993,1291.69641
2817,454,1291,2816.28271,460.182678,1291.69678
2886,341,1334,2885.2832,349.08139,1334.69727
2907,0,1275,2906.28271,10.0353279,1275.69678
2897,0,1433,2896.00098,24.481638,1432.95593
2883,341,1360,2882.00098,382.205139,1359.95593
2877,454,1416,2876.00098,478.863434,1415.95593
2895,0,1381,2894.00684,27.2125835,1380.8833
2886,341,1334,2885.00488,390.079559,1333.90137
2883,341,1360,2882.00488,387.018677,1359.90137
2897,0,1433,2896.00098,32.8692551,1433.04065
2895,0,1381,2894.00098,32.9091759,1381.04224
2883,341,1360,2882.00073,398.486847,1360.03821
2928,454,1441,2927.56299,472.259735,1441.89941
2983,341,1461,2982.55713,354.482574,1461.89648
2945,203,1434,2944.57275,220.754883,1434.90405
3046,0,1500,3046.53418,14.2375956,1500.84534
3113,454,1493,3113.53418,462.439148,1493.84534
3122,0,1451,3122.52661,6.22689629,1451.8501
3188,203,1400,3188.84937,228.283768,1400.52771
3158,341,1460,3158.84448,382.090271,1460.53552
3193,431,1408,3193.85205,458.99353,1408.52344
3188,203,1400,3188.84424,209.514099,1400.53589
3166,0,1381,3166.84229,12.845273,1381.53894
3122,0,1451,3122.84253,7.00697422,1451.53857
1651,317,1294,1650.00488,336.182739,1293.90137
1668,148,1211,1667.00391,175.974655,1210.91174
1652,438,1216,1651.00488,456.081482,1215.90137
3178,394,-191,3178.81714,400.239075,-191.57637
3162,340,-198,3162.81665,340.865814,-198.576874
3203,392,-155,3203.81665,398.238739,-155.576828
184,136,-411,184.9991,151.210068,-410.957581
179,42,-474,179.9991,62.7636833,-473.957581
172,-45,-378,172.9991,-21.6862659,-377.957581
179,42,-474,179.752731,48.8226852,-474.658325
110,-56,-531,110.745064,-48.4417877,-531.666992
154,-56,-481,154.752472,-48.4422112,-481.6586
146,448,269,146.405975,465.285309,269.913879
123,0,251,123.401237,17.2612896,251.91597
2,448,333,2.4007926,465.344788,333.916168
156,217,187,156.958542,233.461624,187.284943
123,0,251,123.956741,14.0043612,251.290939
146,448,269,146.958511,462.192291,269.285004
-135,-121,740,-135.826294,-101.616699,739.436768
-87,-20,659,-87.8295212,3.58219886,658.441528
-135,-20,730,-135.82692,5.55401897,729.437683
6,-20,615,5.56395912,-13.0423555,614.100098
-87,-20,659,-87.4173203,-16.0713348,658.091248
7,-123,632,6.56195927,-122.726913,631.101074
7,-123,632,7.33896255,-116.224808,631.059204
119,-20,656,119.337715,-8.95246601,655.058777
6,-20,615,6.34007359,-10.2832499,614.059631
193,-20,733,193.710388,-13.7913818,732.296204
119,-20,656,119.710884,-8.27019405,655.296692
154,-132,718,154.710754,-121.65287,717.29657
183,-20,1142,183.999039,-7.81372404,1142.0437
185,-20,1079,185.999039,-13.0907326,1079.0437
184,-46,1073,184.999069,-28.2540436,1073.04309
-135,-121,740,-135.986771,-62.6712189,739.837891
-135,-20,730,-135.986771,33.9599724,729.837891
-142,-20,776,-142.986771,-7.38725281,775.837891
-81,-131,676,-81.781395,-123.589859,675.375977
-87,-20,659,-87.7814026,-10.5378971,658.375977
-135,-121,740,-135.776688,-113.586319,739.370117
-87,-20,659,-87.8594055,-11.8473244,658.488708
-92,66,646,-92.8592606,76.8408585,645.488464
-139,108,716,-139.86145,112.960464,715.492188
6,-20,615,5.56052446,-13.6355181,614.101746
-92,66,646,-92.4194107,72.0154953,645.092224
-87,-20,659,-87.4193192,-16.3930511,658.092163
6,-20,615,6.33930302,-11.6999969,614.059326
119,-20,656,119.337029,-10.1133852,655.058533
128,80,647,128.339005,84.7093887,646.059265
7,-123,632,6.56595898,-116.560715,631.099121
-87,-20,659,-87.4153214,-10.2165651,658.090332
-81,-131,676,-81.4194412,-124.560081,675.092224
7,-123,632,7.32490396,-114.68531,631.05426
110,-133,668,110.322876,-124.697777,667.053589
119,-20,656,119.322411,-6.28442764,655.053406
154,-132,718,154.7547,-124.196304,717.343933
119,-20,656,119.751343,-10.8817673,655.340088
110,-133,668,110.744293,-125.195076,667.332153
230,122,723,230.93428,148.801254,723.356445
210,-20,759,210.934357,-13.0227442,759.356323
202,40,788,202.935059,61.9369545,788.354492
3152,183,1137,3152.98926,187.940109,1137.14551
3123,-12,1083,3123.98804,-5.12364674,1083.15332
3111,-5,1179,3111.98828,3.64069438,1179.15222
3135,-20,988,3135.98926,-11.1289682,988.145203
3123,-12,1083,3123.98926,-2.68386507,1083.14526
3155,158,977,3155.98926,164.922211,977.145325
3178,144,816,3178.9873,202.104721,816.158142
3191,131,735,3191.98828,203.955521,735.1521
3185,-20,761,3185.98535,90.3375854,761.1698
3191,131,735,3191.98242,144.916718,734.813354
3179,-20,729,3179.98438,-3.77888107,728.823975
3185,-20,761,3185.98242,1.75785446,760.813354
3191,131,735,3191.8313,146.721222,734.444336
3127,80,646,3127.82983,97.6832504,645.442017
3123,-20,652,3123.83008,-7.36839867,651.442383
3127,80,646,3127.42969,90.2719421,645.097046
3013,98,588,3013.43213,105.183533,587.098206
3005,-20,597,3005.42871,-15.5342617,596.096619
3013,98,588,3012.53125,111.600464,587.116699
2907,66,646,2906.52051,85.8766098,645.122498
2910,-20,653,2909.53125,-13.97542,652.116699
2845,122,739,2844.14722,139.281677,738.477783
2910,-20,653,2909.15649,3.26593709,652.462891
2907,66,646,2906.15039,105.739189,645.472595
2845,122,739,2844.03784,147.179977,739.2724
2867,153,818,2866.03882,176.735458,818.275391
2851,-20,739,2850.03906,6.4523797,739.276672
2861,-340,824,2860.0437,-309.819214,824.291992
2893,-180,951,2892.0437,-132.115005,951.291992
2902,-340,960,2901.03882,-309.855286,960.275818
2864,-20,814,2863.01172,4.90326357,814.152039
2885,-20,942,2884.01074,8.52261639,942.14502
2893,-180,951,2892.01172,-144.233795,951.151917
2882,158,949,2881.00684,210.213791,949.115845
2885,-20,942,2884.00684,21.8997841,942.116028
2867,153,818,2866.00684,176.320404,818.115662
3153,-20,918,3153.97046,1.3660785,918.240967
3176,-20,818,3176.97046,6.41510487,818.241211
3131,-340,954,3131.97339,-299.564636,954.228271
3178,144,816,3178.98633,159.710007,816.16394
3153,-20,918,3153.9873,-0.123963162,918.15802
3155,158,977,3155.9873,182.399399,977.158081
2885,-20,942,2884.05273,12.8525772,942.320251
2913,-106,1017,2912.05249,-55.9048157,1017.31958
2893,-180,951,2892.05249,-135.364899,951.319336
2851,-20,739,2850.2356,11.3229494,738.355286
2865,-340,740,2864.22583,-317.74408,739.367065
2918,-340,676,2917.2356,-295.594177,675.355286
3007,-340,632,3006.53125,-325.828033,631.116699
2910,-20,653,2909.53247,-1.93142033,652.116028
2918,-340,676,2917.53125,-319.95639,675.116699
3123,-20,652,3123.31738,-5.17290974,651.051758
3007,-340,632,3007.32251,-321.461517,631.053467
3110,-340,668,3110.32275,-321.507385,667.053528
3153,-340,718,3153.74365,-325.238342,717.331482
3123,-20,652,3123.74341,-1.81317794,651.331177
3110,-340,668,3110.75171,-313.730469,667.340515
3185,-20,761,3185.98242,-6.44096756,760.813354
3153,-340,718,3153.98438,-338.898163,717.823975
3172,-340,821,3172.98145,-325.324554,820.808289
3115,-119,1041,3115.95874,-94.5045319,1041.28418
3153,-20,918,3153.96265,7.4127326,918.270447
3131,-340,954,3131.9646,-290.476715,954.263306
3131,-340,954,3131.95581,-259.121582,954.293762
3176,-20,818,3176.95117,6.10449696,818.308594
3172,-340,821,3172.94995,-259.143616,821.312256
3135,-20,988,3135.9646,-2.66038394,988.263367
3153,-20,918,3153.96265,-11.6554585,918.270264
3115,-119,1041,3115.9646,-113.038414,1041.26318
2882,158,949,2881.04956,196.541946,949.310547
2933,-20,1083,2932.05347,32.8757095,1083.32239
2885,-20,942,2884.0498,4.94962072,942.311218
2845,122,739,2844.16968,149.929199,738.442749
2851,-20,739,2850.16772,15.8803101,738.445679
2910,-20,653,2909.16992,17.8736267,652.442383
3013,98,588,3012.49121,137.780487,587.13916
2910,-20,653,2909.48145,-0.585997701,652.144958
3005,-20,597,3004.49292,3.21854782,596.138123
3127,80,646,3127.41211,95.9305344,645.088867
3005,-20,597,3005.4248,-13.1847477,596.094727
3123,-20,652,3123.42383,-16.4305496,651.094299
3191,131,735,3191.80981,153.988281,734.41333
3123,-20,652,3123.80615,-1.27434707,651.408325
3179,-20,729,3179.80322,10.6214304,728.404358
3178,144,816,3178.9873,219.321915,816.157837
3185,-20,761,3185.98828,120.431313,761.152039
3176,-20,818,3176.9873,89.226593,818.157715
3178,144,816,3178.97437,219.87146,816.224426
3176,-20,818,3176.96948,94.5960999,818.24469
3153,-20,918,3153.97339,74.8606567,918.228455
3155,158,977,3155.96265,168.29834,977.269958
3153,-20,918,3153.9646,-13.0643501,918.263245
3135,-20,988,3135.96265,-8.0259161,988.270447
3155,158,977,3155.99902,164.042923,977.039368
3123,-12,1083,3123.99902,-4.35368109,1083.04321
3152,183,1137,3152.99902,188.30545,1137.04016
1146,90,1171,1145.26526,641.126648,1171.67834
1087,-118,1107,1086.26526,432.183838,1107.67834
1087,70,1108,1086.26526,810.375671,1108.67834
1061,70,1075,1060.21021,702.544617,1075.61328
1087,70,1108,1086.21033,458.287903,1108.61353
1087,-118,1107,1086.21033,80.2617035,1107.61353
1036,-118,1041,1035.26526,-71.0328979,1041.67834
996,156,1007,995.264709,237.956223,1007.67773
1061,70,1075,1060.26526,151.057251,1075.67834
922,156,785,921.384827,163.031006,785.788391
974,156,824,973.384766,159.572327,824.78833
931,-118,742,930.384766,-115.233475,742.78833
1031,-118,620,1030.12793,-56.9630089,619.51062
1002,113,663,1001.12732,168.306549,662.511719
1008,-118,660,1007.13513,-56.9555855,659.498047
1031,-118,620,1031.07568,-90.0486221,619.002869
1081,156,615,1081.08716,167.994873,614.003845
1026,156,610,1026.07532,177.472321,609.002869
1115,156,551,1114.11365,179.24646,550.537048
1081,156,615,1080.11475,177.524246,614.534912
1126,-118,556,1125.11597,-96.2315369,555.532593
1176,156,529,1175.65918,187.958282,528.059875
1115,156,551,1114.65918,185.954559,550.059875
1126,-118,556,1125.64844,-75.3821716,555.063843
1179,-118,556,1178.62109,-107.377235,555.074585
1214,-24,532,1213.62109,-14.0446367,531.074585
1176,156,529,1175.62183,163.141953,528.07428
1214,-24,532,1214.67834,-16.1779461,531.265259
1278,156,561,1278.67773,164.682465,560.264709
1255,157,539,1255.67834,167.920776,538.265259
1314,156,556,1313.86731,177.722809,555.00885
1278,156,561,1277.85352,175.821686,560.010803
1301,-118,570,1300.86719,-80.0937881,569.008911
1301,-118,570,1301.84412,-103.661446,569.463867
1333,156,586,1333.84473,166.423615,585.464844
1314,156,556,1314.84937,161.416733,555.472229
1399,156,586,1399.03491,172.030212,585.00061
1333,156,586,1333.03613,168.584518,585.000671
1376,-118,602,1376.02612,-94.2686539,601.000366
1376,-118,602,1376.91492,-100.045197,602.403625
1377,156,638,1377.91113,184.55957,638.412109
1399,156,586,1399.91467,178.211685,586.404175
1429,156,663,1429.42456,248.103622,662.094604
1377,156,638,1377.42419,202.943527,637.094482
1380,-118,642,1380.42529,-7.52597427,641.094971
1214,-24,532,1214.36243,-3.07453537,531.067993
1255,157,539,1255.36414,177.727814,538.068665
1214,157,523,1214.36414,173.537094,522.068665
1061,70,1075,1060.21021,683.290466,1075.61328
1087,-118,1107,1086.21033,60.5170212,1107.61353
1036,-118,1041,1035.21033,60.8566322,1041.61353
931,-118,742,930.154663,-105.387444,741.46582
979,-118,668,978.154663,-105.397827,667.46582
943,156,683,942.154663,161.357574,682.46582
1026,156,610,1025.09521,189.314407,609.574158
1002,113,663,1001.09454,132.153595,662.575562
1031,-118,620,1030.09485,-97.5457916,619.574951
943,156,683,942.595825,165.082916,682.085327
1002,113,663,1001.60938,124.81459,662.079468
993,161,661,992.602661,171.943878,660.082336
1026,156,610,1025.14978,161.604156,609.473633
993,161,661,992.14978,164.021194,660.473633
1002,113,663,1001.15466,115.857201,662.46582
1126,-118,556,1125.11462,-94.6833878,555.535156
1081,156,615,1080.11572,179.044952,614.533081
1102,-118,601,1101.11462,-94.6889877,600.535156
1176,156,529,1175.95593,166.099808,528.000977
1126,-118,556,1125.95593,-105.449593,555.000977
1179,-118,556,1178.95593,-105.449593,555.000977
1176,156,529,1175.83679,176.312119,528.013428
1214,-24,532,1213.83496,-1.24470043,531.013733
1214,157,523,1213.84082,173.588211,522.012756
1203,-118,536,1203.38892,-107.101524,535.078735
1271,-118,565,1271.38892,-107.116264,564.078735
1214,-24,532,1214.38965,-17.6592789,531.079041
1214,-24,532,1214.46741,12.8253403,531.115967
1271,-118,565,1271.46741,-65.1171036,564.115967
1278,156,561,1278.46765,187.003586,560.116089
1301,-118,570,1301.15222,-71.9079361,569.011658
1278,156,561,1278.15845,166.271683,560.012634
1271,-118,565,1271.15222,-71.8865433,564.011658
1301,-118,570,1301.50195,-17.4106827,569.135132
1327,-118,585,1327.50195,-17.4137993,584.135132
1333,156,586,1333.50195,200.208847,585.135132
1376,-118,602,1376.32312,42.8819389,601.05365
1333,156,586,1333.32239,213.023956,585.053406
1327,-118,585,1327.32312,43.0900574,584.05365
1351,-69,1241,1351.75708,-63.6927795,1240.34668
1349,90,1192,1349.75122,96.0737076,1191.33997
1310,-69,1193,1310.75708,-63.6950722,1192.34668
996,156,1007,995.340088,165.819458,1007.75134
996,314,1028,995.339966,320.803619,1028.75122
1094,156,1092,1093.33997,165.172989,1092.75122
996,156,1007,995.034912,180.915817,1007.26172
981,156,950,980.0354,163.692444,950.263672
996,314,1028,995.034973,319.196014,1028.26208
981,156,950,980.06311,164.759079,950.349609
948,156,865,947.063354,168.610367,865.35022
938,309,886,937.06311,316.7966,886.349609
891,317,788,890.385925,324.934326,788.789246
974,156,824,973.38562,156.118103,824.789001
922,156,785,921.384766,159.954468,785.78833
936,156,743,935.048523,161.914139,742.692322
891,317,788,890.048523,325.665344,787.692322
922,156,785,921.050415,161.919128,784.686523
1026,156,610,1026.07568,161.296906,609.002869
1081,156,615,1081.07532,159.501648,614.002869
1070,240,598,1070.07532,244.53418,597.002869
1314,156,556,1314.84912,161.598831,555.471863
1333,156,586,1333.849,163.550064,585.47168
1346,284,564,1346.84937,290.578369,563.472229
1346,284,564,1346.02759,289.825409,563.000427
1333,156,586,1333.02808,159.844345,585.000427
1399,156,586,1399.02588,161.073593,585.000366
1399,156,586,1399.91785,179.339661,586.396912
1377,156,638,1377.91113,187.478058,638.412109
1393,265,610,1393.91077,275.21875,610.412903
1429,156,663,1429.99902,162.026276,662.955872
1430,156,710,1430.99902,164.97673,709.955872
1450,277,693,1450.99902,287.718903,692.955872
1459,156,754,1459.83203,166.261383,754.554688
1443,156,779,1443.82947,172.066666,779.558472
1466,281,766,1466.82947,296.950165,766.558472
1466,281,766,1466.94006,285.849548,765.65918
1443,156,779,1443.94019,157.131363,778.659363
1457,156,819,1457.94128,156.416672,818.662415
1461,296,861,1461.92053,303.083649,861.390503
1457,156,819,1457.92053,157.387421,819.390625
1443,156,853,1443.92542,156.776001,853.378723
1443,156,853,1443.94043,166.040573,852.660034
1459,156,896,1459.94019,174.381668,895.659363
1461,296,861,1461.93652,312.046753,860.649414
1411,290,945,1411.53442,297.520477,945.845215
1448,156,900,1448.53418,156.216095,900.845276
1381,113,937,1381.53418,116.104462,937.845276
1383,156,1001,1383.99512,161.716431,1001.09741
1411,290,945,1411.995,297.050079,945.099121
1381,113,937,1381.995,114.242638,937.099365
1341,156,1067,1341.84216,160.610443,1067.53894
1349,240,1087,1349.84412,245.872116,1087.53613
1383,156,1001,1383.84949,163.726746,1001.52759
1333,90,1139,1333.99023,115.98333,1138.8606
1336,170,1142,1336.99011,185.216034,1141.86035
1330,165,1097,1330.99109,185.839981,1096.86719
1351,-69,1241,1351.82959,-62.6900406,1240.44165
1384,186,1216,1384.82959,191.622406,1215.44165
1349,90,1192,1349.81946,97.4560471,1191.42688
1390,186,1334,1390.96094,208.164566,1333.72327
1351,-69,1241,1351.95898,-39.2989349,1240.71655
1378,-69,1333,1378.95874,-39.2639427,1332.71582
1366,186,1389,1366.9646,294.738342,1389.26343
1378,-69,1333,1378.96326,-25.7785721,1333.26855
1366,-69,1381,1366.9646,55.7420692,1381.26367
1322,-69,1451,1322.84985,-14.9835558,1451.52698
1366,186,1389,1366.84924,281.376831,1389.52795
1366,-69,1381,1366.84412,37.9881821,1381.53613
1147,-69,1449,1146.53125,-20.0054779,1449.8833
1226,186,1497,1225.53235,284.65799,1497.88391
1245,-69,1500,1244.53333,-19.9963474,1500.8844
1119,90,1215,1118.05347,108.867203,1214.67749
1107,-69,1275,1106.05371,-47.9786987,1274.67676
1130,-69,1210,1129.05347,-47.9897194,1209.67749
1146,90,1171,1145.14685,114.417999,1170.47839
1119,90,1215,1118.14978,111.210182,1214.47363
1130,-69,1210,1129.14978,-44.6775589,1209.47363
1358,189,1182,1358.91833,196.883469,1181.60425
1377,290,1192,1377.92126,303.107025,1191.61108
1347,251,1133,1347.92578,265.151733,1132.62195
1336,170,1142,1336.90515,177.497986,1141.57495
1349,90,1192,1349.89734,100.5886,1191.55872
1358,189,1182,1358.89734,192.418304,1181.55872
1347,251,1133,1347.90515,256.869751,1132.57495
1336,170,1142,1336.9032,174.375229,1141.5708
1358,189,1182,1358.90393,189.966843,1181.57239
1333,90,1139,1333.95874,123.361984,1138.71582
1349,90,1192,1349.95874,129.538086,1191.71582
1336,170,1142,1336.95581,190.312317,1141.70605
1330,165,1097,1330.99109,172.25647,1096.86719
1336,170,1142,1336.99207,176.024185,1141.875
1347,251,1133,1347.99304,260.686798,1132.88281
1384,186,1216,1384.79724,198.105362,1215.39648
1377,290,1192,1377.80347,302.018738,1191.40466
1358,189,1182,1358.80017,192.745575,1181.40039
1088,289,1108,1087.28271,297.674164,1108.69678
1145,165,1146,1144.28271,171.699814,1146.69678
1094,156,1092,1093.28284,167.576324,1092.6969
1182,396,1132,1181.22632,479.256317,1131.36646
1106,456,1222,1105.22571,534.446716,1221.36719
1113,266,1218,1112.22583,307.566956,1217.36707
1106,456,1222,1105.37988,467.661102,1221.21558
1016,456,1291,1015.38477,468.2323,1290.21167
1062,186,1286,1061.38477,194.950516,1285.21167
1146,90,1171,1145.14685,106.111786,1170.47839
1121,177,1201,1120.1499,193.262344,1200.47339
1119,90,1215,1118.14978,103.923355,1214.47363
1119,90,1215,1118.13806,98.1559448,1214.49304
1062,186,1286,1061.1355,193.396179,1285.49744
1107,-69,1275,1106.13513,-59.7777405,1274.49805
1107,-69,1275,1106.07385,-63.4180984,1275.37708
1062,186,1286,1061.07422,191.673248,1286.37805
1086,186,1345,1085.07422,193.28978,1345.37805
1366,186,1389,1366.90979,207.848297,1389.41479
1390,186,1334,1390.91089,197.682297,1334.4126
1378,-69,1333,1378.9115,-62.3964157,1333.41125
1390,186,1334,1390.99902,193.3685,1333.95593
1384,186,1216,1384.99902,195.10321,1215.95593
1351,-69,1241,1351.99805,-60.7115479,1240.93762
1377,290,1192,1377.92749,296.670593,1191.62622
1374,456,1116,1374.92749,462.707733,1115.62622
1347,251,1133,1347.92566,258.535583,1132.6217
1422,456,1354,1422.98425,465.598114,1353.82324
1377,290,1192,1377.98425,299.962402,1191.82324
1390,186,1334,1390.9823,193.3302,1333.81274
1422,456,1354,1422.91089,462.878387,1354.4126
1390,186,1334,1390.91064,194.697281,1334.41296
1366,186,1389,1366.91089,197.927612,1389.4126
1321,456,1491,1321.76294,464.066833,1491.64636
1366,186,1389,1366.76416,197.587402,1389.64502
1316,186,1447,1316.7511,194.214005,1447.66016
1226,186,1497,1226.47949,192.361694,1497.87744
1321,456,1491,1321.47961,462.231201,1491.87744
1316,186,1447,1316.47644,192.308716,1447.87915
1140,456,1457,1139.3656,467.317596,1457.77295
1226,186,1497,1225.3595,207.646774,1497.76794
1154,186,1438,1153.36646,204.387131,1438.77368
1103,186,1411,1102.53589,197.024384,1411.88574
1140,456,1457,1139.53125,465.675476,1457.8833
1154,186,1438,1153.53223,202.78302,1438.88379
1079,456,1354,1078.02905,485.482452,1354.23926
1103,186,1411,1102.02905,210.656616,1411.23926
1086,186,1345,1085.02905,220.247314,1345.23926
1062,186,1286,1061.07397,213.582581,1286.37744
1079,456,1354,1078.07422,485.125977,1354.37805
1086,186,1345,1085.07397,221.339066,1345.37744
1106,456,1222,1105.20422,530.444702,1221.39453
1062,186,1286,1061.20715,242.992584,1285.39062
1113,266,1218,1112.21021,308.225372,1217.38672
1145,165,1146,1144.07874,245.75972,1145.61108
1113,266,1218,1112.07874,321.46286,1217.61108
1121,177,1201,1120.07886,271.811188,1200.61084
1349,90,1192,1349.78918,96.7509003,1191.38586
1384,186,1216,1384.7887,190.592377,1215.38525
1358,189,1182,1358,189,1182
