-2038,200,633,-2038.11523,534.047546,633.993286
-2184,20,616,-2184.09863,155.293137,616.995117
-2183,169,617,-2183.09863,464.070953,617.995117
-2038,200,633,-2038.11536,7870.25977,633.993286
-2038,20,632,-2038,20,632
-2184,20,616,-2184.11523,3039.40723,616.993286
87,209,2611,87.4133606,214.711212,2611.9104
34,20,2599,34.413353,21.7399387,2599.9104
-513,20,2853,-512.585205,20.5196114,2853.90991
87,209,2611,86.7885666,623.773193,2611.97729
86,60,2610,85.7985229,295.263702,2610.97949
34,20,2599,33.7975616,281.653748,2599.97925
87,209,2611,87.4152222,213.978119,2611.90967
-497,194,2882,-496.589081,198.518158,2882.91162
-482,369,2911,-481.589081,373.975922,2911.91162
-690,194,2869,-690.075195,199.852142,2869.99707
-482,369,2911,-482.074493,376.650055,2911.99707
-497,194,2882,-497.061401,198.762207,2882.99805
-1863,370,2831,-1863.99902,377.671448,2831.04346
-1844,194,2790,-1844.99902,206.97876,2790.04272
-1852,199,2579,-1852.99902,213.648651,2579.0437
-1212,20,-1300,-1212.61816,27.19133,-1300.78601
-855,20,-1581,-855.613647,27.2752113,-1581.78955
-871,92,-1581,-871.618164,100.520302,-1581.78601
1516,20,-379,1516.99402,44.4457893,-379.108704
1603,20,504,1603.995,33.7906036,503.90033
1563,200,18,1563.995,235.004227,17.9005051
1612,197,510,1612.99512,222.588821,509.901306
1621,400,516,1621.995,436.936523,515.900391
1563,200,18,1563.995,236.679291,17.9005051
1621,400,516,1621.7511,419.160614,516.660095
1612,197,510,1612.74622,207.159836,510.665558
1453,209,692,1453.74329,219.408401,692.668823
505,20,-1539,505.561005,28.5443344,-1539.82776
526,240,-1555,526.554016,251.574951,-1555.8324
351,92,-1656,351.560974,111.147659,-1656.82776
351,92,-1656,350.936584,1782.26135,-1656.99792
-871,92,-1581,-871.060791,1636.58167,-1581.99805
-855,20,-1581,-855,20,-1581
850,208,1524,850.9646,234.916153,1524.26355
913,398,1318,913.9646,434.893005,1318.26355
905,208,1319,905.964478,226.722198,1319.26367
-364,188,-2883,-363.087128,292.782745,-2883.4082
183,92,-1646,183.911987,246.228592,-1646.41016
182,172,-1650,182.912155,326.365051,-1650.40979
-779,172,-1591,-779.075195,193.634552,-1591.99707
-871,92,-1581,-871.075562,112.03759,-1581.99707
-785,92,-1586,-785,92,-1586
183,92,-1646,182.937546,111.61277,-1646.99805
351,92,-1656,350.936584,111.658638,-1656.99792
182,172,-1650,181.937546,191.644119,-1650.99805
-2183,169,617,-2182.01758,1087.74463,617.186523
-2184,20,616,-2184,20,616
-2390,20,1640,-2389.02148,37.3321953,1640.20581
879,906,1526,879.969482,932.319946,1526.245
933,906,1313,933.969482,939.284729,1313.245
913,398,1318,913.969421,431.218262,1318.24512
563,369,2688,563.969421,394.341858,2688.24512
879,906,1526,879.96936,932.302063,1526.24512
913,398,1318,913.96936,430.901672,1318.24512
1016,3042,1295,1016.96454,3069.67651,1295.26367
943,1158,1311,943.969482,1212.32385,1311.245
886,1158,1526,886.964539,1178.39807,1526.26367
563,369,2688,563.9646,400.544434,2688.26367
886,1158,1526,886.9646,1158.98645,1526.26367
879,906,1526,879.9646,938.285461,1526.26367
563,369,2688,563.96936,394.651276,2688.24512
1016,3042,1295,1016.96948,3050.34033,1295.245
886,1158,1526,886.969482,1158.25464,1526.24512
1621,400,516,1621.74329,454.457123,516.668884
1060,906,1169,1060.75122,960.625977,1169.66003
1066,1158,1169,1066.74341,1212.74792,1169.66882
1016,3042,1295,1016.74323,3082.68823,1295.66895
1621,400,516,1621.7511,468.728973,516.660095
1066,1158,1169,1066.74231,1227.47839,1169.66992
913,398,1318,913.751221,439.83786,1318.66003
933,906,1313,933.743225,948.497009,1313.66895
1060,906,1169,1060.74243,948.613831,1169.6698
913,398,1318,913.743408,440.462494,1318.66882
1060,906,1169,1060.74329,948.682251,1169.66882
1621,400,516,1621.74353,443.157593,516.668701
943,1158,1311,943.750183,1199.4165,1311.66113
1016,3042,1295,1016.7511,3053.00049,1295.66016
1066,1158,1169,1066.7511,1199.42664,1169.66016
-313,1863,3390,-312.538727,1875.03442,3390.88721
906,2768,2816,906.467224,2774.27319,2816.88403
99,601,3046,99.4741898,611.730957,3046.88037
1016,3042,1295,1016.65833,3057.82153,1295.75269
1821,2900,556,1821.65918,2925.85547,556.751953
1621,400,516,1621.66711,424.969727,516.744934
1516,400,-380,1516.79932,407.52121,-380.600861
1758,3051,-620,1758.80627,3058.55981,-620.591492
1288,3598,-1376,1288.80908,3606.552,-1376.58765
1758,3051,-620,1758.06104,3061.74902,-620.998108
1516,400,-380,1516.06177,410.105591,-380.998077
4121,180,-196,4121.06152,189.421738,-196.998093
4178,180,302,4178.07568,223.416306,302.997131
1621,400,516,1621.0752,447.646179,516.997131
1821,2900,556,1821.0752,2950.44873,556.997131
526,240,-1555,526.550842,250.968185,-1555.83459
447,2378,-1836,447.561005,2399.81079,-1836.82776
351,92,-1656,351.555084,112.536247,-1656.83179
1191,203,-1224,1191.52637,221.270294,-1224.85022
1288,3598,-1376,1288.52637,3633.63574,-1376.85022
447,2378,-1836,447.524811,2413.55737,-1836.8512
-386,335,-1623,-385.958679,340.129944,-1623.99915
-1046,953,-1756,-1045.95593,963.406738,-1756.99902
-686,235,-1608,-685.958679,240.131729,-1608.99915
-1046,953,-1756,-1045.92383,960.286804,-1756.99707
-386,335,-1623,-386,335,-1623
447,2378,-1836,447.062378,2385.69092,-1836.99805
13,235,-1645,12.9235106,248.045059,-1645.99707
447,2378,-1836,446.937561,2392.86938,-1836.99805
-386,335,-1623,-386,335,-1623
13,235,-1645,12.9373789,248.233032,-1645.99792
351,92,-1656,350.937561,105.243454,-1656.99805
447,2378,-1836,446.937561,2392.86353,-1836.99805
-1046,953,-1756,-1045.9668,957.911926,-1756.99939
-871,92,-1581,-870.978516,96.8703308,-1581.99976
-686,235,-1608,-686,235,-1608
292,-80,2605,291.5271,346.04071,2604.1189
480,-280,2507,479.525726,346.450958,2506.11963
480,-80,2506,479.5271,719.054993,2505.1189
1133,296,1913,1132.31909,783.753845,1912.2677
480,-80,2506,479.318634,738.421936,2505.26807
480,-280,2507,479.317322,401.43219,2506.26929
1133,296,1913,1132.31836,1784.64124,1912.26843
480,-280,2507,479.317322,1811.77075,2506.26929
1132,95,1913,1131.31738,2743.2207,1912.26929
1333,96,1913,1333.99902,1808.83374,1912.95593
1332,95,2113,1332.99902,188.43869,2112.95605
1333,296,2113,1333.99902,2008.82764,2112.95605
1133,296,1913,1132.95593,1001.68372,1912.00098
1132,95,1913,1131.95593,1002.66327,1912.00098
1333,96,1913,1332.95593,801.689819,1912.00098
1533,1158,1713,1533.75781,1216.53613,1712.34753
1066,1158,1169,1066.7511,1216.06909,1168.33984
1060,906,1169,1060.75122,963.70459,1168.33997
-1541,20,383,-1541.4502,427.092224,383.892822
-1396,20,456,-1396.44824,431.723663,456.893829
-1393,5,457,-1393.44629,235.308609,457.894867
-137,-120,1087,-137.662811,-111.933975,1087.74878
-160,-303,1037,-160.677795,-291.263702,1037.73523
-293,-137,943,-293.677734,-129.960403,943.735291
1185,20,-1216,1185.97827,25.0142422,-1216.20703
1182,-132,-1093,1182.97827,-124.713097,-1093.20703
1224,20,-1029,1224.97839,26.4633465,-1029.20654
-855,20,-1581,-855.060974,25.2608738,-1581.99805
-239,-133,-1591,-239.061478,-128.272797,-1591.99805
346,19,-1655,345.937561,26.2574177,-1655.99805
-1428,-240,-348,-1427.95728,347.334229,-347.000916
-1348,192,-348,-1347.95801,783.200256,-347.000885
-1349,-240,-348,-1348.95801,777.752136,-347.000885
-1348,-240,252,-1348.04297,2753.91602,251.000931
-1348,192,252,-1348.04297,2753.91602,251.000931
-1428,192,252,-1428.04297,2753.91602,251.000931
-1348,-240,172,-1348.99988,1258.43774,172.012009
-1348,192,252,-1348.99988,1700.3291,252.009567
-1348,-240,252,-1348.99988,1700.3291,252.009567
-1384,52,-205,-1384.04297,70.2907562,-205.999069
-1368,52,-205,-1368.04297,70.2907562,-205.999069
-1368,104,-208,-1368.04297,125.156052,-208.999069
-1384,52,-205,-1384.04297,70.2907562,-205.999069
-1368,104,-208,-1368.04297,125.156052,-208.999069
-1381,104,-208,-1381.04297,125.156052,-208.999069
-1368,104,111,-1368.0127,113.972069,111.999916
-1368,52,105,-1368.0127,54.1866875,105.999916
-1386,52,105,-1386.0127,54.1866875,105.999916
-1368,104,111,-1368.0127,113.972069,111.999916
-1386,52,105,-1386.0127,54.1866875,105.999916
-1381,104,111,-1381.0127,113.972069,111.999916
-1381,104,172,-1380.00098,114.961533,171.955826
-1381,104,111,-1380.00098,114.961533,110.955818
-1386,52,105,-1385.00098,61.6733856,104.955818
-1381,104,172,-1380.00098,114.961533,171.955826
-1386,52,105,-1385.00098,61.6733856,104.955818
-1386,52,172,-1385.00098,61.6733856,171.955826
-1384,52,-268,-1383.00098,75.1152344,-268.042267
-1384,52,-205,-1383.00098,75.1152344,-205.042267
-1381,104,-208,-1380.00098,142.610077,-208.042267
-1384,52,-268,-1383.00098,75.1152344,-268.042267
-1381,104,-208,-1380.00098,142.610077,-208.042267
-1381,104,-268,-1380.00098,142.610077,-268.042267
-1240,-51,2296,-1239.3927,40.8971481,2295.20557
-1213,-234,2320,-1212.38867,-147.246841,2319.20874
-1210,-51,2319,-1209.39258,84.1899414,2318.20581
-1240,-51,2296,-1239.01062,-19.3759346,2295.85474
-1246,-59,2256,-1245.00867,-35.2590179,2255.86865
-1246,-235,2297,-1245.01062,-206.344879,2296.85474
-1249,-239,2254,-1248.51172,-176.988937,2254.87256
-1246,-59,2256,-1245.49658,21.8976364,2256.86401
-1210,-234,2232,-1209.51062,-164.153168,2232.87207
-1246,-59,2256,-1245.51062,-2.88527346,2256.87207
-1207,-51,2234,-1206.50977,-2.47611475,2234.87158
-1210,-234,2232,-1209.50977,-188.304642,2232.87158
-1189,20,2249,-1189.98535,49.3893471,2248.82959
-1186,20,2232,-1186.98425,49.6947708,2231.82324
-1187,331,2174,-1187.98425,363.31073,2173.82324
-1229,20,2330,-1229.57324,38.5917854,2329.18066
-1202,20,2312,-1202.55469,31.4764252,2311.16797
-1333,433,2374,-1333.57239,447.950592,2373.18018
-1255,76,2302,-1255.73279,103.882393,2301.31958
-1262,107,2308,-1262.74353,134.894257,2307.3313
-1429,182,2486,-1429.74329,216.343521,2485.33105
-1270,371,2224,-1270.98425,385.909607,2223.82324
-1280,217,2336,-1280.98425,232.251236,2335.82324
-1276,185,2328,-1276.9823,197.637177,2327.81274
-498,67,2304,-498.429993,81.034256,2303.09717
-460,20,2290,-460.434875,34.9689636,2289.09961
-461,75,2286,-461.432251,90.8186722,2285.09839
-498,67,2304,-497.319946,87.087059,2303.26685
-530,75,2274,-529.331177,95.6785965,2273.25659
-531,20,2277,-530.32074,39.5709839,2276.26611
-564,270,2286,-564.71582,276.251617,2285.30176
-554,273,2275,-554.716553,279.735077,2274.30249
-593,459,2270,-593.716309,464.390503,2269.30225
-498,67,2304,-498.430847,95.0888901,2303.09766
-461,75,2286,-461.430939,106.177116,2285.09766
-348,571,2212,-348.432007,593.312012,2211.09814
-467,540,2318,-466.19754,561.377686,2318.59668
-419,360,2238,-418.192505,381.919952,2238.58984
-426,328,2245,-425.197723,349.905426,2245.59692
-1489,30,1592,-1489.98523,79.6376877,1591.8291
-1433,-194,1283,-1433.9873,-149.22258,1282.84119
-1477,45,1518,-1477.98535,92.0915833,1517.82947
-1778,-65,1963,-1777.36536,-36.7693977,1962.22729
-1775,-33,1965,-1774.36646,-26.0896568,1964.22632
-1800,8,1942,-1799.36523,18.2105007,1941.22742
-1443,67,1453,-1442.36023,75.5281296,1453.76855
-1438,117,1457,-1437.35413,129.162384,1457.76343
-1100,-98,1138,-1099.35388,-88.4910049,1138.76318
-1438,117,1457,-1437.28271,125.082275,1457.69678
-1443,67,1453,-1442.28333,72.0790329,1453.69739
-1533,96,1552,-1532.28418,105.562302,1552.69824
-1830,0,1913,-1829.33984,19.2654667,1912.2489
-1848,-39,1900,-1847.33984,-25.4671135,1899.2489
-1778,-65,1963,-1777.33984,-25.0084114,1962.2489
-2504,20,-371,-2504.04346,189.735962,-371.999054
-2496,200,-372,-2496.04297,346.093842,-372.999054
-2697,200,-369,-2697.04346,400.229553,-369.999054
-1991,20,-447,-1991.26562,367.358368,-447.96405
-1848,200,-485,-1848.26562,640.045654,-485.96405
-1996,200,-446,-1996.26562,471.09433,-446.963989
-3172,200,506,-3172.09863,5627.49512,506.995117
-2535,169,577,-2535.11523,5595.1626,577.993286
-2694,20,559,-2694.10645,4095.20825,559.994263
1185,20,-1216,1185.5166,38.7486725,-1216.85608
1191,203,-1224,1191.52734,227.006363,-1224.84961
1019,20,-1319,1019.52155,47.6033974,-1319.85315
505,20,-1539,505.498566,28.909996,-1539.86682
678,216,-1464,678.501953,230.104858,-1464.86487
526,240,-1555,526.489807,252.159851,-1555.87183
1019,20,-1319,1019.52637,38.3683167,-1319.85022
1191,203,-1224,1191.52673,217.547577,-1224.84998
1025,213,-1327,1025.52637,232.553085,-1327.85022
1019,20,-1319,1019.4668,38.4495163,-1319.88428
1025,213,-1327,1025.46692,231.772964,-1327.88428
859,215,-1416,859.458984,236.39447,-1416.88843
853,20,-1406,853.243164,37.3221512,-1406.96997
859,215,-1416,859.243164,234.531845,-1416.96997
678,216,-1464,678.243164,231.788513,-1464.96997
505,20,-1539,505.579102,48.4869347,-1539.81519
351,92,-1656,351.579102,155.421295,-1656.81519
346,19,-1655,346.575134,45.7847023,-1655.81799
671,20,-1452,671.46698,34.5213547,-1452.88416
678,216,-1464,678.466919,239.905762,-1464.88428
505,20,-1539,505.462708,35.9445801,-1539.88647
853,20,-1406,853.239258,34.4215927,-1406.97095
678,216,-1464,678.243164,229.317535,-1464.96997
671,20,-1452,671.239258,23.1974049,-1452.97095
1019,20,-1319,1019.46692,36.5611916,-1319.88428
859,215,-1416,859.458984,234.254425,-1416.88843
853,20,-1406,853.466919,38.1656723,-1406.88428
678,216,-1464,678.502563,226.307724,-1464.8645
447,2378,-1836,447.498566,2395.81934,-1836.86682
526,240,-1555,526.502502,248.154617,-1555.8645
859,215,-1416,859.26178,222.04834,-1416.96509
447,2378,-1836,447.251709,2388.08374,-1836.96777
678,216,-1464,678.262695,221.943451,-1464.96484
1025,213,-1327,1025.46484,224.86879,-1327.88538
447,2378,-1836,447.472351,2398.18896,-1836.88135
859,215,-1416,859.46698,228.383377,-1416.88416
1191,203,-1224,1191.52148,218.791306,-1224.85315
447,2378,-1836,447.51709,2409.57129,-1836.85583
1025,213,-1327,1025.51172,233.028427,-1327.85913
1229,205,-1033,1229.97827,231.356277,-1033.20703
1191,203,-1224,1191.97839,225.506454,-1224.20667
1185,20,-1216,1185.97937,22.5359783,-1216.20178
1322,206,-881,1322.84424,279.814728,-881.53595
1229,205,-1033,1229.84436,295.181702,-1033.53577
1316,20,-886,1316.84912,89.327507,-886.528137
1355,207,-704,1355.98132,261.100037,-704.191833
1322,206,-881,1322.98132,274.660614,-881.191895
1351,20,-709,1351.98132,89.3979721,-709.191833
1421,208,-534,1421.93127,392.715302,-534.364258
1355,207,-704,1355.93127,349.739319,-704.364197
1420,20,-533,1420.93127,151.904449,-533.363953
1229,205,-1033,1229.97827,239.33783,-1033.20703
1185,20,-1216,1185.97839,22.8267365,-1216.20654
1224,20,-1029,1224.97839,32.55653,-1029.20654
1316,20,-886,1316.84229,52.5099792,-886.53894
1229,205,-1033,1229.84436,246.562469,-1033.53577
1224,20,-1029,1224.83179,36.5507469,-1029.55505
1351,20,-709,1351.97827,58.1721382,-709.206848
1322,206,-881,1322.9823,243.62059,-881.187073
1316,20,-886,1316.97839,48.819767,-886.206482
1420,20,-533,1420.9314,103.575783,-533.363953
1355,207,-704,1355.92542,295.843597,-704.378906
1351,20,-709,1351.92773,133.069626,-709.37323
1516,20,-379,1516.84143,196.56543,-379.540344
1421,208,-534,1421.84412,409.987488,-534.536072
1420,20,-533,1420.84473,162.039017,-533.535156
1191,203,-1224,1191.97839,229.12822,-1224.20667
1229,205,-1033,1229.97827,234.987808,-1033.20703
1288,3598,-1376,1288.97827,3636.17261,-1376.20703
1288,3598,-1376,1288.8833,3611.40503,-1376.46875
1421,208,-534,1421.8833,214.575882,-534.46875
1516,400,-380,1516.88623,411.691833,-380.463165
1288,3598,-1376,1288.92932,3617.46924,-1376.36914
1355,207,-704,1355.93127,212.338623,-704.364258
1421,208,-534,1421.92944,217.783737,-534.368835
1288,3598,-1376,1288.98132,3657.52588,-1376.19177
1322,206,-881,1322.9823,248.207886,-881.187073
1355,207,-704,1355.9823,233.974915,-704.187134
1288,3598,-1376,1288.84436,3612.34448,-1376.53577
1229,205,-1033,1229.85242,213.806885,-1033.52283
1322,206,-881,1322.84937,211.801514,-881.527771
1603,20,504,1603.99402,42.2485428,503.891266
1612,197,510,1612.99512,228.894043,509.901306
1563,200,18,1563.995,241.43428,17.9005051
905,208,1319,905.860718,228.709717,1319.50879
1006,209,1142,1006.86389,226.952972,1142.50366
991,20,1151,991.863586,45.6984787,1151.50391
1453,209,692,1453.75134,225.704727,692.659912
1612,197,510,1612.74622,213.443695,510.665649
1603,20,504,1603.74622,31.5529785,504.665619
1289,209,824,1289.61816,235.866959,824.78595
1453,209,692,1453.62793,240.363419,692.778137
1438,20,695,1438.63281,43.2673874,695.774231
1175,209,1010,1175.84937,223.477463,1010.52777
1289,209,824,1289.84412,222.101044,824.536072
1263,20,842,1263.84412,34.86866,842.536072
1006,209,1142,1006.60547,366.782776,1142.79578
1175,209,1010,1175.61365,372.49115,1010.78955
1151,20,1027,1151.61328,145.201599,1027.78979
1453,209,692,1453.7522,229.69957,692.658936
1603,20,504,1603.75537,34.4030685,504.655273
1438,20,695,1438.7511,31.8111286,695.660156
1289,209,824,1289.63281,272.324341,824.774231
1438,20,695,1438.63867,75.1701202,695.769409
1263,20,842,1263.63867,77.2146835,842.769348
1175,209,1010,1175.849,225.094788,1010.52826
1263,20,842,1263.84998,36.7059402,842.526794
1151,20,1027,1151.84949,32.5237961,1027.52759
1006,209,1142,1006.61328,296.777466,1142.78979
1151,20,1027,1151.61328,89.8399582,1027.78979
991,20,1151,991.613281,107.322571,1151.78979
905,208,1319,905.871582,239.238449,1319.49023
991,20,1151,991.871521,59.8256569,1151.49023
898,20,1320,898.876343,53.4788094,1320.48145
913,398,1318,913.860779,430.170868,1318.50879
1006,209,1142,1006.86371,216.057404,1142.50391
905,208,1319,905.863647,218.905319,1319.50391
850,208,1524,850.9646,235.04483,1524.26355
905,208,1319,905.964478,226.843887,1319.26367
898,20,1320,898.962646,45.4478912,1320.27039
823,208,1730,823.991028,248.627823,1730.13281
850,208,1524,850.991333,272.647919,1524.13135
819,20,1727,819.99115,63.1230736,1727.13257
747,208,1906,747.914673,249.849701,1906.40417
823,208,1730,823.910645,226.857132,1730.41309
744,20,1902,744.914612,58.2162552,1902.4043
693,209,2106,693.962585,262.654114,2106.27051
747,208,1906,747.9646,265.084045,1906.26355
721,20,1988,721.964478,55.7389145,1988.26355
721,20,1988,721.969482,65.9524612,1988.24512
747,208,1906,747.964539,273.090302,1906.26367
744,20,1902,744.9646,78.0734863,1902.26367
544,209,2656,544.962646,262.476624,2656.27051
693,209,2106,693.962585,296.127472,2106.27051
721,20,1988,721.964478,89.2122955,1988.26355
544,209,2656,544.964539,214.930435,2656.26367
563,369,2688,563.964539,379.197266,2688.26367
693,209,2106,693.9646,218.532837,2106.26367
850,208,1524,850.964844,239.293198,1524.26282
898,20,1320,898.964539,49.6185837,1320.26367
844,20,1524,844.964539,48.3643532,1524.26367
819,20,1727,819.993103,51.1095505,1727.11694
850,208,1524,850.991089,255.69458,1524.13281
844,20,1524,844.992126,62.1727066,1524.12488
744,20,1902,744.914612,56.0830956,1902.4043
823,208,1730,823.914612,227.455963,1730.4043
819,20,1727,819.914612,39.9186897,1727.4043
823,208,1730,823.99115,213.070877,1730.13245
913,398,1318,913.99115,406.517792,1318.13257
850,208,1524,850.991333,215.983612,1524.13135
693,209,2106,693.9646,214.959366,2106.26367
563,369,2688,563.964539,375.62381,2688.26367
747,208,1906,747.964539,215.188568,1906.26355
747,208,1906,747.969421,219.360611,1906.24512
563,369,2688,563.969482,380.262451,2688.24512
913,398,1318,913.969788,412.202637,1318.2439
-1046,953,-1756,-1046.8833,967.447449,-1756.46875
-1400,213,-1015,-1400.87646,229.166779,-1015.48132
-1318,216,-1164,-1318.87756,234.599136,-1164.47937
-1046,953,-1756,-1046.84949,997.930847,-1756.52759
-1728,203,-604,-1728.85815,236.992767,-604.513367
-1636,206,-757,-1636.85522,283.112915,-757.51825
87,209,2611,87.4133072,214.33902,2611.9104
-513,20,2853,-512.574707,20.4947662,2853.90503
-497,194,2882,-496.587372,198.949524,2882.91089
-513,20,2853,-513.075195,25.8582115,2853.99707
-690,194,2869,-690.075195,204.472702,2869.99707
-497,194,2882,-497.075104,203.344727,2882.99707
-1867,208,2157,-1867.97815,216.184128,2157.20703
-1821,204,2366,-1821.97913,215.54071,2366.20215
-1844,20,2159,-1844.98132,28.3166637,2159.19189
-700,20,2839,-700.261719,26.2558613,2839.96509
-882,194,2820,-882.261719,203.783859,2820.96509
-690,194,2869,-690.261719,202.827759,2869.96509
-1075,20,2809,-1074.87537,25.0672188,2809.99219
-1074,194,2843,-1073.8678,204.627823,2843.99121
-882,194,2820,-881.901306,204.252533,2820.99512
-1075,20,2809,-1075.26855,25.1022148,2809.96313
-1267,194,2791,-1267.26929,200.439682,2791.96289
-1074,194,2843,-1074.26855,203.023621,2843.96313
-1637,20,2765,-1636.96179,29.2283764,2765.99927
-1844,194,2790,-1843.95801,202.785202,2790.99902
-1459,194,2778,-1458.95703,202.342163,2778.99902
-700,20,2839,-700.086914,25.8881626,2839.99609
-690,194,2869,-690.075806,202.029358,2869.99707
-513,20,2853,-513.097656,23.6179008,2853.99512
-887,20,2788,-887.275452,25.5869942,2788.96118
-882,194,2820,-882.26178,203.691147,2820.96509
-700,20,2839,-700.261719,26.4457092,2839.96509
-1075,20,2809,-1074.89197,25.1638565,2809.99414
-882,194,2820,-881.875305,204.490356,2820.99219
-887,20,2788,-886.885376,27.0957699,2788.99341
-1262,20,2756,-1262.28223,24.6964703,2756.95923
-1267,194,2791,-1267.28223,200.228378,2791.95923
-1075,20,2809,-1075.28223,24.9459171,2809.95923
-1449,20,2742,-1449.08728,24.8263588,2742.99609
-1267,194,2791,-1267.08728,196.279419,2791.99609
-1262,20,2756,-1262.07593,20.8456726,2756.99707
-1637,20,2765,-1636.8678,24.9015045,2765.99121
-1459,194,2778,-1458.8833,199.069321,2778.99316
-1449,20,2742,-1448.86816,27.2023964,2742.99121
-1074,194,2843,-1074.06055,199.091934,2843.99805
-1863,370,2831,-1863.06116,374.886993,2831.99805
-482,369,2911,-482.061401,374.222168,2911.99805
-1852,199,2579,-1852.99902,206.498108,2579.04248
-1844,194,2790,-1844.99902,199.882034,2790.04297
-1824,20,2750,-1824.99915,24.9163475,2750.04077
-1821,204,2366,-1821.99011,214.256912,2365.86035
-1852,199,2579,-1852.99023,208.779465,2578.8606
-1831,20,2553,-1831.99023,30.5407753,2552.8606
-1870,68,1574,-1870.99915,75.6147232,1574.04041
-1864,20,1568,-1864.99915,24.7994442,1568.04077
-1871,20,1371,-1871.99902,27.1334629,1371.04309
-1955,20,999,-1955.92053,106.468658,999.390381
-1955,110,1002,-1955.92053,216.060822,1002.3905
-1882,69,1168,-1882.92542,113.052727,1168.37878
-1852,199,2579,-1852.99902,206.485001,2579.04248
-1824,20,2750,-1824.99915,24.9032459,2750.04077
-1831,20,2553,-1831.99902,27.2372646,2553.04321
-1821,204,2366,-1821.98816,213.235184,2365.84668
-1831,20,2553,-1831.98816,29.4799614,2552.84668
-1799,20,2356,-1799.98914,30.2578087,2355.85352
-1844,20,2159,-1844.97632,27.2413845,2159.21582
-1821,204,2366,-1821.97839,214.122299,2366.20654
-1799,20,2356,-1799.97827,31.1642494,2356.20703
-1955,20,999,-1955.91492,78.7107773,999.403625
-1882,69,1168,-1882.91455,98.3845978,1168.40417
-1883,20,1164,-1883.92542,55.5176849,1164.37878
-1996,20,817,-1996.97437,218.577179,817.224609
-1955,110,1002,-1955.97827,471.041534,1002.20697
-1955,20,999,-1955.97437,335.045685,999.224304
-137,-120,1087,-137.749405,11118.3271,1086.33789
-138,20,1088,-138.749619,12056.9658,1087.33813
-263,-73,1229,-263.749512,13513.5879,1228.33801
-491,20,879,-491.304108,146.979889,879.952637
-651,167,830,-651.310608,397.855042,830.9505
-484,158,883,-484.301147,362.340515,883.953552
-1094,20,582,-1094.43494,6405.00439,582.900452
-1084,193,587,-1084.43164,7019.38574,587.901978
-947,20,654,-947.42572,6616.19824,654.904846
-1253,20,527,-1253.32239,232.465881,527.946594
-1247,202,530,-1247.32239,427.770721,530.946594
-1094,20,582,-1094.32239,279.74823,582.946594
-309,-101,968,-309.440796,301.865784,968.897583
-491,20,879,-491.440063,430.886841,879.897888
-305,20,971,-305.440094,682.854187,971.897949
-502,-82,874,-502.322235,-28.7726765,874.946655
-669,20,821,-669.308533,77.7265549,821.951172
-491,20,879,-491.322235,41.8136024,879.946655
-819,-52,745,-819.466797,420.928345,745.884277
-819,20,746,-819.466797,851.621094,746.884338
-669,20,821,-669.467285,723.683777,821.884094
-1097,-22,581,-1097.4248,333.812042,581.905273
-1094,20,582,-1094.43494,180.616714,582.900452
-947,20,654,-947.42572,192.349686,654.904846
-309,-101,968,-309.575043,358.103363,968.818115
-138,20,1088,-138.575027,994.141113,1088.81812
-137,-120,1087,-137.561066,342.84668,1087.82776
-502,-82,874,-502.440216,243.063293,874.897888
-491,20,879,-491.440063,122.743729,879.897949
-309,-101,968,-309.440063,-4.40390587,968.897949
-669,20,821,-669.308533,71.259613,821.951172
-651,167,830,-651.311218,226.266251,830.950317
-491,20,879,-491.322235,35.8363037,879.946655
-669,-67,820,-669.307678,396.445038,820.951477
-669,20,821,-669.308472,842.374268,821.951233
-502,-82,874,-502.299011,697.407288,874.954224
-819,-52,745,-819.466797,420.987152,745.884277
-669,20,821,-669.467285,723.742615,821.884094
-669,-67,820,-669.466797,293.108704,820.884338
-948,-37,654,-948.585938,437.359802,654.810181
-819,20,746,-819.572266,618.070679,746.820007
-819,-52,745,-819.585938,219.217194,745.810242
-1097,-22,581,-1097.42468,392.066986,581.905334
-947,20,654,-947.425842,216.703918,654.904785
-948,-37,654,-948.429688,406.329712,654.902954
-1094,20,582,-1094.3396,136.81633,582.940552
-1247,202,530,-1247.32349,301.119019,530.946228
-1084,193,587,-1084.32312,307.514435,587.94635
-1250,-9,529,-1250.32349,75.891861,529.946228
-1094,20,582,-1094.32227,80.3837891,582.946594
-1097,-22,581,-1097.31934,81.8758087,581.947632
-1393,5,457,-1393.44629,475.397247,457.894775
-1253,20,527,-1253.4668,355.87149,527.884216
-1250,-9,529,-1250.46716,568.688538,529.884155
-1393,5,457,-1393.44629,475.514893,457.894775
-1396,20,456,-1396.44824,693.390625,456.893768
-1253,20,527,-1253.4668,355.989136,527.884216
-160,-303,1037,-160.579712,-200.706802,1037.81482
-311,-330,929,-311.576416,-173.376419,929.817139
-293,-137,943,-293.575195,-82.0858231,943.817993
-311,-330,929,-311.440094,-294.811188,929.897888
-488,-154,845,-488.441956,-146.414398,845.897034
-293,-137,943,-293.440063,-134.636246,943.897949
-855,20,-1581,-855.061401,25.4174747,-1581.99805
-797,-286,-1529,-797.062073,-280.726929,-1529.99805
-239,-133,-1591,-239.061951,-128.195374,-1591.99805
1316,20,-886,1316.97839,25.0652008,-886.206726
1320,-135,-712,1320.98132,-131.3396,-712.192078
1351,20,-709,1351.98132,26.3090096,-709.192078
1420,20,-533,1420.92737,25.342907,-533.374023
1391,-139,-528,1391.93127,-134.959839,-528.364197
1455,-141,-364,1455.92639,-136.237274,-364.376343
1224,20,-1029,1224.94702,27.6639957,-1029.32117
1182,-132,-1093,1182.94702,-122.180504,-1093.32104
1247,-133,-899,1247.94592,-124.755051,-899.324219
-1182,20,1211,-1181.09521,400.624146,1210.57422
-1262,63,1037,-1261.09619,439.89566,1036.57214
-1260,20,1041,-1259.09436,493.439484,1040.57605
-1474,20,542,-1473.07874,213.289581,541.611084
-1406,143,700,-1405.08484,423.11557,699.596924
-1477,206,531,-1476.07874,491.091156,530.611084
-1474,20,542,-1473.08472,188.657562,541.597229
-1477,206,531,-1476.08862,457.895569,530.58844
-1541,220,383,-1540.08374,511.662781,382.599426
-448,75,2251,-448.937256,108.593765,2250.65137
-461,75,2286,-461.937347,103.875465,2285.65161
-447,20,2254,-447.933472,45.2636642,2253.64136
-455,-210,2306,-455.374939,-194.149796,2305.073
-457,-107,2299,-457.376678,-83.768074,2298.07373
-498,-111,2316,-498.370728,-91.6783218,2315.07129
-444,-199,2263,-444.963806,-169.84993,2262.7334
-457,-107,2299,-457.963806,-82.4958115,2298.7334
-455,-210,2306,-455.9646,-185.404739,2305.73633
-476,-111,2229,-475.776093,-96.5870972,2229.97461
-525,-196,2235,-524.78418,-176.081512,2235.97632
-521,-107,2240,-520.78418,-90.538414,2240.97632
-498,-111,2316,-497.31839,-34.7297935,2315.26831
-533,-107,2284,-532.320312,-50.1954041,2283.2666
-531,-210,2288,-530.331482,-163.723663,2287.25635
-531,-210,2288,-530.247192,-196.402008,2287.3418
-503,-275,2327,-502.256042,-262.046692,2326.33179
-501,-210,2321,-500.256042,-189.030548,2320.33179
-455,-210,2306,-455.958771,-202.986252,2305.71582
-435,-250,2257,-435.956635,-238.418991,2256.70874
-444,-199,2263,-444.956787,-190.773849,2262.70923
-476,20,2232,-475.829468,131.236145,2232.98535
-521,-107,2240,-520.8125,41.9198685,2240.98218
-518,20,2241,-517.813354,224.623962,2241.98242
-521,-107,2240,-520.059631,-70.0813828,2240.34009
-531,20,2277,-530.059204,40.6886902,2277.33887
-518,20,2241,-517.059204,48.4081345,2241.33887
-498,20,2307,-497.31839,41.1433105,2306.26831
-533,-107,2284,-532.320496,-89.5552139,2283.26636
-498,-111,2316,-497.318634,-88.5707779,2315.26807
-457,-107,2299,-457.369568,-90.1467438,2298.0708
-498,20,2307,-498.375519,39.600811,2306.07324
-498,-111,2316,-498.374878,-98.3586121,2315.073
-447,20,2254,-447.94342,54.1394997,2253.66846
-460,20,2290,-460.944458,60.6740913,2289.67139
-445,-107,2260,-445.94342,-72.5961914,2259.66846
-444,-199,2263,-444.760406,-191.281891,2263.64941
-474,-242,2221,-474.759796,-230.943451,2221.65015
-474,-192,2230,-474.759796,-183.201569,2230.65015
-503,-275,2327,-503.322479,-261.069366,2326.05347
-455,-210,2306,-455.323944,-199.236069,2305.05396
-501,-210,2321,-501.322327,-191.117371,2320.05347
-529,-249,2222,-528.004822,-239.5112,2222.09766
-531,-210,2288,-530.004883,-195.996735,2288.09863
-525,-196,2235,-524.004822,-188.041214,2235.0979
-432,-287,2224,-432.322357,-282.291168,2224.94653
-475,-284,2212,-475.292877,-274.699371,2212.95605
-474,-242,2221,-474.298218,-233.736816,2221.95435
-508,-289,2197,-508.381897,-284.21463,2197.92407
-474,-242,2221,-474.374725,-233.861603,2221.927
-475,-284,2212,-475.375549,-274.592926,2212.92676
-503,-275,2327,-502.290161,-268.276642,2326.29565
-532,-332,2310,-531.300781,-325.072266,2309.28516
-507,-334,2335,-506.289185,-325.211365,2334.29663
-474,-324,2327,-474.20105,-315.724365,2326.02051
-503,-275,2327,-503.200745,-269.009338,2326.02051
-507,-334,2335,-507.200653,-325.569305,2334.02051
-474,-192,2230,-473.961761,-186.716537,2230.99927
-474,-242,2221,-473.961761,-235.403336,2221.99927
-529,-249,2222,-528.959961,-242.509155,2222.99902
-532,-263,2281,-531.001892,-229.947708,2281.06128
-531,-210,2288,-530.001892,-183.289673,2288.06128
-529,-249,2222,-528.001892,-238.699509,2222.06104
-498,-111,2316,-497.255829,-93.0252457,2315.33203
-531,-210,2288,-530.256958,-198.961594,2287.33081
-501,-210,2321,-500.255829,-189.446259,2320.33203
-455,-210,2306,-455.322388,-185.236435,2305.05347
-498,-111,2316,-498.319458,-80.12117,2315.05249
-501,-210,2321,-501.322327,-170.920456,2320.05347
-445,-107,2260,-445.953369,-56.3841934,2259.69824
-457,-107,2299,-457.953461,-65.7835999,2298.69849
-444,-199,2263,-444.956787,-149.188416,2262.70923
-457,-107,2299,-457.953613,-82.6789856,2298.69897
-445,-107,2260,-445.956635,-78.01371,2259.70874
-460,20,2290,-460.953461,53.3273392,2289.69849
-457,-107,2299,-457.408844,-92.3948212,2298.0874
-460,20,2290,-460.413513,37.5691986,2289.0896
-498,20,2307,-498.408844,37.215374,2306.0874
-498,20,2307,-497.334717,40.6923447,2306.25342
-531,20,2277,-530.321533,36.4549446,2276.26538
-533,-107,2284,-532.331177,-90.0281296,2283.25659
-525,-196,2235,-524.030029,-177.045547,2235.24316
-533,-107,2284,-532.030029,-90.888649,2284.24316
-521,-107,2240,-520.030029,-78.7494278,2240.24316
-476,-111,2229,-476.711975,30.1824856,2229.70215
-445,-107,2260,-445.711975,71.7532654,2260.70215
-474,-192,2230,-474.712494,-68.9585953,2230.70166
-476,20,2232,-476.710968,70.7251129,2232.70312
-445,-107,2260,-445.71106,-21.4100056,2260.70312
-476,-111,2229,-476.710968,-39.0521011,2229.70312
-476,20,2232,-475.776093,61.2007103,2232.97461
-476,-111,2229,-475.784454,-62.129715,2229.97632
-521,-107,2240,-520.758789,-52.7570992,2240.97046
-521,-107,2240,-520.03009,6375.83057,2240.24341
-533,-107,2284,-532.030029,2267.95581,2284.24316
-531,20,2277,-530.030029,3498.31836,2277.24316
-498,67,2304,-497.31839,87.2126465,2303.26831
-531,20,2277,-530.331177,39.7069206,2276.25659
-498,20,2307,-497.318634,43.9603806,2306.26807
-498,20,2307,-498.408844,37.6408272,2306.0874
-460,20,2290,-460.408844,38.0831985,2289.0874
-498,67,2304,-498.398193,83.7278976,2303.08276
-447,20,2254,-447.943268,44.3508797,2253.66797
-461,75,2286,-461.94342,101.932396,2285.66846
-460,20,2290,-460.943268,49.0084267,2289.66797
-518,20,2241,-517.073975,57.248539,2241.37744
-530,75,2274,-529.073975,112.789139,2274.37744
-516,79,2241,-515.074097,127.445702,2241.37769
-1225,20,2235,-1224.11572,25.3772221,2234.5332
-1212,20,2259,-1211.11572,28.3693504,2258.5332
-1187,331,2174,-1186.11572,340.282349,2173.5332
-1172,-326,2258,-1172.99805,-198.589523,2257.93774
-1173,-234,2256,-1173.99805,-61.3143044,2255.93774
-1176,-239,2300,-1176.99707,-77.4241104,2299.92358
-1211,-327,2232,-1210.51062,-172.961548,2232.87207
-1249,-239,2254,-1248.51172,-122.15741,2254.87256
-1210,-234,2232,-1209.51855,-96.1866379,2232.87646
-1246,-235,2297,-1245.00391,-216.403763,2296.91187
-1249,-239,2254,-1248.00293,-212.572342,2253.92358
-1251,-327,2299,-1250.00293,-307.113739,2298.92358
-1214,-328,2322,-1213.44458,-285.223938,2321.16846
-1213,-234,2320,-1212.42883,-196.963547,2319.1792
-1246,-235,2297,-1245.4292,-200.101089,2296.17896
-1176,-239,2300,-1176.47961,-180.770203,2299.12256
-1213,-234,2320,-1213.4801,-203.946564,2319.1228
-1214,-328,2322,-1214.46741,-275.876923,2321.11597
-1176,-239,2300,-1176.99707,-152.170609,2299.92358
-1173,-234,2256,-1173.99707,-139.619446,2255.92358
-1178,-59,2297,-1178.99707,34.3700867,2296.92358
-1207,-51,2234,-1207.54004,966.164062,2234.84155
-1173,-234,2256,-1173.53442,1577.24219,2256.84521
-1210,-234,2232,-1210.53711,859.58667,2232.84351
-1246,-235,2297,-1245.00391,-179.872711,2296.91187
-1246,-59,2256,-1245.00293,-11.4675989,2255.92358
-1249,-239,2254,-1248.00391,-160.277161,2253.91187
-1246,-235,2297,-1245.42603,-187.333984,2296.18115
-1213,-234,2320,-1212.44141,-183.841599,2319.17065
-1240,-51,2296,-1239.44165,3.02310014,2295.17041
-1178,-59,2297,-1178.47949,-5.92353392,2296.12256
-1213,-234,2320,-1213.4801,-223.575256,2319.1228
-1176,-239,2300,-1176.47961,-200.783249,2299.12256
-1216,-373,2330,-1215.34668,-366.884155,2329.24292
-1214,-328,2322,-1213.33984,-325.527466,2321.24902
-1251,-373,2300,-1251,-373,2300
-1173,-328,2303,-1173.41138,-62.2520676,2302.08862
-1214,-328,2322,-1214.4115,-154.947647,2321.08862
-1170,-373,2302,-1170.4115,-147.8685,2301.08862
-1159,-372,2253,-1159.97461,-352.250946,2252.77612
-1173,-328,2303,-1173.97449,-304.441803,2302.77563
-1170,-373,2302,-1170.97449,-359.428284,2301.77563
-1252,-327,2250,-1251.59619,-309.428741,2250.91479
-1249,-239,2254,-1248.5874,-222.96933,2254.91089
-1211,-327,2232,-1210.59619,-306.02536,2232.91479
-1251,-327,2299,-1250.00098,-290.026672,2298.95605
-1249,-239,2254,-1248.00098,-190.748627,2253.95605
-1252,-327,2250,-1251.00098,-290.657806,2249.95605
-1214,-328,2322,-1213.47168,-305.200104,2321.15112
-1246,-235,2297,-1245.47229,-216.433182,2296.15063
-1251,-327,2299,-1250.48145,-309.692108,2298.14502
-1176,-239,2300,-1176.42407,-216.653076,2299.09448
-1214,-328,2322,-1214.42676,-308.519379,2321.0957
-1173,-328,2303,-1173.41418,-301.752563,2302.08984
-1172,-326,2258,-1172.99902,-298.126007,2257.95605
-1176,-239,2300,-1176.99902,-203.606796,2299.95605
-1173,-328,2303,-1173.99902,-286.580078,2302.95605
-1210,-234,2232,-1210.57227,389.792023,2232.81982
-1172,-326,2258,-1172.57239,328.303711,2258.81982
-1211,-327,2232,-1211.57227,753.702515,2232.81982
-1170,-373,2302,-1170.53442,-365.224365,2301.15479
-1214,-328,2322,-1214.52173,-320.247742,2321.14697
-1216,-373,2330,-1216.52734,-364.752899,2329.15039
-1251,-373,2300,-1250.47656,-306.05719,2299.14795
-1214,-328,2322,-1213.48145,-237.049515,2321.14502
-1251,-327,2299,-1250.47192,-251.78096,2298.15088
-1251,-327,2299,-1250.00098,-321.685089,2298.95605
-1252,-327,2250,-1251.00098,-322.049957,2249.95605
-1261,-373,2248,-1260.00098,-366.393127,2247.95605
-1261,-373,2248,-1260.60974,-365.477142,2248.92065
-1252,-327,2250,-1251.60278,-324.28183,2250.91772
-1211,-327,2232,-1210.60278,-322.987122,2232.91772
-1143,-418,2281,-1143.73254,-409.18985,2280.31934
-1170,-373,2302,-1170.73279,-364.74469,2301.31958
-1167,-418,2306,-1167.71582,-407.230682,2305.30176
-1247,-419,2225,-1247.20569,-341.903503,2225.97852
-1210,-373,2233,-1210.2052,-305.570435,2233.97852
-1213,-419,2232,-1213.20569,-337.063141,2232.97852
-1245,-419,2332,-1244.03491,-402.192413,2331.73828
-1251,-373,2300,-1250.03015,-365.604858,2299.75635
-1253,-419,2301,-1252.03491,-400.475128,2300.73828
-1253,-419,2301,-1252.19836,-401.098755,2300.40234
-1251,-373,2300,-1250.18994,-363.854675,2299.41382
-1278,-419,2267,-1277.19543,-404.237549,2266.40625
-1170,-373,2302,-1170.80908,-364.571869,2301.41235
-1192,-419,2340,-1192.80884,-408.029663,2339.41211
-1167,-418,2306,-1167.80945,-406.150146,2305.41284
-1210,-373,2233,-1209.80334,-348.929657,2233.98047
-1172,-419,2223,-1171.79395,-392.223846,2223.97852
-1213,-419,2232,-1212.79785,-387.71994,2232.97925
-1189,-12,2261,-1189.9823,1.16013062,2260.81274
-1185,-31,2247,-1185.9823,-15.2957993,2246.81274
-1186,20,2232,-1186.9823,37.3864136,2231.81274
-1210,-51,2319,-1210.57288,-0.763613045,2318.18042
-1178,-59,2297,-1178.57288,3.12111688,2296.18042
-1202,20,2312,-1202.55688,61.6466026,2311.16943
-1229,-19,2247,-1228.51855,153.907394,2247.87646
-1207,-51,2234,-1206.50977,52.0203896,2234.87158
-1246,-59,2256,-1245.51855,68.5034027,2256.87646
-1189,-12,2261,-1189.98425,5.72095823,2260.82324
-1186,20,2232,-1186.9823,43.2121887,2231.81274
-1189,20,2249,-1189.98535,43.0150261,2248.82959
-1210,-51,2319,-1210.55762,-2.52942371,2318.16992
-1202,20,2312,-1202.55688,59.9376602,2311.16943
-1229,20,2330,-1229.55725,79.2048492,2329.16968
-1262,20,2274,-1261.4198,35.6215172,2274.81445
-1229,-19,2247,-1228.41211,-0.538558483,2247.80884
-1246,-59,2256,-1245.41211,-45.5180206,2256.80884
-1237,20,2258,-1236.47168,26.7307396,2258.84888
-1229,-19,2247,-1228.47168,-9.70548153,2247.84888
-1262,20,2274,-1261.47192,28.412468,2274.84912
-1333,433,2374,-1332.47656,441.908142,2374.85205
-1237,20,2258,-1236.46387,27.7300358,2258.84399
-1262,20,2274,-1261.47656,29.7888775,2274.85205
-505,144,2268,-504.911713,208.39444,2268.99609
-575,263,2277,-574.911743,337.352417,2277.99609
-554,273,2275,-553.912109,344.390289,2275.99609
1391,-139,-528,1391.93127,-133.616013,-528.364258
1351,20,-709,1351.92542,28.8614788,-709.378906
1320,-135,-712,1320.92761,-128.491867,-712.373535
1420,20,-533,1420.92542,25.4050217,-533.378906
1351,20,-709,1351.92542,27.5077877,-709.378906
1391,-139,-528,1391.92542,-134.909622,-528.378906
-365,-526,851,-365.575012,-520.061829,851.818115
-311,-330,929,-311.575043,-319.120667,929.818115
-179,-465,993,-179.575012,-458.413116,993.818115
-259,-1116,815,-259.599182,-1109.30713,815.800598
-375,-907,767,-375.608429,-896.903442,767.793579
-240,-956,858,-240.599197,-951.102661,858.800598
-311,-330,929,-311.561249,-324.542389,929.827637
-459,-340,825,-459.560974,-337.667786,825.82782
-488,-154,845,-488.560974,-153.130524,845.82782
-375,-907,767,-375.599182,-901.326965,767.800598
-445,-1094,674,-445.608246,-1092.69385,674.793701
-515,-899,663,-515.609375,-897.416443,663.792847
-459,-340,825,-459.561066,-334.537018,825.827759
-628,-168,749,-628.556641,-161.045898,749.83075
-488,-154,845,-488.560913,-150.059677,845.82782
-515,-899,663,-515.613281,-894.065247,663.789856
-624,-1073,539,-624.613281,-1066.51697,539.789795
-652,-892,562,-652.613281,-886.63562,562.789795
-600,-349,727,-600.556641,-343.849396,727.83075
-761,-181,657,-761.556641,-177.001083,657.83075
-628,-168,749,-628.553711,-162.862381,749.832703
-624,-1073,539,-624.613281,-1068.0907,539.789795
-801,-884,452,-801.611328,-880.754944,452.791351
-652,-892,562,-652.613281,-888.209351,562.789795
-365,-526,851,-365.561035,-520.22229,851.827759
-459,-340,825,-459.560974,-332.707642,825.82782
-311,-330,929,-311.561127,-319.404907,929.827698
-540,-531,727,-540.556641,-525.651184,727.83075
-600,-349,727,-600.572266,-340.82254,727.820007
-459,-340,825,-459.560974,-333.273468,825.827759
-706,-536,610,-706.556641,-530.992493,610.83075
-734,-358,633,-734.572266,-354.269592,633.820007
-600,-349,727,-600.556702,-343.34848,727.830688
-198,-617,951,-198.575027,-610.730408,951.818054
-365,-526,851,-365.575012,-519.591553,851.818115
-179,-465,993,-179.575089,-457.950256,993.818054
-373,-714,806,-373.575134,-708.133118,806.818054
-540,-531,727,-540.572327,-522.670471,727.820007
-365,-526,851,-365.575012,-517.695862,851.818115
-531,-713,693,-531.579163,-707.752686,693.815186
-706,-536,610,-706.572327,-531.229309,610.820007
-540,-531,727,-540.579102,-528.283569,727.815247
-679,-713,586,-679.586426,-708.208069,586.809998
-833,-712,475,-833.583252,-707.138794,475.812286
-706,-536,610,-706.585999,-530.385437,610.810303
-218,-779,907,-218.587097,-772.501404,907.809509
-373,-714,806,-373.575195,-712.434082,806.817993
-198,-617,951,-198.583115,-612.846436,951.812378
-375,-907,767,-375.587097,-901.092163,767.809509
-531,-713,693,-531.585999,-709.210388,693.810242
-373,-714,806,-373,-714,806
-531,-713,693,-531.585938,-708.10321,693.810303
-652,-892,562,-652.585938,-888.471191,562.810303
-679,-713,586,-679.590027,-709.375366,586.807373
-652,-892,562,-652.609375,-887.054749,562.792847
-801,-884,452,-801.607422,-879.583923,452.794342
-679,-713,586,-679.613281,-708.013672,586.789856
-375,-907,767,-375.599182,-901.05542,767.800598
-373,-714,806,-373,-714,806
-218,-779,907,-218.599197,-776.026306,907.800537
-179,-465,993,-179.56189,-458.774719,993.827209
-311,-330,929,-311.560944,-319.252106,929.82782
-160,-303,1037,-160.568161,-295.410828,1037.82288
-375,-907,767,-375.608429,-900.29895,767.793579
-218,-779,907,-218.599274,-775.650208,907.800537
-240,-956,858,-240.599197,-954.49823,858.800598
-259,-1116,815,-259.613281,-1109.89453,815.789856
-445,-1094,674,-445.613403,-1089.43994,674.789734
-375,-907,767,-375.613281,-897.702942,767.789856
-373,-714,806,-373.575012,-708.277649,806.818115
-365,-526,851,-365.575043,-517.784668,851.818054
-198,-617,951,-198.575043,-608.957642,951.818115
-365,-526,851,-365.575012,-520.498901,851.818115
-540,-531,727,-540.572327,-525.464905,727.820007
-459,-340,825,-459.575012,-333.051697,825.818115
-459,-340,825,-459.56134,-334.755951,825.827576
-600,-349,727,-600.556641,-342.343353,727.83075
-628,-168,749,-628.572266,-161.375183,749.820007
-373,-714,806,-373.599182,-708.708496,806.800598
-531,-713,693,-531.589966,-702.812195,693.807373
-540,-531,727,-540.58606,-523.361145,727.810242
-540,-531,727,-540.572327,-525.776428,727.820007
-706,-536,610,-706.572327,-528.719482,610.820007
-600,-349,727,-600.572693,-341.008759,727.819763
-600,-349,727,-600.55719,-344.138489,727.830383
-734,-358,633,-734.556641,-355.056702,633.830688
-761,-181,657,-761.572388,-177.267944,657.819946
-375,-907,767,-375.608246,-901.437439,767.793701
-515,-899,663,-515.60553,-897.349792,663.795776
-531,-713,693,-531.591431,-709.409973,693.806335
-531,-713,693,-531.58667,-708.121216,693.809814
-679,-713,586,-679.585999,-709.383667,586.810303
-706,-536,610,-706.585999,-531.572083,610.810303
-706,-536,610,-706.556641,-530.992493,610.83075
-875,-367,535,-875.556641,-361.938721,535.83075
-734,-358,633,-734.572266,-354.269592,633.820007
-761,-181,657,-761.556641,-176.018677,657.83075
-734,-358,633,-734.556641,-353.826843,633.83075
-899,-195,562,-899.556641,-188.697205,562.83075
-515,-899,663,-515.60553,-893.438354,663.795776
-652,-892,562,-652.585999,-885.986145,562.810303
-531,-713,693,-531.591431,-705.498535,693.806335
-445,-1094,674,-445.624359,-1088.59338,674.781067
-624,-1073,539,-624.618286,-1065.67859,539.78595
-515,-899,663,-515.614624,-893.245667,663.788818
-1869,116,1774,-1869.99902,123.599152,1774.0415
-1858,20,1765,-1858.99902,30.9972897,1765.04187
-1870,68,1574,-1870.99915,75.9573669,1574.04041
-1868,163,1968,-1868.99902,170.572769,1968.04297
-1851,20,1962,-1851.99902,29.6680298,1962.04297
-1869,116,1774,-1869.99902,124.604919,1774.0415
-1867,208,2157,-1867.99915,215.549988,2157.04102
-1844,20,2159,-1844.99915,27.7391376,2159.04053
-1868,163,1968,-1868.99902,170.977905,1968.04297
-1868,163,1968,-1868.99902,170.569748,1968.04297
-1844,20,2159,-1844.99915,27.3309879,2159.04053
-1851,20,1962,-1851.99902,29.6650066,1962.04297
-1869,116,1774,-1869.99902,123.587059,1774.0415
-1851,20,1962,-1851.99902,28.6501713,1962.04297
-1858,20,1765,-1858.99902,30.9851971,1765.04187
-1870,68,1574,-1870.99915,75.6066666,1574.04041
-1858,20,1765,-1858.99902,30.6465836,1765.04187
-1864,20,1568,-1864.99915,24.7913818,1568.04077
-1373,120,1514,-1373.86389,125.129318,1513.49634
-1368,88,1520,-1368.86389,88.3182373,1519.49634
-1100,-98,1138,-1100.86389,-93.4289474,1137.49634
-1465,132,1625,-1465.74341,177.392807,1624.33118
-1490,101,1653,-1490.73438,162.665985,1652.32129
-1368,88,1520,-1368.74329,120.670105,1519.33105
-1501,114,1674,-1501.18567,153.001114,1673.01746
-1326,252,1637,-1326.18579,316.036682,1636.01746
-1512,135,1675,-1512.19531,192.211975,1674.01929
-1778,-65,1963,-1777.30176,650.313477,1962.28418
-1800,8,1942,-1799.30188,274.158295,1941.28406
-1830,0,1913,-1830,0,1913
-1655,95,1815,-1655.67883,100.037712,1814.26575
-1775,-33,1965,-1775,-33,1965
-1642,65,1812,-1642.68005,67.0499039,1811.26685
-1642,65,1812,-1642.67773,70.0916367,1811.26477
-1583,118,1745,-1583.66699,122.790039,1744.255
-1655,95,1815,-1655.67834,103.12159,1814.26526
-1247,202,530,-1247.33887,206.901062,530.940796
-1250,265,543,-1250.33887,272.700806,543.940796
-1084,193,587,-1084.33899,198.803589,587.940735
-1247,202,530,-1247.47949,206.899719,530.877441
-1391,198,452,-1391.47168,203.478867,452.881653
-1250,265,543,-1250.47998,272.608826,543.877258
