418,-72,-451,417.173828,-50.3299408,-451.563416
428,-68,-465,427.173523,-60.2617683,-465.562958
416,-59,-449,415.171448,-38.7430801,-449.559906
428,-68,-465,427.097198,-60.4794312,-464.569946
411,-71,-499,410.097198,-58.4845161,-498.569946
410,-57,-498,409.097229,-48.5615311,-497.569885
-378,-51,-234,-377.620392,214.093063,-234.92514
-338,-151,-217,-337.620636,45.61446,-217.925247
-342,-39,-219,-341.621979,136.461288,-219.925797
-342,-39,-219,-341.601166,-1.68432355,-219.917023
-304,-151,-199,-303.601166,-111.388649,-199.917023
-306,-57,-202,-305.601349,-39.3070374,-202.917099
-284,-52,-233,-284.719238,182.511398,-232.305237
-294,-151,-244,-294.719147,74.0397034,-243.305145
-324,-151,-275,-324.719208,74.1397018,-274.305206
-284,-52,-233,-284.719208,24.9883289,-232.305206
-324,-151,-275,-324.719086,-77.1347351,-274.305084
-316,-42,-265,-316.719116,30.5730648,-264.305115
-316,-42,-265,-316.405914,-23.2157764,-264.08609
-324,-151,-275,-324.405975,-133.295273,-274.086121
-351,-46,-281,-351.405975,-28.1934738,-280.086121
-305,-111,119,-304.178467,-103.763687,119.57016
-367,-104,211,-366.180573,-94.9183121,211.573181
-294,-85,110,-293.178467,-75.2010498,110.570152
-114,-135,-254,-113.465843,-105.888611,-253.154617
-180,-134,-213,-179.472275,-107.668701,-212.150589
-178,-94,-212,-177.47226,-52.3441467,-211.150604
-178,-94,-212,-177.091675,-72.5013885,-211.581741
-180,-134,-213,-179.091644,-120.350479,-212.581802
-194,-134,-183,-193.09166,-120.357025,-182.581772
-188,-81,-164,-188.486404,-63.2535172,-164.873734
-156,-134,-179,-156.486923,-108.65654,-179.873444
-158,-103,-179,-158.486389,-91.2439499,-179.873734
-158,-84,-187,-158.621475,-78.1694717,-187.783432
-191,-60,-166,-191.616516,-54.0870857,-166.787338
-188,-81,-164,-188.615738,-74.1667862,-164.787949
-158,-103,-179,-158.531006,-86.0174255,-179.847366
-156,-134,-179,-156.531494,-104.183022,-179.847061
-90,-136,-220,-90.5322647,-112.693436,-220.846573
-639,0,1066,-639.818665,5.42148829,1066.57422
-737,138,969,-737.829346,144.609222,969.558533
-653,141,1089,-653.829346,142.836884,1089.55859
-558,495,-1232,-558.794373,518.484924,-1232.60742
-670,492,-1088,-670.794189,520.161011,-1088.60742
-641,110,-1099,-641.78833,123.867279,-1099.61523
-131,490,-1299,-130.923431,495.119293,-1299.99695
-358,490,-1318,-357.911713,495.922729,-1318.99609
-343,199,-1260,-342.923523,204.503128,-1260.99707
109,515,1216,109.061562,520.264832,1216.99805
324,478,1197,324.042694,485.709442,1197.99902
311,270,1159,311.060455,280.512604,1159.99817
-682,473,1140,-682.788818,479.148804,1140.61462
-653,141,1089,-653.794373,146.303345,1089.60742
-781,461,1008,-781.794983,469.129303,1008.60663
437,454,1126,437.510315,460.76123,1126.85999
346,155,1129,346.505341,163.173798,1129.86292
324,478,1197,324.508606,482.625214,1197.86096
1393,452,293,1393.92676,456.920441,292.624359
1329,445,130,1329.93042,448.891144,129.633514
1330,138,306,1330.93457,142.923264,305.644226
1339,133,-518,1339.92542,141.096939,-518.378906
1364,143,-460,1364.92053,147.161484,-460.390533
1374,458,-533,1374.9176,464.446167,-533.3974
626,123,-1206,626.124268,127.963951,-1206.99219
641,433,-1265,641.123291,440.400574,-1265.99231
518,483,-1290,518.115234,487.756897,-1290.99329
-1178,137,-503,-1178.88037,144.533401,-503.474213
-1220,456,-512,-1220.8833,461.019043,-512.46875
-1291,446,-378,-1291.88611,450.791565,-378.463226
-1178,0,-503,-1178.88037,14.9748278,-503.474274
-1273,137,-352,-1273.87329,155.917297,-352.487183
-1269,0,-340,-1269.88025,10.524394,-340.474274
-1536,466,-149,-1536.50586,474.41095,-149.862549
-1354,137,-210,-1354.50586,142.479385,-210.862564
-1372,462,-244,-1372.50586,468.108612,-244.862595
-1354,-2,-210,-1354.61914,13.1903868,-210.785248
-1445,137,-150,-1445.61914,149.089432,-150.785202
-1445,0,-139,-1445.61914,15.9995117,-139.785263
-897,457,902,-897.362305,463.837097,902.932007
-867,140,864,-867.367615,144.841309,864.929932
-1007,460,860,-1007.36334,469.157806,860.931641
-859,0,853,-859.292053,10.7313471,853.95636
-980,137,831,-980.291992,157.73291,831.956299
-867,140,864,-867.282349,151.43721,864.95929
1383,180,469,1383.23438,211.802124,469.972137
1426,-7,452,1426.23462,11.3629341,452.972076
1200,-7,507,1200.23438,-2.12493515,507.972137
870,137,862,870.63446,143.337341,862.772949
1014,422,800,1014.64459,430.65274,800.764526
999,137,754,999.632812,140.305313,754.77417
1212,137,522,1212.73364,144.621201,522.679504
1200,-7,507,1200.73157,-6.18162918,507.681732
1097,0,622,1097.73352,7.9459939,622.679626
530,132,1074,530.098633,144.275497,1074.99512
480,0,1069,480.086639,17.4742851,1069.99622
423,136,1086,423.097351,156.48735,1086.99524
1212,137,522,1212.6582,213.478119,522.752747
1097,0,622,1097.6582,82.0495071,622.752808
1089,137,632,1089.6582,249.060959,632.752747
1265,0,-33,1265.92932,9.62145805,-32.6307526
1284,135,-43,1284.92944,149.016602,-42.6310387
1338,0,-223,1338.93616,10.1773329,-222.648499
1264,-7,148,1264.99902,-0.100807793,147.955826
1282,125,138,1282.99988,127.890907,137.995804
1265,0,-33,1265.99902,6.81197739,-33.0425262
1312,-7,321,1312.96265,-0.225585923,320.729248
1330,138,306,1330.96265,147.80835,305.729248
1264,-7,148,1264.96265,1.39282215,147.729248
1264,-7,148,1264.9646,-0.670742691,147.736282
1330,138,306,1330.96265,145.68277,305.729248
1282,125,138,1282.96265,127.525154,137.729248
1265,0,-33,1265.99902,7.07684422,-33.0425262
1282,125,138,1282.99902,128.114914,137.955826
1284,135,-43,1284.99902,144.95961,-43.0425262
1338,0,-391,1338.99927,95.1121445,-390.962708
1338,137,-223,1338.99902,258.635162,-222.955826
1340,154,-385,1340.99927,294.24472,-384.962708
1160,110,-990,1160.80603,124.552429,-990.591614
1145,111,-1012,1145.80896,134.291748,-1012.58783
1136,-23,-1009,1136.80884,-3.9588151,-1009.58783
1157,473,-1016,1157.8092,502.452362,-1016.58746
1145,111,-1012,1145.80896,142.354156,-1012.58783
1160,110,-990,1160.80896,123.945259,-990.58783
1176,132,-671,1176.73193,140.09346,-671.681335
1276,121,-562,1276.73352,126.8881,-562.679626
1218,452,-682,1218.73352,459.469513,-682.679565
1149,0,-790,1149.99695,21.5003853,-790.076965
1148,125,-881,1148.99695,146.472244,-881.077148
1141,-23,-885,1141.99695,-5.8677845,-885.077026
1218,452,-682,1218.97046,459.099121,-682.241211
1148,128,-783,1148.97046,133.18779,-783.241211
1176,132,-671,1176.96948,140.244598,-671.245117
749,137,-1238,748.911743,145.0242,-1238.99609
765,446,-1277,764.923523,454.720367,-1277.99707
641,433,-1265,640.911133,438.712738,-1265.99597
804,102,-1142,804.677734,114.772682,-1142.73523
884,440,-1101,884.677917,450.253204,-1101.73511
823,436,-1157,823.677795,436.10498,-1157.73523
946,102,-1053,946.585938,287.944702,-1053.8103
945,430,-1056,945.585938,636.306152,-1056.8103
884,440,-1101,884.585999,682.002441,-1101.8103
946,102,-1053,946.130859,227.2715,-1053.99133
1031,452,-1044,1031.14465,674.520569,-1044.98938
945,430,-1056,945.144592,589.927124,-1056.98938
804,102,-1142,804.88324,115.179131,-1142.46875
823,436,-1157,823.892395,438.083374,-1157.45117
765,446,-1277,765.883301,459.772461,-1277.46863
1338,0,-391,1338.9209,41.263485,-390.610199
1340,154,-385,1340.92053,212.108963,-384.609344
1366,0,-459,1366.92053,26.6892738,-458.609344
1393,474,-381,1393.94214,480.105743,-380.664795
1364,143,-460,1364.94604,150.697632,-459.675995
1340,154,-385,1340.94592,163.710754,-384.67569
1276,121,-562,1276.57935,130.575867,-562.815063
1339,133,-518,1339.58594,143.681122,-518.810303
1374,458,-533,1374.57239,470.877533,-533.819946
116,154,-1270,115.24292,160.53479,-1270.65332
183,0,-1311,182.248993,5.32869387,-1311.66028
195,128,-1355,194.244293,136.376389,-1355.65491
201,490,-1336,200.42305,555.460266,-1336.81677
119,490,-1278,118.433022,509.723053,-1278.82373
116,154,-1270,115.426338,195.17424,-1270.81909
119,490,-1278,119.07608,527.72168,-1278.99707
-131,490,-1299,-130.923523,537.261292,-1299.99707
116,154,-1270,116.075417,206.773178,-1270.99707
-514,125,-1206,-514.243164,131.180344,-1206.96997
-491,0,-1192,-491.250732,7.27679014,-1192.96802
-343,199,-1260,-343.250732,201.858429,-1260.96802
-358,490,-1318,-358.409943,494.828979,-1318.91211
-558,495,-1232,-558.402344,503.208099,-1232.91541
-343,199,-1260,-343.409882,203.40387,-1260.91211
-670,492,-1088,-670.424561,650.290833,-1088.9054
-808,496,-1020,-808.433594,623.90332,-1020.90106
-641,110,-1099,-641.437805,186.227325,-1099.89905
-787,66,-1028,-787.697266,77.3698349,-1028.7168
-937,500,-936,-937.699219,510.414551,-936.714844
-887,34,-928,-887.697266,41.9980049,-928.716736
-938,1,-792,-938.948853,7.26887321,-792.315369
-967,144,-775,-967.950867,146.62851,-775.30957
-955,2,-740,-955.946899,3.19770885,-740.321289
-1178,137,-503,-1178.9303,144.35112,-503.366516
-1147,453,-697,-1147.93616,459.460083,-697.351501
-1220,456,-512,-1220.93127,461.276306,-512.364258
-938,1,-792,-938.931213,7.69207287,-792.364197
-887,34,-928,-887.931152,34.2450256,-928.364258
-967,144,-775,-967.931274,146.810028,-775.364258
-955,2,-740,-955.818604,10.6367207,-740.574219
-1040,112,-642,-1040.81873,125.50795,-642.574097
-1015,-3,-653,-1015.81866,2.41427326,-653.574219
-955,2,-740,-955.863647,6.89316702,-740.503906
-967,144,-775,-967.860779,149.283066,-775.508789
-1040,112,-642,-1040.85791,119.906784,-642.51355
-1015,-3,-653,-1015.55389,24.6187191,-653.832581
-1040,112,-642,-1040.55664,161.442871,-642.83075
-1170,0,-551,-1170.55176,58.0867271,-551.833984
-1372,462,-244,-1372.86328,472.530579,-244.5047
-1273,137,-352,-1273.86865,150.940384,-352.495361
-1291,446,-378,-1291.86877,454.001678,-378.495178
-1419,437,27,-1419.59802,447.024475,27.8014507
-1405,115,-2,-1405.60156,133.017593,-1.20117438
-1562,435,-80,-1562.60156,454.241699,-79.2011795
-1449,5,-29,-1449.5127,187.702133,-28.1414299
-1405,115,-2,-1405.5127,281.025146,-1.14142942
-1404,0,-2,-1404.51794,186.297684,-1.14458573
-1355,445,160,-1355.91174,816.526794,160.410721
-1354,137,160,-1354.91174,477.456696,160.41069
-1419,437,27,-1419.90979,720.207886,27.4149704
-1404,0,-2,-1404.95679,115.840439,-1.70921075
-1405,115,-2,-1405.95679,226.900879,-1.70921075
-1354,0,160,-1354.9563,93.8127365,160.292374
-1445,0,-139,-1445.49707,28.9098797,-139.867691
-1550,103,-84,-1550.49707,156.725662,-84.8677063
-1541,6,-85,-1541.49719,48.5670547,-85.8676376
-1269,0,-340,-1269.8728,15.1761742,-340.488068
-1273,137,-352,-1273.86865,160.543381,-352.495331
-1354,137,-210,-1354.86572,155.136108,-210.500397
-1114,464,593,-1114.83337,518.332703,593.552673
-1119,138,576,-1119.83337,224.893295,576.552612
-1216,439,441,-1216.82874,534.738281,441.559631
-1114,464,593,-1114.88635,543.913208,593.46283
-1029,138,748,-1029.88647,249.566315,748.462708
-1119,138,576,-1119.88342,261.585999,576.468567
549,430,1105,549.151367,437.447052,1105.9884
423,136,1086,423.151672,146.900436,1086.9884
437,454,1126,437.14505,464.005493,1126.98938
549,430,1105,549.157288,438.815613,1105.98755
673,134,1052,673.151367,146.687729,1052.9884
530,132,1074,530.151428,139.408051,1074.9884
693,416,1102,693.488708,421.071777,1102.87244
784,137,989,784.488342,141.457916,989.87262
673,134,1052,673.479858,141.564041,1052.87732
999,137,754,999.805969,147.402283,754.591736
1098,437,666,1098.80896,449.820679,666.587708
1089,137,632,1089.80603,160.032913,632.591675
1089,137,632,1089.65833,143.065979,632.752686
1221,428,577,1221.66699,430.561493,577.745056
1212,137,522,1212.6582,140.238998,522.752808
1212,137,522,1212.33887,142.286911,522.940796
1221,428,577,1221.33911,431.915894,577.940735
1383,180,469,1383.34082,185.161316,469.940063
693,416,1102,693.032166,421.630615,1102.99939
673,134,1052,673.032837,140.604752,1052.99939
549,430,1105,549.036621,434.703613,1105.99927
999,137,754,999.844116,144.670334,754.536133
1014,422,800,1014.8493,435.023071,800.527893
1098,437,666,1098.84436,446.472076,666.535767
1089,137,632,1089.5791,145.660324,632.815247
1098,437,666,1098,437,666
1221,428,577,1221.57397,431.615204,577.818848
549,430,1105,549.0979,439.03125,1105.99512
530,132,1074,530.087891,139.463608,1074.99609
423,136,1086,423.098663,149.287613,1086.99512
1383,180,469,1383.30273,188.013901,469.953064
1200,-7,507,1200.30359,-6.81891346,507.952789
1212,137,522,1212.31934,145.129425,522.947632
1330,138,306,1330.95972,144.696259,305.719055
1312,-7,321,1312.95972,-3.29241657,320.719055
1383,180,469,1383.96167,182.313309,468.726105
1383,180,469,1383.37195,186.224884,469.928253
1221,428,577,1221.36719,432.788666,577.930115
1436,454,493,1436.37012,455.348663,493.928955
1383,180,469,1383.97742,185.853424,468.788696
1436,454,493,1436.97583,460.954437,492.781494
1393,452,293,1393.97546,460.650085,292.779846
1329,445,130,1329.99927,451.385956,130.037216
1332,454,-44,1332.99902,459.093689,-43.9558182
1284,135,-43,1284.99902,143.857712,-42.9558182
1332,454,-44,1332.94153,459.779663,-43.6630669
1395,449,-224,1395.94202,457.482605,-223.664612
1338,137,-223,1338.94617,144.047913,-222.676331
1395,449,-224,1395.99902,454.818542,-224.043182
1393,474,-381,1393.99902,476.654358,-381.042267
1340,154,-385,1340.99902,159.437729,-385.042267
1395,449,-224,1395.99902,454.484589,-224.042267
1340,154,-385,1340.99902,159.154831,-385.043121
1338,137,-223,1338.99902,141.642944,-223.042267
1332,454,-44,1332.95386,460.669464,-43.6997414
1338,137,-223,1338.95972,145.145599,-222.71904
1284,135,-43,1284.95483,145.398407,-42.7028618
1329,445,130,1329.99902,451.896118,129.955826
1284,135,-43,1284.99902,144.430786,-43.0425262
1282,125,138,1282.99902,127.918747,137.955826
1330,138,306,1330.96265,144.762253,305.729248
1329,445,130,1329.96265,449.998474,129.729248
1282,125,138,1282.96265,126.245674,137.729248
1402,457,-477,1402.99414,465.904663,-476.891907
1364,143,-460,1364.99219,147.066574,-459.875275
1393,474,-381,1393.99402,477.480682,-380.891205
1374,458,-533,1374.8833,465.459991,-533.46875
1364,143,-460,1364.89905,148.126328,-460.437805
1402,457,-477,1402.89697,466.167908,-477.442047
1276,121,-562,1276.47754,136.022552,-562.87854
1374,458,-533,1374.479,479.151825,-533.877808
1302,449,-572,1302.47754,468.561768,-572.878601
1218,452,-682,1218.78442,464.016052,-682.620117
1276,121,-562,1276.78833,130.966568,-562.615112
1302,449,-572,1302.78821,460.212372,-572.615234
1208,466,-785,1208.99109,471.684418,-785.132446
1148,128,-783,1148.99109,128.996246,-783.132507
1218,452,-682,1218.99011,454.881531,-682.139587
1142,468,-872,1142.78857,474.784302,-872.614929
1148,128,-783,1148.78833,134.275955,-783.615234
1208,466,-785,1208.78918,477.631287,-785.614136
-730,0,948,-730.632812,6.64182949,948.774231
-867,140,864,-867.632812,143.364929,864.774292
-737,138,969,-737.632812,147.983719,969.774292
-781,461,1008,-781.677734,467.436859,1008.73529
-867,140,864,-867.678711,142.391266,864.734314
-897,457,902,-897.678711,460.551941,902.734314
-530,463,1204,-530.402344,468.686737,1204.91541
-653,141,1089,-653.412109,147.081726,1089.91113
-682,473,1140,-682.402649,479.711853,1140.91528
-494,0,1139,-494.461273,5.06629896,1139.88721
-639,0,1066,-639.466797,6.54868221,1066.88428
-508,141,1162,-508.461243,142.980301,1162.88721
-374,482,1222,-373.536774,489.668549,1222.88623
-311,270,1159,-310.538727,278.564026,1159.88721
-365,159,1171,-364.536774,168.2845,1171.88623
-311,0,1159,-310.958679,13.931571,1159.99915
-359,-3,1159,-358.958679,3.57443309,1159.99915
-365,159,1171,-364.961761,173.24144,1171.99927
-508,141,1162,-508.461243,146.072861,1162.88721
-639,0,1066,-639.466797,9.64123917,1066.88428
-653,141,1089,-653.466797,147.555237,1089.88428
-639,0,1066,-639.791565,7.45565128,1066.61108
-730,0,948,-730.78833,5.43536758,948.615234
-737,138,969,-737.791138,146.790894,969.611328
-730,0,948,-730.586426,10.1454105,948.809998
-859,0,853,-859.590088,4.04951048,853.807312
-867,140,864,-867.589844,145.193146,864.807495
-530,463,1204,-530.466858,469.642242,1204.88428
-508,141,1162,-508.46228,146.208496,1162.88672
-653,141,1089,-653.467407,148.183182,1089.88403
-781,461,1008,-781.820618,466.374298,1008.57123
-653,141,1089,-653.818604,143.874268,1089.57422
-737,138,969,-737.818604,145.563385,969.574219
-781,461,1008,-781.632812,466.363892,1008.77417
-737,138,969,-737.632812,145.191162,969.774231
-867,140,864,-867.632812,141.697968,864.774292
-1007,460,860,-1007.29199,468.943787,860.95636
-867,140,864,-867.292175,143.443863,864.956299
-980,137,831,-980.282227,148.190872,831.95929
-1007,460,860,-1007.98248,469.722229,860.18634
-980,137,831,-980.982239,148.607071,831.187378
-1029,464,748,-1029.9823,469.981354,748.187134
-1355,445,160,-1355.99109,796.854797,160.132782
-1332,144,324,-1332.99109,523.676331,324.132355
-1354,137,160,-1354.99109,440.074493,160.132797
-1419,437,27,-1419.95471,450.822479,27.2972221
-1354,137,160,-1354.9552,153.960464,160.295959
-1405,115,-2,-1405.95679,134.001144,-1.70921075
-1562,435,-80,-1562.49023,471.251678,-79.1284103
-1405,115,-2,-1405.49023,149.142242,-1.12840939
-1550,103,-84,-1550.49023,120.062851,-83.1284103
-1536,466,-149,-1536.54797,472.565704,-149.836472
-1445,137,-150,-1445.54785,139.683884,-150.836548
-1354,137,-210,-1354.54785,141.526443,-210.836548
-1372,462,-244,-1372.8689,471.902161,-244.494965
-1354,137,-210,-1354.86865,146.723511,-210.495392
-1273,137,-352,-1273.86865,150.096619,-352.495361
-1178,137,-503,-1178.85291,147.224655,-503.522064
-1291,446,-378,-1291.85193,452.230377,-378.523651
-1273,137,-352,-1273.83984,149.231628,-352.542786
-808,496,-1020,-808.550781,599.060608,-1020.83459
-937,500,-936,-937.553711,547.478577,-936.832581
-787,66,-1028,-787.553772,114.923935,-1028.83264
-641,110,-1099,-641.427856,397.39328,-1099.90381
-808,496,-1020,-808.425781,876.225525,-1020.90479
-787,66,-1028,-787.433655,302.080872,-1028.901
-558,495,-1232,-558.644531,502.618317,-1232.76453
-641,110,-1099,-641.63446,113.528702,-1099.77295
-514,125,-1206,-514.632812,131.066986,-1206.77429
392,488,-1350,391.923523,493.032593,-1350.99707
201,490,-1336,200.911713,495.667633,-1336.99609
335,133,-1275,334.923523,138.077911,-1275.99707
-343,199,-1260,-343.268982,208.921204,-1260.96313
-558,495,-1232,-558.276672,512.337463,-1232.96094
-514,125,-1206,-514.268555,140.10141,-1206.96326
-131,490,-1299,-131.042267,498.925262,-1299.99902
-343,199,-1260,-343.042267,209.121765,-1260.99902
-123,177,-1265,-123.042526,190.292557,-1265.99902
116,154,-1270,115.955818,162.965408,-1270.99902
-131,490,-1299,-131.042267,495.943878,-1299.99902
-123,177,-1265,-123.042526,187.311188,-1265.99902
116,154,-1270,115.955818,322.40683,-1270.99902
-113,0,-1269,-113.042526,151.766205,-1269.99902
113,0,-1269,112.955818,151.766205,-1269.99902
749,137,-1238,748.759277,142.72818,-1238.97058
641,433,-1265,640.754883,436.534119,-1265.96948
626,123,-1206,625.777161,124.934906,-1206.97485
804,102,-1142,804.844055,110.767662,-1142.53613
765,446,-1277,765.84436,455.275665,-1277.53577
749,137,-1238,749.849182,143.677994,-1238.52808
869,98,-1079,869.677734,110.825928,-1079.73523
884,440,-1101,884.677734,456.406372,-1101.73523
804,102,-1142,804.69635,120.727402,-1142.71765
946,102,-1053,946.319336,115.173347,-1053.94763
884,440,-1101,884.310791,457.660431,-1101.95044
869,98,-1079,869.308594,111.052818,-1079.95117
-887,34,-928,-887.914551,43.2738533,-928.404297
-937,500,-936,-937.917542,510.806427,-936.3974
-967,144,-775,-967.917603,156.763367,-775.397461
-1562,435,-80,-1562.53516,519.65509,-80.8447342
-1550,103,-84,-1550.53601,261.426483,-84.8441925
-1445,137,-150,-1445.53223,204.970612,-150.846588
-1541,6,-85,-1541.5127,23.8040962,-84.1414337
-1550,103,-84,-1550.5127,124.496475,-83.1414337
-1449,5,-29,-1449.51331,36.5272064,-28.1417942
-1449,5,-29,-1449.49023,55.5882072,-28.1284103
-1550,103,-84,-1550.49023,126.409393,-83.1284103
-1405,115,-2,-1405.49097,161.771088,-1.12882185
-1445,0,-139,-1445.52832,13.8014126,-139.84903
-1445,137,-150,-1445.51758,147.553772,-150.855606
-1550,103,-84,-1550.53564,128.66478,-84.8444138
1148,125,-881,1148.99902,146.272171,-881.042969
1148,124,-919,1148.99902,147.680466,-919.042969
1141,-23,-885,1141.99902,-5.21757746,-885.042969
1170,470,-981,1170.96948,521.80249,-980.754883
1148,124,-919,1148.96948,210.716568,-918.754883
1142,468,-872,1142.96948,505.471252,-871.754883
1145,111,-1012,1145.82947,125.456253,-1012.55853
1130,111,-1034,1130.82959,121.190575,-1034.55835
1136,-23,-1009,1136.82971,-12.6382847,-1009.55817
1157,473,-1016,1157.82935,501.370819,-1016.55853
1130,111,-1034,1130.82935,132.590012,-1034.55859
1145,111,-1012,1145.82935,141.569031,-1012.55853
1136,-23,-1009,1136.78882,-10.3491211,-1009.61462
1130,111,-1034,1130.79163,123.976898,-1034.61096
1097,-23,-1061,1097.7887,-9.89341831,-1061.61475
1170,470,-981,1170.97839,515.75,-981.206665
1160,110,-990,1160.97668,144.435593,-990.214661
1167,117,-958,1167.97839,156.903778,-958.206726
1157,473,-1016,1157.93188,533.127625,-1016.36273
1160,110,-990,1160.9314,135.210815,-990.363953
1170,470,-981,1170.92932,509.950775,-981.36908
1167,-23,-958,1167.84924,-11.2217121,-958.527954
1160,110,-990,1160.84961,122.502304,-990.527405
1136,-23,-1009,1136.84424,-6.40010691,-1009.53595
-365,159,1171,-365.144989,171.790375,1171.98938
-359,-3,1159,-359.144989,2.71200156,1159.98938
-494,0,1139,-494.157135,7.68346405,1139.98755
-365,159,1171,-365.04248,164.835541,1171.99902
-494,0,1139,-494.042267,3.58690238,1139.99902
-508,141,1162,-508.042267,141.98764,1162.99902
-374,482,1222,-374.043671,488.260529,1222.99902
-365,159,1171,-365.042297,167.212692,1171.99902
-508,141,1162,-508.042938,144.061371,1162.99902
-374,482,1222,-374.098633,489.26944,1222.99512
-508,141,1162,-508.098419,144.228546,1162.99512
-530,463,1204,-530.10675,467.313171,1204.99426
324,478,1197,324.190399,482.977417,1197.98169
346,155,1129,346.195709,162.383774,1129.98059
311,270,1159,311.200439,278.082703,1159.97961
437,454,1126,437.460876,461.320801,1126.88745
423,136,1086,423.457581,144.95517,1086.88916
346,155,1129,346.458527,163.856598,1129.88867
369,-53,-460,369.620392,-30.332407,-460.784271
393,-64,-440,393.620392,-49.0825348,-440.784271
389,-49,-445,389.620392,-15.9771032,-445.784241
370,-78,-457,370.611359,-63.5607033,-457.791351
393,-64,-440,393.611328,-53.7810287,-440.791321
369,-53,-460,369.611359,-37.7644539,-460.791321
411,-71,-499,410.873138,-58.5839043,-498.008087
377,-75,-504,376.873138,-66.5225601,-503.008087
410,-57,-498,409.873322,-44.9732895,-497.008057
492,-61,-479,491.154419,-55.7363243,-478.466156
480,-61,-496,479.154388,-50.2286186,-495.466217
487,-44,-479,486.149353,-33.8809967,-478.474274
480,-61,-496,479.581085,-53.7443848,-495.09198
462,-40,-501,461.581085,-32.571003,-500.09198
478,-42,-495,477.581085,-41.2571335,-494.09198
487,-44,-479,486.135071,-37.5378571,-478.498108
480,-61,-496,479.134308,-53.6536827,-495.499451
478,-42,-495,477.141418,-39.6101532,-494.487335
433,-55,-475,433.864624,-40.0942802,-475.502411
440,-66,-461,440.865082,-53.2090492,-461.501617
441,-48,-462,441.865265,-32.3286018,-462.501312
440,-66,-461,440.204712,-51.0678215,-461.978821
471,-53,-456,471.203461,-28.6235485,-456.979065
441,-48,-462,441.198547,-33.1581001,-462.980072
472,-65,-457,471.25293,-10.2368135,-457.664734
492,-61,-479,491.252899,-19.6518097,-479.664703
471,-53,-456,470.252869,-6.12896585,-456.664673
521,-49,-462,520.605408,-42.1823387,-462.918854
544,-49,-471,543.604065,-45.7340546,-471.918274
523,-23,-467,522.60498,-16.1692657,-467.918671
544,-49,-471,543.218994,-42.6293564,-471.624512
559,-49,-491,558.218872,-37.9210625,-491.624359
553,-17,-491,552.210632,-7.8964777,-491.613892
499,-37,-491,499.752472,-31.239872,-491.6586
521,-49,-462,521.746582,-47.0338058,-462.665283
523,-23,-467,523.747803,-18.6811905,-467.66391
544,-49,-471,543.172302,-39.5137482,-471.561157
553,-17,-491,552.17218,-3.51427293,-491.560974
542,-19,-475,541.17218,-2.90399528,-475.560974
523,-23,-467,522.641602,-14.7210846,-467.933563
544,-49,-471,543.642395,-44.9935646,-471.933868
542,-19,-475,541.640808,-8.37879276,-475.933258
529,-40,-530,529.243164,-34.5715065,-529.030029
513,-28,-524,513.243408,-25.0815582,-523.03009
529,-23,-527,529.243164,-18.8285503,-526.030029
553,-17,-491,552.013428,-11.17945,-490.8367
552,-38,-520,551.011536,-33.0712662,-519.848572
549,-18,-517,548.011536,-13.0326834,-516.848572
559,-49,-491,558.016418,-43.6813812,-490.81955
552,-38,-520,551.015442,-34.4911957,-519.824951
553,-17,-491,552.016418,-12.6589899,-490.81955
552,-38,-520,551.609375,-32.3783989,-519.079468
529,-40,-530,528.609497,-34.9915695,-529.079407
529,-23,-527,528.609375,-19.6837006,-526.079468
529,-40,-530,529.349915,-20.0703354,-529.063232
512,-56,-525,512.339478,-42.4647598,-524.059387
513,-28,-524,513.349609,-16.8092728,-523.06311
512,-56,-525,512.93158,-36.0895309,-524.636475
499,-37,-491,499.927673,-28.0474815,-490.626617
513,-28,-524,513.929382,-10.4329138,-523.63092
500,-55,-489,500.782715,15.1578884,-489.622345
521,-49,-462,521.774597,-5.72650623,-462.632385
499,-37,-491,499.782715,47.6601524,-491.622314
1104,-8,-126,1103.03296,-2.9336791,-126.254471
1113,-7,-159,1112.03491,-2.18090367,-159.261871
1100,14,-131,1099.03491,22.9974327,-131.26181
1052,2,-129,1052.04297,6.75588226,-129.999069
1104,-8,-126,1104.04297,-4.87479401,-126.999069
1100,14,-131,1100.04297,19.4729843,-131.999069
1113,-7,-159,1112.04395,-0.419754893,-158.706818
1099,24,-186,1098.0437,32.2116585,-185.707611
1109,20,-159,1108.04456,23.8638134,-158.704834
1100,14,-131,1099.04468,20.9908962,-131.295395
1113,-7,-159,1112.0448,-5.21609163,-159.295944
1109,20,-159,1108.04492,20.9134541,-159.296341
1031,2,-199,1031.95483,10.2509251,-198.702881
1022,-15,-177,1022.95001,-5.69437933,-176.68779
1025,13,-175,1025.95398,23.7021694,-174.700134
1022,-15,-177,1022.85681,1.32190835,-177.515518
1052,2,-129,1052.85706,22.9294853,-129.515213
1025,13,-175,1025.85681,26.9474449,-175.515594
896,-10,-967,895.518555,-2.15805173,-966.123535
859,-2,-987,858.509766,1.87947202,-986.128418
889,26,-966,888.50293,30.5553017,-965.132324
859,-2,-987,859.043335,4.25345516,-986.000977
814,-2,-985,814.043823,7.16808319,-984.000977
823,36,-979,823.042603,45.6084213,-978.000916
879,14,-906,878.020264,19.6736488,-906.200195
896,-10,-967,895.021301,-2.31908178,-967.205078
889,26,-966,888.021423,34.8626289,-966.205872
859,-2,-987,859.097839,7.35006094,-986.004822
823,36,-979,823.097656,50.2950363,-978.004822
858,31,-983,858.097656,43.5540962,-982.004822
889,26,-966,888.496094,35.1749763,-965.136292
859,-2,-987,858.496338,6.55294466,-986.136108
858,31,-983,857.496094,42.0091553,-982.136292
789,12,-900,789.501953,18.4708633,-900.864868
814,-7,-882,814.502075,-0.287158221,-882.864807
817,27,-887,817.501953,38.1277771,-887.864868
814,-7,-882,813.68457,1.98002255,-882.948914
879,14,-906,878.685242,24.2299652,-906.949158
817,27,-887,816.684692,36.3131371,-887.948975
1065,-2,-798,1065.90393,29.0297165,-798.427673
1095,0,-736,1095.90295,43.8683548,-736.429565
1095,18,-737,1095.90479,57.7553978,-737.425781
1155,-4,-722,1154.08472,9.42758465,-722.402771
1172,-8,-760,1171.07874,3.43836284,-760.388916
1157,24,-730,1156.08459,27.448225,-730.402527
1172,-8,-760,1171.00391,33.484127,-759.911743
1168,-10,-805,1167.00391,17.3806572,-804.911743
1167,53,-798,1166.00488,85.3439331,-797.901306
1157,24,-730,1156.10571,85.4297256,-730.447449
1172,-8,-760,1171.10938,92.7903976,-760.454651
1172,51,-763,1171.11621,175.990875,-763.467834
1168,-10,-805,1167.00098,79.3363342,-805.042969
1169,8,-852,1168.00098,132.873993,-852.043884
1167,53,-798,1166.00098,146.889832,-798.043701
1169,8,-852,1169.29395,29.5762024,-851.044189
1084,13,-825,1084.29236,50.5641136,-824.043701
1092,34,-827,1092.29236,59.996151,-826.043701
1095,0,-736,1095.2052,17.909935,-736.978699
1155,-4,-722,1155.22266,9.47053242,-722.974854
1095,18,-737,1095.21411,35.9943695,-737.976746
1100,-58,-821,1099.91113,-3.45563221,-821.996033
1184,-58,-828,1183.92285,7.44567442,-828.997009
1182,40,-830,1181.91113,123.170013,-830.996033
1179,-58,-868,1178.24133,18.8422489,-867.348572
1157,-58,-894,1156.2356,-1.73115444,-893.355286
1172,61,-874,1171.23584,122.902855,-873.35498
1157,-58,-894,1156.64893,3.03815889,-893.06366
1124,-59,-906,1123.64844,21.7698288,-905.063843
1130,44,-902,1129.64844,119.996346,-901.063843
1182,40,-830,1181.02136,61.9294205,-829.794434
1179,-58,-868,1178.02039,-42.0859032,-867.799133
1172,61,-874,1171.01746,79.6171265,-873.814026
1172,61,-874,1171.22571,182.440475,-873.367188
1157,-58,-894,1156.22571,54.81847,-893.367188
1154,40,-897,1153.22571,104.025604,-896.367188
1130,44,-902,1130.46289,52.8756485,-901.113586
1089,6,-886,1089.4668,12.8834429,-885.115662
1098,43,-886,1098.4668,49.5393105,-885.115662
1124,-59,-906,1124.40332,-40.7259254,-905.084961
1089,6,-886,1089.41235,31.4861164,-885.088989
1130,44,-902,1130.41125,74.1625824,-901.088501
1086,7,-851,1086.84949,24.1069069,-851.527588
1100,-58,-821,1100.849,-41.5057297,-821.528137
1101,31,-829,1101.84412,47.0642281,-829.536133
1100,-58,-821,1099.95593,-46.0987015,-821.999023
1182,40,-830,1181.95593,58.9978333,-830.999023
1101,31,-829,1100.95593,48.6238327,-829.999023
1184,-58,-828,1183.00671,17.0637817,-827.884338
1179,-58,-868,1178.00574,23.9726601,-867.893066
1182,40,-830,1181.00769,143.605377,-829.876221
318,-9,-1072,318.200653,2231.13184,-1071.02039
294,-9,-1067,294.200775,2235.93188,-1066.02039
318,8,-1072,318.200653,2231.13184,-1071.02039
307,-15,-981,306.623749,3.98141336,-981.926514
338,-12,-994,337.624512,10.6355667,-994.926819
310,13,-984,309.623383,35.0872154,-984.926331
338,-12,-994,337.233887,-2.86678648,-994.6427
359,-8,-1020,358.233948,0.847345531,-1020.64276
351,24,-1015,350.231079,28.2292118,-1015.63934
277,3,-1018,277.742981,11.4223156,-1018.66931
307,-15,-981,307.734741,-13.1328096,-981.678345
310,13,-984,310.734741,22.9671078,-984.678345
338,-12,-994,337.176636,6.1364584,-994.567505
351,24,-1015,350.178955,31.8759327,-1015.57086
336,18,-994,335.177521,36.4054375,-994.568787
310,13,-984,309.64859,65.572258,-984.936218
338,-12,-994,337.649414,43.8237457,-994.936523
336,18,-994,335.64859,81.5618668,-994.936218
277,3,-1018,277.742401,8.47131443,-1018.66992
310,13,-984,310.743011,19.4052467,-984.66925
284,23,-1015,284.743805,26.2269611,-1015.6684
348,-9,-1058,347.565979,141.47316,-1057.09912
318,-9,-1072,317.589264,111.564163,-1071.08826
318,8,-1072,317.589264,111.564163,-1071.08826
294,-9,-1067,294.934357,-0.56016928,-1066.64368
277,3,-1018,277.934479,12.1494246,-1017.64398
296,19,-1061,296.934357,32.6800728,-1060.64368
-207,-50,-669,-207.963531,-40.6782112,-669.267578
-202,-50,-687,-202.963806,-41.2254219,-687.266602
-208,-34,-672,-208.963501,-24.0277462,-672.267578
-202,-50,-687,-202.972977,-42.1319084,-686.769104
-206,-49,-706,-206.972626,-45.3953476,-705.767639
-208,-30,-702,-208.972656,-22.9547825,-701.767761
-234,-40,-669,-234.074554,-34.7839317,-669.997192
-207,-50,-669,-207.074493,-45.6796722,-669.997192
-208,-34,-672,-208.074539,-29.6441097,-672.997192
-202,-50,-687,-202.953751,-35.0438614,-686.699402
-208,-30,-702,-208.953461,-16.8633842,-701.698486
-203,-32,-688,-203.953384,-25.2997437,-687.698242
-208,-34,-672,-208.956436,-20.29282,-672.291931
-202,-50,-687,-202.953384,-38.2339249,-687.301758
-203,-32,-688,-203.956436,-20.8175068,-688.291931
-245,-40,-706,-244.046936,-33.3369141,-705.697266
-250,-50,-693,-249.047043,-38.2811852,-692.696899
-248,-33,-693,-247.046967,-25.7791328,-692.697144
-250,-50,-693,-249.145111,-42.1573944,-693.518799
-234,-40,-669,-233.14444,-30.7735119,-669.5177
-248,-33,-693,-247.145142,-28.5084209,-693.51886
-304,-37,-686,-304.388824,-30.8375931,-686.921265
-289,-37,-692,-289.381714,-32.2427788,-692.924255
-303,-20,-689,-303.389191,-15.7818909,-689.921143
-289,-37,-692,-289.783783,-31.0803833,-692.621033
-279,-37,-705,-279.783783,-29.389122,-705.621033
-283,-17,-705,-283.783722,-10.7046642,-705.621094
-319,-29,-705,-318.244934,-23.4737492,-705.65564
-304,-37,-686,-303.25592,-30.7160568,-686.668091
-303,-20,-689,-302.25592,-15.6610079,-689.668091
-289,-37,-692,-289.826111,-28.478035,-692.563477
-283,-17,-705,-283.826111,-7.71811962,-705.563477
-290,-18,-694,-290.826172,-11.387989,-694.563416
-303,-20,-689,-303.354492,-12.4801111,-689.935059
-289,-37,-692,-289.35022,-28.925106,-692.936646
-290,-18,-694,-290.349426,-11.8355341,-694.936951
-299,-31,-731,-298.751251,-25.8479576,-730.031433
-310,-24,-727,-309.751251,-20.3702621,-726.031433
-299,-21,-729,-298.751251,-16.0492973,-728.031433
-283,-17,-705,-283.986877,-11.4956961,-704.838562
-284,-30,-725,-284.986877,-23.9287052,-724.838562
-286,-18,-722,-286.986786,-10.5683899,-721.838013
-279,-37,-705,-279.983856,-32.0071983,-704.821045
-284,-30,-725,-284.983978,-25.256485,-724.821716
-283,-17,-705,-283.983856,-12.6988945,-704.821045
-284,-30,-725,-284.381744,-24.7445183,-724.075745
-299,-31,-731,-299.375641,-23.8480396,-730.073242
-299,-21,-729,-299.388702,-14.3209343,-728.078674
-299,-31,-731,-298.664612,-11.8751373,-730.057922
-311,-41,-727,-310.665131,-18.3717976,-726.057739
-310,-24,-727,-309.664612,-11.977932,-726.057922
-311,-41,-727,-310.071045,-22.2565117,-726.629822
-319,-29,-705,-318.072998,-10.3301983,-704.625
-310,-24,-727,-309.073181,-5.09516335,-726.624512
-318,-40,-704,-317.212372,26.7385349,-704.61615
-304,-37,-686,-303.212189,13.695322,-686.615906
-319,-29,-705,-318.213043,15.8849106,-705.617004
-299,-56,-629,-299.972626,-46.2810326,-628.767639
-304,-53,-648,-304.972961,-41.9363708,-647.769043
-301,-40,-629,-301.972626,-27.320488,-628.767639
-304,-53,-648,-304.736542,-47.5731087,-647.323608
-320,-48,-664,-320.735413,-42.6505127,-663.322388
-318,-30,-657,-318.736542,-24.89744,-656.323608
-329,-45,-618,-329.374603,-29.9411411,-618.927124
-299,-56,-629,-299.374603,-40.9613647,-629.927185
-301,-40,-629,-301.374603,-29.7972202,-629.927185
-304,-53,-648,-304.678741,-45.0517273,-647.265625
-318,-30,-657,-318.677734,-22.3461685,-656.264709
-304,-35,-645,-304.678467,-27.7686424,-644.265381
-301,-40,-629,-301.981689,-22.4861851,-628.80957
-304,-53,-648,-304.981689,-38.0301895,-647.80957
-304,-35,-645,-304.981689,-27.4418221,-644.80957
-329,-45,-618,-329.354614,-37.4586182,-618.934998
-301,-40,-629,-301.354462,-34.9401093,-629.935059
-326,-34,-620,-326.350372,-31.3195133,-620.936584
-348,-47,-664,-347.288391,-26.2210045,-663.297424
-362,-48,-650,-361.288971,-28.2835979,-649.296875
-362,-38,-649,-361.289978,-13.8579731,-648.295837
-362,-49,-636,-361.504486,-27.3083763,-636.868591
-329,-45,-618,-328.504486,-12.3443604,-618.868591
-358,-33,-635,-357.504486,-3.38279152,-635.868591
-411,-48,-614,-410.67569,-38.666069,-614.945923
-393,-48,-608,-392.678711,-37.0549583,-608.94696
-408,-32,-615,-407.67569,-20.4846992,-615.945923
-393,-48,-608,-393.169159,-40.2893906,-608.985535
-374,-48,-611,-374.169342,-41.7148819,-611.985535
-378,-28,-613,-378.16922,-21.018219,-613.985535
-410,-39,-642,-409.000885,-33.7954941,-642.041992
-411,-48,-614,-410.000885,-41.1309319,-614.041992
-408,-32,-615,-407.000885,-25.3788948,-615.041992
-393,-48,-608,-393.251495,-33.1180038,-608.967834
-378,-28,-613,-378.250732,-14.3634472,-613.968018
-393,-30,-609,-393.250732,-18.6451225,-609.968018
-408,-32,-615,-407.64859,-18.1216774,-615.936218
-393,-48,-608,-392.649567,-34.956768,-608.936584
-393,-30,-609,-392.649567,-21.9469433,-609.936584
-372,-39,-649,-372.374603,-32.4458656,-648.072815
-384,-48,-656,-384.375122,-46.2772903,-655.073059
-385,-32,-653,-385.374603,-25.5294437,-652.072815
-384,-48,-656,-383.536774,-39.9581833,-655.11377
-410,-39,-642,-409.536774,-35.6237602,-641.11377
-385,-32,-653,-384.538757,-22.3915882,-652.112732
-430,-54,-573,-429.061188,-27.8930511,-572.655579
-436,-55,-559,-435.060944,-54.0490227,-558.65625
-430,-45,-572,-429.060944,-19.2820721,-571.65625
-386,-63,-539,-386.986877,-36.8165359,-539.161438
-382,-61,-559,-382.986755,-55.6557007,-559.162109
-386,-49,-540,-386.986786,-32.4748878,-540.161987
-382,-61,-559,-382.947784,-53.4898033,-558.681091
-390,-56,-579,-390.947571,-43.3949966,-578.680481
-389,-40,-572,-389.94751,-34.0770683,-571.680298
-415,-52,-534,-415.218506,-40.5770569,-534.97583
-386,-63,-539,-386.209564,-53.6512413,-539.977783
-386,-49,-540,-386.209595,-42.3634987,-540.977783
-414,-54,-585,-413.422913,1.84532177,-584.18335
-430,-45,-572,-429.422913,70.8448944,-571.18335
-413,-45,-585,-412.422913,33.9048462,-584.18335
-382,-61,-559,-382.918243,-47.1209946,-558.604004
-389,-40,-572,-389.91803,-28.8980904,-571.603516
-383,-45,-557,-383.918091,-23.2242489,-556.603638
-415,-52,-534,-415.2005,-45.8815613,-534.979675
-386,-49,-540,-386.201233,-45.3116798,-540.979492
-411,-42,-536,-411.200623,-38.6964645,-536.979614
-414,-54,-585,-413.437012,-38.8773499,-584.173584
-430,-54,-573,-429.437012,-25.7288952,-572.173584
-430,-45,-572,-429.437225,-13.4023304,-571.173401
-436,-55,-559,-435.225769,-47.2568512,-559.632874
-415,-52,-534,-414.225708,-42.3807297,-534.632812
-432,-41,-557,-431.2258,-33.0173798,-557.632935
-468,-41,-614,-467.955841,-33.9061699,-613.000977
-497,-41,-613,-496.955841,-33.2618217,-612.000977
-496,-30,-612,-495.957245,-26.0462475,-611.000916
-511,-43,-591,-510.273071,-1.05228031,-591.686707
-499,-46,-577,-498.27301,-34.5609627,-577.686646
-507,-27,-587,-506.273193,7.06648922,-587.686829
-482,-28,-571,-482.472321,229.460739,-571.881409
-461,-38,-582,-461.47229,189.365189,-582.881409
-464,-27,-580,-464.47229,95.1100006,-580.881409
-480,-48,-571,-480.472321,-12.2164412,-571.881409
-461,-38,-582,-461.472321,8.14576912,-582.881409
-482,-28,-571,-482.47229,22.472765,-571.881409
-497,-41,-613,-496.144379,-34.1625099,-612.482422
-511,-43,-591,-510.144379,-37.7777672,-590.482422
-496,-30,-612,-495.144928,-25.0158806,-611.481506
-520,-6,-1057,-519.65918,33.6412315,-1056.05994
-576,-6,-1037,-575.676025,35.9989014,-1036.05396
-574,8,-1038,-573.676025,25.3293591,-1037.05396
-606,-4,-1002,-605.38501,1.43110526,-1002.78851
-585,-6,-985,-584.384766,-2.27414346,-985.78833
-599,16,-1001,-598.38916,20.4943542,-1001.79175
-585,-6,-985,-584.86731,1.82435131,-985.99115
-551,-7,-980,-550.86731,0.660777092,-980.99115
-553,18,-984,-552.867188,29.8973522,-984.991089
-585,-6,-985,-584.922852,14.0748587,-985.997009
-553,18,-984,-552.922852,46.2062378,-984.997009
-581,17,-986,-580.922852,40.3703537,-986.997009
-599,16,-1001,-598.35376,22.9683399,-1001.76312
-585,-6,-985,-584.35376,0.339673549,-985.763123
-581,17,-986,-580.353821,23.8048592,-986.763184
-490,-12,-1033,-490.654022,-6.2632432,-1032.24353
-521,15,-1053,-521.65863,22.3516731,-1052.24756
-495,17,-1030,-495.652588,24.998888,-1029.24231
-553,18,-984,-553.445312,25.5619297,-984.895325
-512,2,-1002,-512.427734,9.46439171,-1002.90381
-518,18,-1001,-518.441406,23.2573395,-1001.89728
-551,-7,-980,-551.466919,-0.476989925,-980.884277
-512,2,-1002,-512.467224,12.990243,-1002.88409
-553,18,-984,-553.460999,29.0060349,-984.88739
-512,2,-1002,-512.844116,14.8095331,-1002.53613
-490,-12,-1033,-490.835846,-6.78964806,-1033.54895
-495,17,-1030,-495.840332,27.0104485,-1030.54199
-490,-12,-1033,-490.65274,-5.82745409,-1032.24243
-520,-6,-1057,-520.644592,0.387206256,-1056.23547
-521,15,-1053,-521.64502,22.8801308,-1052.23584
-520,-6,-1057,-519.706055,0.476948082,-1056.04419
-574,8,-1038,-573.706055,12.0186167,-1037.04419
-521,15,-1053,-520.706055,22.9552021,-1052.04419
-576,-6,-1037,-575.247192,4.59747219,-1036.3418
-606,-4,-1002,-605.247192,8.7122221,-1001.3418
-574,8,-1038,-573.247192,13.547183,-1037.3418
-461,-6,-1068,-461.78479,34.883316,-1067.38025
-491,-3,-1106,-491.786804,24.7249527,-1105.38281
-491,15,-1104,-491.784698,74.9866409,-1103.38013
-534,-1,-1105,-533.017395,10.0212488,-1104.81433
-539,-2,-1077,-538.017395,11.3824091,-1076.81433
-533,28,-1098,-532.017395,33.9414864,-1097.81433
-539,-2,-1077,-538.04071,14.1558027,-1077.28235
-529,-5,-1042,-528.040955,10.9832592,-1042.2832
-528,32,-1045,-527.040955,40.6920967,-1045.2832
-539,-2,-1077,-538.052734,50.6602402,-1077.32043
-528,32,-1045,-527.05365,56.9787445,-1045.32312
-538,30,-1074,-537.052734,49.6765289,-1074.32043
-533,28,-1098,-532.021362,42.6867943,-1097.79443
-539,-2,-1077,-538.021301,22.9402199,-1076.7948
-538,30,-1074,-537.023193,45.8839149,-1073.78589
-528,32,-1045,-527.53772,44.8461266,-1045.88672
-495,8,-1026,-494.541473,19.4680309,-1026.88867
-499,32,-1030,-498.536774,42.1631279,-1030.88623
-529,-5,-1042,-528.57312,5.2939558,-1042.9043
-495,8,-1026,-494.539581,13.1053534,-1026.8877
-528,32,-1045,-527.570557,38.1344833,-1045.90308
-469,9,-1047,-469.972565,17.1171246,-1047.23242
-461,-6,-1068,-461.972565,-5.47454929,-1068.2323
-466,25,-1066,-466.972809,31.1997719,-1066.23157
-461,-6,-1068,-461.822174,0.450386584,-1067.43079
-491,15,-1104,-491.820129,25.6618805,-1103.42786
-466,25,-1066,-466.820404,33.5950508,-1065.42822
-491,-3,-1106,-490.961761,8.15079594,-1105.00073
-534,-1,-1105,-533.956055,11.3496199,-1104.00098
-491,15,-1104,-490.961761,30.1514721,-1103.00073
-1200,-4,-139,-1199.81616,264.767914,-138.017044
-1237,-4,-133,-1236.83887,156.219238,-132.013077
-1201,20,-139,-1200.81641,219.953293,-138.016998
-1218,-4,0,-1218.38379,14.6999006,-0.92339009
-1170,-7,-18,-1170,-7,-18
-1213,27,-3,-1213.38379,31.7452583,-3.9233973
-1170,-7,-18,-1170.77075,2.50663686,-18.6371059
-1137,-7,-59,-1137.77075,8.84269619,-59.6371078
-1149,38,-52,-1149.77075,54.445507,-52.6371269
-1264,16,-55,-1263.25806,21.0281391,-55.6704483
-1218,-4,0,-1217.25586,5.75824451,-0.668016851
-1213,27,-3,-1212.271,33.8523064,-3.68450928
-1170,-7,-18,-1170.82361,21.7749195,-18.5671463
-1149,38,-52,-1149.82361,86.5646896,-52.5670738
-1172,32,-18,-1172.82361,70.0158234,-18.5671482
-1213,27,-3,-1213.35364,93.4499817,-3.93537045
-1170,-7,-18,-1170.35364,27.6113167,-18.9353676
-1172,32,-18,-1172.354,75.5784073,-18.9352398
-1155,-9,-118,-1155.42883,76.4189987,-117.096619
-1200,-4,-139,-1200.42834,112.396568,-138.09639
-1201,20,-139,-1201.42786,149.998093,-138.096161
-1237,-4,-133,-1236.07092,2.40908003,-132.630127
-1264,16,-55,-1263.07019,22.7004318,-54.6319618
-1234,34,-123,-1233.06812,43.4573441,-122.637253
-351,-46,-281,-351.362518,-40.9337578,-280.068024
-403,-79,-308,-403.36322,-72.0305176,-307.068298
-413,-56,-307,-413.362518,-48.6913528,-306.068024
-351,-46,-281,-351.43222,-29.5394897,-280.098236
-324,-151,-275,-324.432037,-134.056366,-274.098145
-403,-79,-308,-403.43222,-56.349762,-307.098236
-306,-57,-202,-305.809631,-27.8547668,-202.981705
-304,-151,-199,-303.809692,-102.759346,-199.98172
-259,-89,-192,-258.809631,-54.3735657,-192.981705
-252,-94,-215,-252.535126,-68.4126587,-214.155228
-294,-151,-244,-294.533722,-119.922417,-243.154343
-284,-52,-233,-284.533722,-19.1754894,-232.154343
-61,-136,-295,-60.3758583,-50.1387291,-294.218689
-114,-135,-254,-113.374298,-98.6801071,-253.21994
-110,-109,-256,-109.375343,-21.8434887,-255.219101
-112,-67,-235,-111.910675,-53.3963089,-234.003998
-112,-101,-238,-111.910675,-93.7562332,-237.003998
-121,-66,-235,-120.912216,-63.7796669,-234.00386
-125,-98,-229,-124.046745,-89.0440216,-228.697845
-121,-63,-229,-120.046844,-55.1735039,-228.697525
-122,-101,-238,-121.046745,-88.2749786,-237.697845
392,-112,-190,392.979706,-73.3091354,-190.200363
393,-112,-186,393.979706,-67.6973343,-186.200333
396,12,-189,396.976715,71.9606781,-189.214432
443,-95,-274,443.562988,-64.7315445,-274.826447
447,-95,-271,447.563507,-71.228096,-271.826111
448,31,-276,448.562988,71.3775787,-276.826447
442,-90,-323,442.849396,-57.6231194,-323.527679
444,-90,-319,444.849457,-70.3789978,-319.527649
446,34,-323,446.849426,54.3574219,-323.527679
