-293,370,-1020,-293.51358,6920.58887,-1020.85803
-119,10,-1121,-119.495346,10008.4941,-1121.86865
-121,370,-1119,-121.495415,5211.04102,-1119.86865
-392,370,-848,-392.86145,920.853271,-848.507812
-391,10,-850,-391.861572,999.020386,-850.507629
-291,10,-1021,-291.866608,719.333984,-1021.49896
-392,370,-848,-392.871552,654.032654,-848.490234
-291,10,-1021,-291.866577,375.830627,-1021.49902
-293,370,-1020,-293.871552,729.92511,-1020.49023
-392,370,-649,-392.999054,864.742859,-649.042969
-392,10,-651,-392.999054,869.788818,-651.042969
-391,10,-850,-391.999054,867.788879,-850.042969
-392,370,-649,-392.999054,580.059204,-649.042969
-391,10,-850,-391.999054,370.020752,-850.042969
-392,370,-848,-392.999054,580.059204,-848.042969
-293,370,-477,-293.865265,721.106323,-476.498688
-293,14,-479,-293.865265,373.297791,-478.498688
-392,10,-651,-392.861572,369.23407,-650.492371
-293,370,-477,-293.864624,651.590454,-476.497589
-392,10,-651,-392.861572,297.579865,-650.492371
-392,370,-649,-392.861572,577.631165,-648.492371
-293,14,-479,-293.458588,264.94577,-478.111359
-293,370,-477,-293.458221,715.001282,-476.111176
-174,293,-418,-174.460541,481.654541,-417.112366
-119,-30,-542,-119.254501,46.1448174,-542.967041
-121,139,-544,-121.25444,235.422058,-544.967041
-134,-30,-538,-134.261826,47.5881691,-538.965088
-116,-30,-570,-116.964211,52.4242783,-569.734863
-117,139,-569,-117.964127,153.248459,-568.734558
-112,-30,-555,-112.964127,53.95187,-554.734558
-129,-30,-578,-129.494553,55.5518303,-577.130859
-117,139,-569,-117.495842,209.053665,-568.131592
-116,-30,-570,-116.495377,92.1930084,-569.131348
-151,-30,-561,-150.132294,56.1079483,-560.50293
-143,139,-572,-142.132294,178.292206,-571.50293
-144,-30,-574,-143.132431,18.6626167,-573.502686
-147,-30,-546,-146.035934,52.1496124,-546.265625
-146,139,-547,-145.035934,152.973175,-547.265625
-151,-30,-561,-150.03595,53.6772041,-561.265686
-144,-30,-574,-143.747253,59.0116768,-573.032471
-143,139,-572,-142.747253,252.477463,-571.032471
-129,-30,-578,-128.747253,60.6504402,-577.032471
-112,-30,-555,-112.86657,47.5556908,-555.499023
-121,139,-544,-121.866577,226.516891,-544.499023
-119,-30,-542,-119.866562,13.3924484,-542.499023
-134,-30,-538,-133.504486,47.179512,-538.868591
-146,139,-547,-145.504486,187.134766,-547.868591
-147,-30,-546,-146.504486,80.5737305,-546.868591
-129,-30,-578,-129.494553,55.69804,-577.130859
-129,139,-576,-129.493469,203.868454,-575.130249
-117,139,-569,-117.495842,209.199875,-568.131592
-112,-30,-555,-112.964127,52.2747879,-554.734558
-117,139,-569,-117.964127,151.571381,-568.734558
-114,139,-556,-114.964294,190.003616,-555.735168
-112,-30,-555,-112.86657,46.5295334,-555.499023
-114,139,-556,-114.866577,220.648026,-556.499023
-121,139,-544,-121.866577,225.519302,-544.499023
-134,-30,-538,-134.261871,45.8287888,-538.965088
-121,139,-544,-121.254585,233.695694,-544.967041
-134,139,-540,-134.261871,195.107254,-540.965088
-134,-30,-538,-133.504486,47.1485596,-538.868591
-134,139,-540,-133.504593,182.263489,-540.868652
-146,139,-547,-145.504593,187.134766,-547.868652
-151,-30,-561,-150.036194,51.0496864,-561.266602
-146,139,-547,-145.035934,150.380829,-547.265625
-149,139,-561,-148.035934,210.083771,-561.265625
-151,-30,-561,-150.132294,55.9408531,-560.50293
-149,139,-561,-148.133377,204.113876,-560.501038
-143,139,-572,-142.132294,178.125107,-571.50293
-129,-30,-578,-128.747192,59.3728523,-577.032532
-143,139,-572,-142.747253,251.243011,-571.032471
-129,139,-576,-128.747192,229.982193,-575.032532
100,-30,-923,99.7437668,57.1303329,-923.966614
99,139,-925,98.7437668,250.59613,-925.966614
85,-30,-919,84.7435913,58.7690964,-919.966553
103,-30,-951,102.035789,52.7220078,-950.734863
102,139,-950,101.03566,153.54306,-949.735352
107,-30,-936,106.03566,54.2470894,-935.735352
90,-30,-959,89.4977264,49.3508759,-958.135315
102,139,-950,101.502876,189.308502,-949.132324
103,-30,-951,102.502724,82.7450943,-950.132446
68,-30,-942,68.8654404,48.0652008,-941.499023
77,139,-953,77.8654556,227.028793,-952.499023
75,-30,-955,75.8654327,13.9043379,-954.499023
72,-30,-927,72.9656677,51.8878632,-927.259766
73,139,-928,73.9656601,152.711426,-928.259766
68,-30,-942,68.9657364,53.4154549,-942.259521
75,-30,-955,75.2653046,48.9985046,-954.035889
77,139,-953,77.2543716,238.280457,-952.032898
90,-30,-959,90.2653046,50.4418564,-958.035889
107,-30,-936,106.132362,54.6223526,-936.497192
99,139,-925,98.1324997,176.811844,-925.497437
100,-30,-923,99.1332016,17.1796322,-923.498657
85,-30,-919,85.4952011,55.1575851,-919.868774
73,139,-928,73.4951935,208.662033,-928.868774
72,-30,-927,72.4966965,91.8039856,-927.86792
90,-30,-959,89.4977951,50.0603752,-958.135254
90,139,-957,89.5030899,185.175308,-956.132202
102,139,-950,101.50309,190.046585,-949.132202
107,-30,-936,106.03566,54.5963249,-935.735352
102,139,-950,101.03566,153.92746,-949.735352
105,139,-936,104.03566,213.631668,-935.735352
107,-30,-936,106.132362,55.1836929,-936.497192
105,139,-936,104.132294,203.354111,-936.49707
99,139,-925,98.1324997,177.373184,-925.497437
85,-30,-919,84.7435913,57.0979881,-919.966553
99,139,-925,98.7435913,248.957367,-925.966553
85,139,-921,84.7435913,227.707336,-921.966553
85,-30,-919,85.4952011,55.0949249,-919.868774
85,139,-921,85.4952011,203.267944,-921.868774
73,139,-928,73.4951935,208.59938,-928.868774
68,-30,-942,68.9657364,52.1567001,-942.259521
73,139,-928,73.9656601,151.452667,-928.259766
70,139,-941,70.9656372,189.883652,-941.259766
68,-30,-942,68.8654404,49.7008629,-941.499023
70,139,-941,70.8654556,223.816986,-940.499023
77,139,-953,77.8654556,228.688263,-952.499023
90,-30,-959,90.2653275,49.1069908,-958.035889
77,139,-953,77.2653656,236.973907,-952.035889
90,139,-957,90.2653275,198.385452,-956.035889
-129,-30,-919,-128.747253,51.9381142,-919.967529
-129,139,-921,-128.747253,210.973465,-921.967529
-144,-30,-923,-143.747253,50.4105225,-923.967529
-112,-30,-942,-112.964127,57.6828766,-942.265442
-114,139,-941,-114.963791,205.43309,-941.266602
-116,-30,-927,-116.964211,56.0441132,-927.265137
-119,-30,-955,-119.866562,56.314209,-954.500977
-114,139,-941,-114.866577,284.704102,-940.500977
-112,-30,-942,-112.866577,93.7569275,-941.500977
-147,-30,-951,-146.504486,49.7080078,-950.131409
-134,139,-957,-133.504593,151.428711,-956.131348
-134,-30,-959,-133.5047,16.3137875,-958.131287
-151,-30,-936,-150.035934,49.6211281,-935.734375
-149,139,-937,-148.035934,178.902557,-936.734375
-147,-30,-951,-146.035995,48.2155113,-950.734131
-134,-30,-959,-134.262772,52.6667328,-958.035156
-134,139,-957,-134.269608,211.697052,-956.037048
-119,-30,-955,-119.254501,51.1341171,-954.032959
-116,-30,-927,-116.495956,55.0844803,-927.868347
-129,139,-921,-129.498489,166.611099,-921.866882
-129,-30,-919,-129.498489,18.4380798,-919.866882
-144,-30,-923,-143.132294,47.8652077,-923.49707
-149,139,-937,-148.132294,256.144562,-937.49707
-151,-30,-936,-150.132294,82.0260696,-936.49707
-119,-30,-955,-119.866562,56.8154984,-954.500977
-120,139,-953,-120.866577,216.447708,-952.500977
-114,139,-941,-114.866577,285.205383,-940.500977
-116,-30,-927,-116.964211,57.1465034,-927.265137
-114,139,-941,-114.963791,206.535477,-941.266602
-117,139,-928,-117.96389,165.307617,-928.266296
-116,-30,-927,-116.495956,55.1784744,-927.868347
-117,139,-928,-117.495934,172.03653,-928.868347
-129,139,-921,-129.498489,166.705093,-921.866882
-144,-30,-923,-143.747253,51.9984131,-923.967529
-129,139,-921,-128.747253,212.561356,-921.967529
-142,139,-925,-141.747192,253.645523,-925.967468
-144,-30,-923,-143.132294,47.2533188,-923.49707
-142,139,-925,-141.132294,260.375397,-925.49707
-149,139,-937,-148.132294,255.532684,-937.49707
-147,-30,-951,-146.035934,47.8853302,-950.734375
-149,139,-937,-148.035934,178.607758,-936.734375
-146,139,-950,-145.035965,142.526306,-949.734253
-147,-30,-951,-146.504486,49.4699173,-950.131409
-146,139,-950,-145.5047,156.03334,-949.131287
-134,139,-957,-133.504593,151.190628,-956.131348
-119,-30,-955,-119.254501,52.440609,-954.032959
-134,139,-957,-134.269608,213.003555,-956.037048
-120,139,-953,-120.254471,232.781845,-952.032959
90,-30,-538,90.2546768,52.063736,-538.96698
90,139,-540,90.2551575,211.099091,-540.966858
75,-30,-542,75.2553711,50.5361481,-542.966797
107,-30,-561,106.035706,46.1563148,-561.264832
105,139,-560,104.03569,175.436569,-560.264771
103,-30,-546,102.03566,44.7477493,-546.264648
100,-30,-574,99.132431,48.3104286,-573.502686
105,139,-560,104.132675,256.592163,-559.502258
107,-30,-561,106.132294,82.473671,-560.50293
72,-30,-570,72.4951935,55.7110939,-569.131226
85,139,-576,85.4959564,167.242935,-575.131653
85,-30,-578,85.4954071,19.0699139,-577.131348
68,-30,-555,68.9656677,58.3439064,-554.740234
70,139,-556,70.9658356,206.09613,-555.740845
72,-30,-570,72.9657364,56.705143,-569.740479
85,-30,-578,84.7442245,52.5461349,-577.033264
85,139,-576,84.7439957,211.581482,-575.033325
100,-30,-574,99.7437668,51.0185432,-573.033386
103,-30,-546,102.502876,46.9485664,-546.867676
90,139,-540,89.5027695,148.666885,-540.867615
90,-30,-538,89.5027695,13.5519676,-538.867615
75,-30,-542,75.8654404,54.9539375,-542.500977
70,139,-556,70.8654556,283.343842,-556.500977
68,-30,-555,68.8654404,92.3992691,-555.500977
100,-30,-574,99.132431,48.6723251,-573.502686
98,139,-572,97.1324997,261.796783,-571.502563
105,139,-560,104.132675,256.954071,-559.502258
103,-30,-546,102.035828,47.1654243,-546.265259
105,139,-560,104.035706,177.887848,-560.264832
102,139,-547,101.03566,141.804642,-547.264648
103,-30,-546,102.502876,47.2604637,-546.867676
102,139,-547,101.502769,153.821503,-547.867615
90,139,-540,89.5027695,148.97879,-540.867615
75,-30,-542,75.2553711,52.1039391,-542.966797
90,139,-540,90.2551575,212.66687,-540.966858
76,139,-544,76.2654877,232.445175,-544.964111
75,-30,-542,75.8654404,54.7555084,-542.500977
76,139,-544,76.8654556,214.387711,-544.500977
70,139,-556,70.8654556,283.145416,-556.500977
72,-30,-570,72.9657364,58.7623558,-569.740479
70,139,-556,70.9658356,208.153351,-555.740845
73,139,-569,73.9658356,166.924149,-568.740845
72,-30,-570,72.4951935,55.4761124,-569.131226
73,139,-569,73.495842,172.336777,-568.131592
85,139,-576,85.4959564,167.007965,-575.131653
100,-30,-574,99.7437668,52.5260353,-573.033386
85,139,-576,84.7439957,213.088974,-575.033325
98,139,-572,97.7435913,254.173141,-571.033447
190,-30,-730,190.70813,57.4968987,-730.705994
191,139,-732,191.70813,244.838882,-732.706055
179,-30,-741,179.70813,57.4968987,-741.706055
216,-30,-741,215.286179,52.322525,-741.700317
214,139,-742,213.286057,226.955383,-742.700195
205,-30,-730,204.286179,52.322525,-730.700317
216,-30,-756,215.000931,47.7128296,-756.042969
214,139,-742,213.000931,203.731873,-742.042969
216,-30,-741,215.000931,47.7128296,-741.042969
190,-30,-767,189.95723,48.4080467,-766.000916
204,139,-765,203.95723,204.427094,-764.000916
205,-30,-767,204.95723,48.4080467,-766.000916
179,-30,-756,179.708237,52.3752861,-755.294067
181,139,-755,181.709122,227.008148,-754.294922
190,-30,-767,190.708237,52.3752861,-766.294067
205,-30,-767,204.286118,49.1447258,-766.299744
204,139,-765,203.286118,213.064255,-764.299744
216,-30,-756,215.286057,49.1447258,-755.299805
205,-30,-730,204.95723,53.9931297,-730.999084
191,139,-732,190.95723,225.084518,-732.999084
190,-30,-730,189.95723,53.9931297,-730.999084
179,-30,-741,179.999115,55.2450485,-741.041992
181,139,-755,181.999115,226.336441,-755.041992
179,-30,-756,179.999115,55.2450485,-756.041992
216,-30,-756,215.000931,48.4735222,-756.042969
214,139,-755,213.000931,204.492569,-755.042969
214,139,-742,213.000931,204.492569,-742.042969
205,-30,-730,204.287857,52.3451347,-730.702026
214,139,-742,213.286469,227.00061,-742.700623
204,139,-732,203.286774,226.975479,-732.700928
205,-30,-730,204.95723,54.1132317,-730.999084
204,139,-732,203.95723,225.20462,-732.999084
191,139,-732,190.95723,225.20462,-732.999084
179,-30,-741,179.70813,57.7933846,-741.706055
191,139,-732,191.70813,245.135376,-732.706055
181,139,-742,181.710068,245.135376,-742.704102
179,-30,-741,179.999115,54.8194771,-741.041992
181,139,-742,181.999115,225.910858,-742.041992
181,139,-755,181.999115,225.910858,-755.041992
190,-30,-767,190.708237,52.433075,-766.294067
181,139,-755,181.709122,227.065933,-754.294922
191,139,-765,191.709167,227.065933,-764.294983
190,-30,-767,189.95723,48.293766,-766.000916
191,139,-765,190.95723,204.312805,-764.000916
204,139,-765,203.95723,204.312805,-764.000916
216,-30,-756,215.286057,48.9796371,-755.299805
204,139,-765,203.286118,212.89917,-764.299744
214,139,-755,213.286057,212.89917,-754.299805
-249,-30,-730,-248.288391,45.9915199,-730.702576
-248,139,-732,-247.288101,209.906326,-732.702271
-260,-30,-741,-259.289307,45.9915199,-741.703491
-223,-30,-741,-223.712326,50.4054985,-741.701843
-225,139,-742,-225.712006,225.03334,-742.702148
-234,-30,-730,-234.711029,50.4306221,-730.703125
-223,-30,-756,-223.999069,54.6497688,-756.042969
-225,139,-742,-225.999069,225.74115,-742.042969
-223,-30,-741,-223.999069,54.6497688,-741.042969
-249,-30,-767,-249.042267,56.9434319,-766.000916
-235,139,-765,-235.042267,228.034821,-764.000916
-234,-30,-767,-234.042267,56.9434319,-766.000916
-260,-30,-756,-259.288239,52.440609,-755.297607
-258,139,-755,-257.289307,227.073471,-754.296509
-249,-30,-767,-248.288223,52.440609,-766.297607
-234,-30,-767,-234.711365,58.6397209,-766.29718
-235,139,-765,-235.712051,245.979019,-764.297913
-223,-30,-756,-223.711182,58.6397209,-755.296997
-234,-30,-730,-234.042267,47.3604584,-730.999084
-248,139,-732,-248.042267,203.379501,-732.999084
-249,-30,-730,-249.042267,47.3604584,-730.999084
-260,-30,-741,-259.000885,48.3580475,-741.041992
-258,139,-755,-257.000885,204.37709,-755.041992
-260,-30,-756,-259.000885,48.3580475,-756.041992
-223,-30,-756,-223.999069,55.2502708,-756.042969
-225,139,-755,-225.999069,226.34166,-755.042969
-225,139,-742,-225.999069,226.34166,-742.042969
-234,-30,-730,-234.712006,51.4808426,-730.702148
-225,139,-742,-225.712067,226.138824,-742.702087
-235,139,-732,-235.712204,226.113708,-732.701965
-234,-30,-730,-234.042267,47.2176056,-730.999084
-235,139,-732,-235.042267,203.236649,-732.999084
-248,139,-732,-248.042267,203.236649,-732.999084
-260,-30,-741,-259.289307,46.364151,-741.703491
-248,139,-732,-247.288101,210.278961,-732.702271
-258,139,-742,-257.289001,210.278961,-742.703186
-260,-30,-741,-259.000885,47.6080704,-741.041992
-258,139,-742,-257.000885,203.627121,-742.041992
-258,139,-755,-257.000885,203.627121,-755.041992
-249,-30,-767,-248.287979,53.2144547,-766.297852
-258,139,-755,-257.292236,227.872437,-754.293579
-248,139,-765,-247.28804,227.8423,-764.297791
-249,-30,-767,-249.042267,57.0896416,-766.000916
-248,139,-765,-248.042267,228.18103,-764.000916
-235,139,-765,-235.042267,228.18103,-764.000916
-223,-30,-756,-223.711182,58.2300301,-755.296997
-235,139,-765,-235.712051,245.569321,-764.297913
-225,139,-755,-225.712006,245.569321,-754.297852
-162,254,-219,-162.99791,345.685516,-219.064377
-155,284,-312,-155.997925,314.462402,-312.064331
-162,293,-225,-162.99791,385.013458,-225.064423
